Product ID,Air Temp [K],Process Temp [K],RPM,Torque [Nm],Tool Wear [min],Failure Probability (%),Analysis Mode,Risk Status,Recommendation
AFG,4,1932,49800.0,10.86,0.87,29.36,Universal Analysis Mode,Healthy,Machine is safe. Continue regular monitoring.
AFG,4,1933,49800.0,8.82,0.67,29.34,Universal Analysis Mode,Healthy,Machine is safe. Continue regular monitoring.
AFG,4,1934,49800.0,12.72,1.0,29.82,Universal Analysis Mode,Healthy,Machine is safe. Continue regular monitoring.
AFG,4,1935,49800.0,12.04,0.97,29.47,Universal Analysis Mode,Healthy,Machine is safe. Continue regular monitoring.
AFG,4,1936,49800.0,13.38,1.09,29.77,Universal Analysis Mode,Healthy,Machine is safe. Continue regular monitoring.
AFG,4,1937,49800.0,13.98,1.18,29.54,Universal Analysis Mode,Healthy,Machine is safe. Continue regular monitoring.
AFG,4,1938,49800.0,13.66,1.13,29.57,Universal Analysis Mode,Healthy,Machine is safe. Continue regular monitoring.
AFG,4,1939,49800.0,12.5,1.02,29.49,Universal Analysis Mode,Healthy,Machine is safe. Continue regular monitoring.
AFG,4,1940,49800.0,12.38,1.02,29.42,Universal Analysis Mode,Healthy,Machine is safe. Continue regular monitoring.
AFG,4,1941,49800.0,13.18,1.14,29.44,Universal Analysis Mode,Healthy,Machine is safe. Continue regular monitoring.
AFG,4,1942,49800.0,12.42,1.19,29.26,Universal Analysis Mode,Healthy,Machine is safe. Continue regular monitoring.
AFG,4,1943,49800.0,11.81,1.2,29.0,Universal Analysis Mode,Healthy,Machine is safe. Continue regular monitoring.
AFG,4,1944,49800.0,11.71,1.21,28.96,Universal Analysis Mode,Healthy,Machine is safe. Continue regular monitoring.
AFG,4,1945,49800.0,9.93,1.05,28.62,Universal Analysis Mode,Healthy,Machine is safe. Continue regular monitoring.
AFG,4,1946,49800.0,9.77,1.12,28.51,Universal Analysis Mode,Healthy,Machine is safe. Continue regular monitoring.
AFG,4,1947,49800.0,14.48,1.9,29.46,Universal Analysis Mode,Healthy,Machine is safe. Continue regular monitoring.
AFG,4,1948,49800.0,14.07,1.99,29.49,Universal Analysis Mode,Healthy,Machine is safe. Continue regular monitoring.
AFG,4,1949,49800.0,12.71,1.78,29.04,Universal Analysis Mode,Healthy,Machine is safe. Continue regular monitoring.
AFG,4,1950,49800.0,12.08,1.71,29.22,Universal Analysis Mode,Healthy,Machine is safe. Continue regular monitoring.
AFG,4,1951,49800.0,11.2,1.71,29.04,Universal Analysis Mode,Healthy,Machine is safe. Continue regular monitoring.
AFG,4,1952,49800.0,10.96,1.71,29.03,Universal Analysis Mode,Healthy,Machine is safe. Continue regular monitoring.
AFG,4,1953,49800.0,12.27,1.93,29.54,Universal Analysis Mode,Healthy,Machine is safe. Continue regular monitoring.
AFG,4,1954,49800.0,12.21,1.93,29.45,Universal Analysis Mode,Healthy,Machine is safe. Continue regular monitoring.
AFG,4,1955,49800.0,12.27,1.93,29.11,Universal Analysis Mode,Healthy,Machine is safe. Continue regular monitoring.
AFG,4,1956,49800.0,12.07,1.93,29.1,Universal Analysis Mode,Healthy,Machine is safe. Continue regular monitoring.
AFG,4,1957,49800.0,11.48,1.9,28.84,Universal Analysis Mode,Healthy,Machine is safe. Continue regular monitoring.
AFG,4,1958,49800.0,12.25,2.08,29.3,Universal Analysis Mode,Healthy,Machine is safe. Continue regular monitoring.
AFG,4,1959,49800.0,12.14,2.08,29.33,Universal Analysis Mode,Healthy,Machine is safe. Continue regular monitoring.
AFG,4,1960,0.0,10.91,1.9,25.25,Universal Analysis Mode,Healthy,Machine is safe. Continue regular monitoring.
AFG,4,1961,0.0,10.24,1.8,25.22,Universal Analysis Mode,Healthy,Machine is safe. Continue regular monitoring.
AFG,4,1962,0.0,10.12,1.8,26.12,Universal Analysis Mode,Healthy,Machine is safe. Continue regular monitoring.
AFG,4,1963,0.0,9.99,1.8,25.97,Universal Analysis Mode,Healthy,Machine is safe. Continue regular monitoring.
AFG,4,1964,0.0,9.86,1.8,25.08,Universal Analysis Mode,Healthy,Machine is safe. Continue regular monitoring.
AFG,4,1965,0.0,9.71,1.8,25.72,Universal Analysis Mode,Healthy,Machine is safe. Continue regular monitoring.
AFG,4,1966,0.0,9.41,1.8,25.1,Universal Analysis Mode,Healthy,Machine is safe. Continue regular monitoring.
AFG,4,1967,0.0,9.16,1.8,34.62,Universal Analysis Mode,Warning,Maintenance inspection recommended soon.
AFG,4,1968,0.0,8.8,1.8,38.88,Universal Analysis Mode,Warning,Maintenance inspection recommended soon.
AFG,4,1969,0.0,8.35,1.8,39.53,Universal Analysis Mode,Warning,Maintenance inspection recommended soon.
AFG,4,1970,0.0,7.88,1.8,39.43,Universal Analysis Mode,Warning,Maintenance inspection recommended soon.
AFG,4,1971,0.0,9.41,2.24,39.83,Universal Analysis Mode,Warning,Maintenance inspection recommended soon.
AFG,4,1972,0.0,10.09,2.48,39.89,Universal Analysis Mode,Warning,Maintenance inspection recommended soon.
AFG,4,1973,0.0,12.59,3.29,40.13,Universal Analysis Mode,Warning,Maintenance inspection recommended soon.
AFG,4,1974,0.0,39.93,11.58,42.16,Universal Analysis Mode,Warning,Maintenance inspection recommended soon.
AFG,4,1975,0.0,36.44,11.53,42.46,Universal Analysis Mode,Warning,Maintenance inspection recommended soon.
AFG,4,1976,0.0,38.23,12.8,44.12,Universal Analysis Mode,Warning,Maintenance inspection recommended soon.
AFG,4,1977,0.0,39.04,13.92,45.46,Universal Analysis Mode,Warning,Maintenance inspection recommended soon.
AFG,4,1978,0.0,36.54,14.02,45.09,Universal Analysis Mode,Warning,Maintenance inspection recommended soon.
AFG,4,1979,0.0,74.02,31.61,47.4,Universal Analysis Mode,Warning,Maintenance inspection recommended soon.
AFG,4,1980,0.0,75.97,36.83,48.81,Universal Analysis Mode,Warning,Maintenance inspection recommended soon.
AFG,4,1981,0.0,67.14,35.93,49.54,Universal Analysis Mode,Warning,Maintenance inspection recommended soon.
AFG,4,1982,0.0,58.02,32.97,49.58,Universal Analysis Mode,Warning,Maintenance inspection recommended soon.
AFG,4,1983,0.0,50.39,29.55,49.12,Universal Analysis Mode,Warning,Maintenance inspection recommended soon.
AFG,4,1984,0.0,45.82,28.78,48.75,Universal Analysis Mode,Warning,Maintenance inspection recommended soon.
AFG,4,1985,0.0,43.43,27.56,48.5,Universal Analysis Mode,Warning,Maintenance inspection recommended soon.
AFG,4,1986,0.0,22.22,14.43,46.02,Universal Analysis Mode,Warning,Maintenance inspection recommended soon.
AFG,4,1987,0.0,27.46,18.44,44.79,Universal Analysis Mode,Warning,Maintenance inspection recommended soon.
AFG,4,1988,0.0,21.42,14.92,43.14,Universal Analysis Mode,Warning,Maintenance inspection recommended soon.
AFG,4,1989,0.0,24.87,18.23,43.37,Universal Analysis Mode,Warning,Maintenance inspection recommended soon.
AFG,4,1990,0.0,30.88,23.73,45.59,Universal Analysis Mode,Warning,Maintenance inspection recommended soon.
AFG,4,1991,0.0,24.95,20.0,45.61,Universal Analysis Mode,Warning,Maintenance inspection recommended soon.
AFG,4,1992,0.0,23.39,19.32,44.07,Universal Analysis Mode,Warning,Maintenance inspection recommended soon.
AFG,4,1993,0.0,20.01,16.97,43.84,Universal Analysis Mode,Warning,Maintenance inspection recommended soon.
AFG,4,1994,0.0,18.26,15.82,43.33,Universal Analysis Mode,Warning,Maintenance inspection recommended soon.
AFG,4,1995,0.0,19.1,17.02,43.3,Universal Analysis Mode,Warning,Maintenance inspection recommended soon.
AFG,4,1996,0.0,22.48,20.67,44.13,Universal Analysis Mode,Warning,Maintenance inspection recommended soon.
AFG,4,1997,0.0,20.38,19.09,44.03,Universal Analysis Mode,Warning,Maintenance inspection recommended soon.
AFG,4,1998,0.0,13.62,12.72,42.95,Universal Analysis Mode,Warning,Maintenance inspection recommended soon.
AFG,4,1999,0.0,18.56,17.97,43.74,Universal Analysis Mode,Warning,Maintenance inspection recommended soon.
AFG,4,2000,0.0,28.5,28.5,47.4,Universal Analysis Mode,Warning,Maintenance inspection recommended soon.
AFG,4,2001,0.0,23.7,24.44,36.64,Universal Analysis Mode,Warning,Maintenance inspection recommended soon.
AFG,4,2002,0.0,23.72,25.02,36.32,Universal Analysis Mode,Warning,Maintenance inspection recommended soon.
AFG,4,2003,0.0,26.54,28.83,37.96,Universal Analysis Mode,Warning,Maintenance inspection recommended soon.
AFG,4,2004,0.0,34.3,38.26,38.55,Universal Analysis Mode,Warning,Maintenance inspection recommended soon.
AFG,4,2005,0.0,47.26,54.52,40.5,Universal Analysis Mode,Warning,Maintenance inspection recommended soon.
AFG,4,2006,0.0,55.37,65.14,39.95,Universal Analysis Mode,Warning,Maintenance inspection recommended soon.
AFG,4,2007,0.0,60.12,72.39,40.69,Universal Analysis Mode,Warning,Maintenance inspection recommended soon.
AFG,4,2008,0.0,77.79,97.26,41.67,Universal Analysis Mode,Warning,Maintenance inspection recommended soon.
AFG,4,2009,0.0,49.5,61.67,37.11,Universal Analysis Mode,Warning,Maintenance inspection recommended soon.
AFG,4,2010,0.0,62.78,79.5,39.14,Universal Analysis Mode,Warning,Maintenance inspection recommended soon.
AFG,4,2011,0.0,85.17,111.26,37.35,Universal Analysis Mode,Warning,Maintenance inspection recommended soon.
AFG,4,2012,0.0,83.75,111.67,36.06,Universal Analysis Mode,Warning,Maintenance inspection recommended soon.
AFG,4,2013,0.0,80.32,108.66,37.66,Universal Analysis Mode,Warning,Maintenance inspection recommended soon.
AFG,4,2014,0.0,71.97,98.95,32.04,Universal Analysis Mode,Warning,Maintenance inspection recommended soon.
ALB,8,1932,49800.0,10.86,0.87,28.53,Universal Analysis Mode,Healthy,Machine is safe. Continue regular monitoring.
ALB,8,1933,49800.0,8.82,0.67,28.51,Universal Analysis Mode,Healthy,Machine is safe. Continue regular monitoring.
ALB,8,1934,1366.0,12.72,1.0,27.02,Universal Analysis Mode,Healthy,Machine is safe. Continue regular monitoring.
ALB,8,1935,5601.0,12.04,0.97,26.63,Universal Analysis Mode,Healthy,Machine is safe. Continue regular monitoring.
ALB,8,1936,37295.0,13.38,1.09,28.44,Universal Analysis Mode,Healthy,Machine is safe. Continue regular monitoring.
ALB,8,1937,84563.0,13.98,1.18,32.01,Universal Analysis Mode,Warning,Maintenance inspection recommended soon.
ALB,8,1938,102732.0,13.66,1.13,32.49,Universal Analysis Mode,Warning,Maintenance inspection recommended soon.
ALB,8,1939,127596.0,12.5,1.02,32.59,Universal Analysis Mode,Warning,Maintenance inspection recommended soon.
ALB,8,1940,204508.0,12.38,1.02,34.47,Universal Analysis Mode,Warning,Maintenance inspection recommended soon.
ALB,8,1941,182240.0,13.18,1.14,34.35,Universal Analysis Mode,Warning,Maintenance inspection recommended soon.
ALB,8,1942,218716.0,12.42,1.19,34.57,Universal Analysis Mode,Warning,Maintenance inspection recommended soon.
ALB,8,1943,136749.0,11.81,1.2,32.21,Universal Analysis Mode,Warning,Maintenance inspection recommended soon.
ALB,8,1944,45628.0,11.71,1.21,28.14,Universal Analysis Mode,Healthy,Machine is safe. Continue regular monitoring.
ALB,8,1945,36475.0,9.93,1.05,27.0,Universal Analysis Mode,Healthy,Machine is safe. Continue regular monitoring.
ALB,8,1946,136612.0,9.77,1.12,31.33,Universal Analysis Mode,Warning,Maintenance inspection recommended soon.
ALB,8,1947,273224.0,14.48,1.9,36.82,Universal Analysis Mode,Warning,Maintenance inspection recommended soon.
ALB,8,1948,204918.0,14.07,1.99,35.83,Universal Analysis Mode,Warning,Maintenance inspection recommended soon.
ALB,8,1949,298907.0,12.71,1.78,36.4,Universal Analysis Mode,Warning,Maintenance inspection recommended soon.
ALB,8,1950,382514.0,12.08,1.71,36.31,Universal Analysis Mode,Warning,Maintenance inspection recommended soon.
ALB,8,1951,163934.0,11.2,1.71,30.4,Universal Analysis Mode,Warning,Maintenance inspection recommended soon.
ALB,8,1952,150273.0,10.96,1.71,30.16,Universal Analysis Mode,Warning,Maintenance inspection recommended soon.
ALB,8,1953,135792.0,12.27,1.93,30.64,Universal Analysis Mode,Warning,Maintenance inspection recommended soon.
ALB,8,1954,159563.0,12.21,1.93,31.48,Universal Analysis Mode,Warning,Maintenance inspection recommended soon.
ALB,8,1955,189617.0,12.27,1.93,32.81,Universal Analysis Mode,Warning,Maintenance inspection recommended soon.
ALB,8,1956,255191.0,12.07,1.93,34.04,Universal Analysis Mode,Warning,Maintenance inspection recommended soon.
ALB,8,1957,446448.0,11.48,1.9,37.14,Universal Analysis Mode,Warning,Maintenance inspection recommended soon.
ALB,8,1958,367486.0,12.25,2.08,36.95,Universal Analysis Mode,Warning,Maintenance inspection recommended soon.
ALB,8,1959,478689.0,12.14,2.08,38.23,Universal Analysis Mode,Warning,Maintenance inspection recommended soon.
ALB,8,1960,663525.0,10.91,1.9,39.44,Universal Analysis Mode,Warning,Maintenance inspection recommended soon.
ALB,8,1961,592486.0,10.24,1.8,38.63,Universal Analysis Mode,Warning,Maintenance inspection recommended soon.
ALB,8,1962,674454.0,10.12,1.8,40.0,Universal Analysis Mode,Warning,Maintenance inspection recommended soon.
ALB,8,1963,750000.0,9.99,1.8,40.28,Universal Analysis Mode,Warning,Maintenance inspection recommended soon.
ALB,8,1964,763723.0,9.86,1.8,39.39,Universal Analysis Mode,Warning,Maintenance inspection recommended soon.
ALB,8,1965,825245.0,9.71,1.8,40.33,Universal Analysis Mode,Warning,Maintenance inspection recommended soon.
ALB,8,1966,890396.0,9.41,1.8,39.89,Universal Analysis Mode,Warning,Maintenance inspection recommended soon.
ALB,8,1967,988123.0,9.16,1.8,40.04,Universal Analysis Mode,Warning,Maintenance inspection recommended soon.
ALB,8,1968,1135000.0,8.8,1.8,40.19,Universal Analysis Mode,Warning,Maintenance inspection recommended soon.
ALB,8,1969,1269000.0,8.35,1.8,40.62,Universal Analysis Mode,Warning,Maintenance inspection recommended soon.
ALB,8,1970,1486000.0,7.88,1.8,43.57,Universal Analysis Mode,Warning,Maintenance inspection recommended soon.
ALB,8,1971,1657000.0,9.41,2.24,44.91,Universal Analysis Mode,Warning,Maintenance inspection recommended soon.
ALB,8,1972,2150000.0,10.09,2.48,45.52,Universal Analysis Mode,Warning,Maintenance inspection recommended soon.
ALB,8,1973,2107000.0,12.59,3.29,45.9,Universal Analysis Mode,Warning,Maintenance inspection recommended soon.
ALB,8,1974,1770000.0,39.93,11.58,48.39,Universal Analysis Mode,Warning,Maintenance inspection recommended soon.
ALB,8,1975,1820000.0,36.44,11.53,48.67,Universal Analysis Mode,Warning,Maintenance inspection recommended soon.
ALB,8,1976,1900000.0,38.23,12.8,50.39,Universal Analysis Mode,Warning,Maintenance inspection recommended soon.
ALB,8,1977,1950000.0,39.04,13.92,51.69,Universal Analysis Mode,Warning,Maintenance inspection recommended soon.
ALB,8,1978,2000000.0,36.54,14.02,51.31,Universal Analysis Mode,Warning,Maintenance inspection recommended soon.
ALB,8,1979,2350000.0,74.02,31.61,54.3,Universal Analysis Mode,Warning,Maintenance inspection recommended soon.
ALB,8,1980,1387000.0,75.97,36.83,55.27,Universal Analysis Mode,Warning,Maintenance inspection recommended soon.
ALB,8,1981,1875000.0,67.14,35.93,55.94,Universal Analysis Mode,Warning,Maintenance inspection recommended soon.
ALB,8,1982,1600000.0,58.02,32.97,55.85,Universal Analysis Mode,Warning,Maintenance inspection recommended soon.
ALB,8,1983,1350000.0,50.39,29.55,55.28,Universal Analysis Mode,Warning,Maintenance inspection recommended soon.
ALB,8,1984,1400000.0,45.82,28.78,54.89,Universal Analysis Mode,Warning,Maintenance inspection recommended soon.
ALB,8,1985,1188000.0,43.43,27.56,54.45,Universal Analysis Mode,Warning,Maintenance inspection recommended soon.
ALB,8,1986,1205000.0,22.22,14.43,51.69,Universal Analysis Mode,Warning,Maintenance inspection recommended soon.
ALB,8,1987,1181000.0,27.46,18.44,50.59,Universal Analysis Mode,Warning,Maintenance inspection recommended soon.
ALB,8,1988,1166000.0,21.42,14.92,48.82,Universal Analysis Mode,Warning,Maintenance inspection recommended soon.
ALB,8,1989,1128000.0,24.87,18.23,49.38,Universal Analysis Mode,Warning,Maintenance inspection recommended soon.
ALB,8,1990,1067000.0,30.88,23.73,51.38,Universal Analysis Mode,Warning,Maintenance inspection recommended soon.
ALB,8,1991,845000.0,24.95,20.0,50.99,Universal Analysis Mode,Warning,Maintenance inspection recommended soon.
ALB,8,1992,585000.0,23.39,19.32,45.42,Universal Analysis Mode,Warning,Maintenance inspection recommended soon.
ALB,8,1993,568000.0,20.01,16.97,44.34,Universal Analysis Mode,Warning,Maintenance inspection recommended soon.
ALB,8,1994,535000.0,18.26,15.82,46.79,Universal Analysis Mode,Warning,Maintenance inspection recommended soon.
ALB,8,1995,521000.0,19.1,17.02,43.51,Universal Analysis Mode,Warning,Maintenance inspection recommended soon.
ALB,8,1996,489000.0,22.48,20.67,44.47,Universal Analysis Mode,Warning,Maintenance inspection recommended soon.
ALB,8,1997,360000.0,20.38,19.09,43.07,Universal Analysis Mode,Warning,Maintenance inspection recommended soon.
ALB,8,1998,365000.0,13.62,12.72,40.6,Universal Analysis Mode,Warning,Maintenance inspection recommended soon.
ALB,8,1999,331000.0,18.56,17.97,42.05,Universal Analysis Mode,Warning,Maintenance inspection recommended soon.
ALB,8,2000,317000.0,28.5,28.5,46.44,Universal Analysis Mode,Warning,Maintenance inspection recommended soon.
ALB,8,2001,296409.6,23.7,24.44,49.02,Universal Analysis Mode,Warning,Maintenance inspection recommended soon.
ALB,8,2002,316777.8,23.72,25.02,48.92,Universal Analysis Mode,Warning,Maintenance inspection recommended soon.
ALB,8,2003,334506.6,26.54,28.83,51.71,Universal Analysis Mode,Warning,Maintenance inspection recommended soon.
ALB,8,2004,333311.4,34.3,38.26,52.69,Universal Analysis Mode,Warning,Maintenance inspection recommended soon.
ALB,8,2005,348600.0,47.26,54.52,51.62,Universal Analysis Mode,Warning,Maintenance inspection recommended soon.
ALB,8,2006,385575.01,55.37,65.14,51.15,Universal Analysis Mode,Warning,Maintenance inspection recommended soon.
ALB,8,2007,319675.16,60.12,72.39,54.13,Universal Analysis Mode,Warning,Maintenance inspection recommended soon.
ALB,8,2008,298800.0,77.79,97.26,59.0,Universal Analysis Mode,Warning,Maintenance inspection recommended soon.
ALB,8,2009,265372.75,49.5,61.67,47.45,Universal Analysis Mode,Warning,Maintenance inspection recommended soon.
ALB,8,2010,540023.23,62.78,79.5,57.46,Universal Analysis Mode,Warning,Maintenance inspection recommended soon.
ALB,8,2011,772650.49,85.17,111.26,57.37,Universal Analysis Mode,Warning,Maintenance inspection recommended soon.
ALB,8,2012,838436.29,83.75,111.67,48.75,Universal Analysis Mode,Warning,Maintenance inspection recommended soon.
ALB,8,2013,847009.36,80.32,108.66,52.32,Universal Analysis Mode,Warning,Maintenance inspection recommended soon.
ALB,8,2014,1021241.13,71.97,98.95,53.47,Universal Analysis Mode,Warning,Maintenance inspection recommended soon.
DZA,12,1932,49800.0,10.86,0.87,28.56,Universal Analysis Mode,Healthy,Machine is safe. Continue regular monitoring.
DZA,12,1933,49800.0,8.82,0.67,28.54,Universal Analysis Mode,Healthy,Machine is safe. Continue regular monitoring.
DZA,12,1934,49800.0,12.72,1.0,29.02,Universal Analysis Mode,Healthy,Machine is safe. Continue regular monitoring.
DZA,12,1935,49800.0,12.04,0.97,28.67,Universal Analysis Mode,Healthy,Machine is safe. Continue regular monitoring.
DZA,12,1936,49800.0,13.38,1.09,28.97,Universal Analysis Mode,Healthy,Machine is safe. Continue regular monitoring.
DZA,12,1937,49800.0,13.98,1.18,28.74,Universal Analysis Mode,Healthy,Machine is safe. Continue regular monitoring.
DZA,12,1938,49800.0,13.66,1.13,28.77,Universal Analysis Mode,Healthy,Machine is safe. Continue regular monitoring.
DZA,12,1939,49800.0,12.5,1.02,28.69,Universal Analysis Mode,Healthy,Machine is safe. Continue regular monitoring.
DZA,12,1940,49800.0,12.38,1.02,28.62,Universal Analysis Mode,Healthy,Machine is safe. Continue regular monitoring.
DZA,12,1941,49800.0,13.18,1.14,28.65,Universal Analysis Mode,Healthy,Machine is safe. Continue regular monitoring.
DZA,12,1942,49800.0,12.42,1.19,28.46,Universal Analysis Mode,Healthy,Machine is safe. Continue regular monitoring.
DZA,12,1943,49800.0,11.81,1.2,28.21,Universal Analysis Mode,Healthy,Machine is safe. Continue regular monitoring.
DZA,12,1944,546.0,11.71,1.21,26.77,Universal Analysis Mode,Healthy,Machine is safe. Continue regular monitoring.
DZA,12,1945,273.0,9.93,1.05,26.42,Universal Analysis Mode,Healthy,Machine is safe. Continue regular monitoring.
DZA,12,1946,137.0,9.77,1.12,26.3,Universal Analysis Mode,Healthy,Machine is safe. Continue regular monitoring.
DZA,12,1947,137.0,14.48,1.9,27.26,Universal Analysis Mode,Healthy,Machine is safe. Continue regular monitoring.
DZA,12,1948,137.0,14.07,1.99,27.28,Universal Analysis Mode,Healthy,Machine is safe. Continue regular monitoring.
DZA,12,1949,273.0,12.71,1.78,26.84,Universal Analysis Mode,Healthy,Machine is safe. Continue regular monitoring.
DZA,12,1950,3279.0,12.08,1.71,26.84,Universal Analysis Mode,Healthy,Machine is safe. Continue regular monitoring.
DZA,12,1951,6694.0,11.2,1.71,26.69,Universal Analysis Mode,Healthy,Machine is safe. Continue regular monitoring.
DZA,12,1952,47541.0,10.96,1.71,26.45,Universal Analysis Mode,Healthy,Machine is safe. Continue regular monitoring.
DZA,12,1953,87158.0,12.27,1.93,28.6,Universal Analysis Mode,Healthy,Machine is safe. Continue regular monitoring.
DZA,12,1954,77869.0,12.21,1.93,27.34,Universal Analysis Mode,Healthy,Machine is safe. Continue regular monitoring.
DZA,12,1955,59836.0,12.27,1.93,27.09,Universal Analysis Mode,Healthy,Machine is safe. Continue regular monitoring.
DZA,12,1956,34563.0,12.07,1.93,26.68,Universal Analysis Mode,Healthy,Machine is safe. Continue regular monitoring.
DZA,12,1957,13798.0,11.48,1.9,26.59,Universal Analysis Mode,Healthy,Machine is safe. Continue regular monitoring.
DZA,12,1958,452869.0,12.25,2.08,39.77,Universal Analysis Mode,Warning,Maintenance inspection recommended soon.
DZA,12,1959,1323224.0,12.14,2.08,45.99,Universal Analysis Mode,Warning,Maintenance inspection recommended soon.
DZA,12,1960,9236749.0,10.91,1.9,45.04,Universal Analysis Mode,Warning,Maintenance inspection recommended soon.
DZA,12,1961,16600000.0,10.24,1.8,48.02,Universal Analysis Mode,Warning,Maintenance inspection recommended soon.
DZA,12,1962,21600000.0,10.12,1.8,49.94,Universal Analysis Mode,Warning,Maintenance inspection recommended soon.
DZA,12,1963,25200000.0,9.99,1.8,49.89,Universal Analysis Mode,Warning,Maintenance inspection recommended soon.
DZA,12,1964,28000000.0,9.86,1.8,49.17,Universal Analysis Mode,Warning,Maintenance inspection recommended soon.
DZA,12,1965,27600000.0,9.71,1.8,49.95,Universal Analysis Mode,Warning,Maintenance inspection recommended soon.
DZA,12,1966,35100000.0,9.41,1.8,49.51,Universal Analysis Mode,Warning,Maintenance inspection recommended soon.
DZA,12,1967,40700000.0,9.16,1.8,49.52,Universal Analysis Mode,Warning,Maintenance inspection recommended soon.
DZA,12,1968,45700000.0,8.8,1.8,49.41,Universal Analysis Mode,Warning,Maintenance inspection recommended soon.
DZA,12,1969,47200000.0,8.35,1.8,49.6,Universal Analysis Mode,Warning,Maintenance inspection recommended soon.
DZA,12,1970,47200000.0,7.88,1.8,49.75,Universal Analysis Mode,Warning,Maintenance inspection recommended soon.
DZA,12,1971,36400000.0,9.41,2.24,50.17,Universal Analysis Mode,Warning,Maintenance inspection recommended soon.
DZA,12,1972,49300000.0,10.09,2.48,50.49,Universal Analysis Mode,Warning,Maintenance inspection recommended soon.
DZA,12,1973,49600000.0,12.59,3.29,51.01,Universal Analysis Mode,Warning,Maintenance inspection recommended soon.
DZA,12,1974,45900000.0,39.93,11.58,53.42,Universal Analysis Mode,Warning,Maintenance inspection recommended soon.
DZA,12,1975,44100000.0,36.44,11.53,53.72,Universal Analysis Mode,Warning,Maintenance inspection recommended soon.
DZA,12,1976,47800000.0,38.23,12.8,55.51,Universal Analysis Mode,Warning,Maintenance inspection recommended soon.
DZA,12,1977,51700000.0,39.04,13.92,56.89,Universal Analysis Mode,Warning,Maintenance inspection recommended soon.
DZA,12,1978,54000000.0,36.54,14.02,56.74,Universal Analysis Mode,Warning,Maintenance inspection recommended soon.
DZA,12,1979,53700000.0,74.02,31.61,59.46,Universal Analysis Mode,Warning,Maintenance inspection recommended soon.
DZA,12,1980,47400000.0,75.97,36.83,60.77,Universal Analysis Mode,Warning,Maintenance inspection recommended soon.
DZA,12,1981,36900000.0,67.14,35.93,61.32,Universal Analysis Mode,Warning,Maintenance inspection recommended soon.
DZA,12,1982,33500000.0,58.02,32.97,61.46,Universal Analysis Mode,Warning,Maintenance inspection recommended soon.
DZA,12,1983,31300000.0,50.39,29.55,61.06,Universal Analysis Mode,Warning,Maintenance inspection recommended soon.
DZA,12,1984,32400000.0,45.82,28.78,60.73,Universal Analysis Mode,Warning,Maintenance inspection recommended soon.
DZA,12,1985,31300000.0,43.43,27.56,60.47,Universal Analysis Mode,Warning,Maintenance inspection recommended soon.
DZA,12,1986,31300000.0,22.22,14.43,61.67,Universal Analysis Mode,Warning,Maintenance inspection recommended soon.
DZA,12,1987,30400000.0,27.46,18.44,60.8,Universal Analysis Mode,Warning,Maintenance inspection recommended soon.
DZA,12,1988,30600000.0,21.42,14.92,59.18,Universal Analysis Mode,Warning,Maintenance inspection recommended soon.
DZA,12,1989,34100000.0,24.87,18.23,59.78,Universal Analysis Mode,Warning,Maintenance inspection recommended soon.
DZA,12,1990,37000000.0,30.88,23.73,66.27,Universal Analysis Mode,Warning,Maintenance inspection recommended soon.
DZA,12,1991,37700000.0,24.95,20.0,66.19,Universal Analysis Mode,Warning,Maintenance inspection recommended soon.
DZA,12,1992,36300000.0,23.39,19.32,64.59,Universal Analysis Mode,Warning,Maintenance inspection recommended soon.
DZA,12,1993,37200000.0,20.01,16.97,64.17,Universal Analysis Mode,Warning,Maintenance inspection recommended soon.
DZA,12,1994,37400000.0,18.26,15.82,63.53,Universal Analysis Mode,Warning,Maintenance inspection recommended soon.
DZA,12,1995,56600000.0,19.1,17.02,63.77,Universal Analysis Mode,Warning,Maintenance inspection recommended soon.
DZA,12,1996,59300000.0,22.48,20.67,64.69,Universal Analysis Mode,Warning,Maintenance inspection recommended soon.
DZA,12,1997,60300000.0,20.38,19.09,64.58,Universal Analysis Mode,Warning,Maintenance inspection recommended soon.
DZA,12,1998,61800000.0,13.62,12.72,63.39,Universal Analysis Mode,Warning,Maintenance inspection recommended soon.
DZA,12,1999,63900000.0,18.56,17.97,64.36,Universal Analysis Mode,Warning,Maintenance inspection recommended soon.
DZA,12,2000,66800000.0,28.5,28.5,67.91,Universal Analysis Mode,Warning,Maintenance inspection recommended soon.
DZA,12,2001,65200000.0,23.7,24.44,67.93,Universal Analysis Mode,Warning,Maintenance inspection recommended soon.
DZA,12,2002,65000000.0,23.72,25.02,67.61,Universal Analysis Mode,Warning,Maintenance inspection recommended soon.
DZA,12,2003,80200000.0,26.54,28.83,69.97,Universal Analysis Mode,Warning,Maintenance inspection recommended soon.
DZA,12,2004,83500000.0,34.3,38.26,70.61,Universal Analysis Mode,Critical,Immediate maintenance required. High failure risk.
DZA,12,2005,89500000.0,47.26,54.52,72.03,Universal Analysis Mode,Critical,Immediate maintenance required. High failure risk.
DZA,12,2006,90300000.0,55.37,65.14,71.43,Universal Analysis Mode,Critical,Immediate maintenance required. High failure risk.
DZA,12,2007,91314179.39,60.12,72.39,71.44,Universal Analysis Mode,Critical,Immediate maintenance required. High failure risk.
DZA,12,2008,90867558.05,77.79,97.26,72.2,Universal Analysis Mode,Critical,Immediate maintenance required. High failure risk.
DZA,12,2009,88733877.55,49.5,61.67,68.91,Universal Analysis Mode,Warning,Maintenance inspection recommended soon.
DZA,12,2010,76692000.0,62.78,79.5,68.02,Universal Analysis Mode,Warning,Maintenance inspection recommended soon.
DZA,12,2011,76692000.0,85.17,111.26,67.55,Universal Analysis Mode,Warning,Maintenance inspection recommended soon.
DZA,12,2012,76305709.87,83.75,111.67,66.44,Universal Analysis Mode,Warning,Maintenance inspection recommended soon.
DZA,12,2013,72796684.84,80.32,108.66,60.56,Universal Analysis Mode,Warning,Maintenance inspection recommended soon.
DZA,12,2014,70716000.0,71.97,98.95,59.09,Universal Analysis Mode,Warning,Maintenance inspection recommended soon.
AGO,24,1932,49800.0,10.86,0.87,28.56,Universal Analysis Mode,Healthy,Machine is safe. Continue regular monitoring.
AGO,24,1933,49800.0,8.82,0.67,28.54,Universal Analysis Mode,Healthy,Machine is safe. Continue regular monitoring.
AGO,24,1934,49800.0,12.72,1.0,29.02,Universal Analysis Mode,Healthy,Machine is safe. Continue regular monitoring.
AGO,24,1935,49800.0,12.04,0.97,28.67,Universal Analysis Mode,Healthy,Machine is safe. Continue regular monitoring.
AGO,24,1936,49800.0,13.38,1.09,28.97,Universal Analysis Mode,Healthy,Machine is safe. Continue regular monitoring.
AGO,24,1937,49800.0,13.98,1.18,28.74,Universal Analysis Mode,Healthy,Machine is safe. Continue regular monitoring.
AGO,24,1938,49800.0,13.66,1.13,28.77,Universal Analysis Mode,Healthy,Machine is safe. Continue regular monitoring.
AGO,24,1939,49800.0,12.5,1.02,28.69,Universal Analysis Mode,Healthy,Machine is safe. Continue regular monitoring.
AGO,24,1940,49800.0,12.38,1.02,28.62,Universal Analysis Mode,Healthy,Machine is safe. Continue regular monitoring.
AGO,24,1941,49800.0,13.18,1.14,28.65,Universal Analysis Mode,Healthy,Machine is safe. Continue regular monitoring.
AGO,24,1942,49800.0,12.42,1.19,28.46,Universal Analysis Mode,Healthy,Machine is safe. Continue regular monitoring.
AGO,24,1943,49800.0,11.81,1.2,28.21,Universal Analysis Mode,Healthy,Machine is safe. Continue regular monitoring.
AGO,24,1944,49800.0,11.71,1.21,28.16,Universal Analysis Mode,Healthy,Machine is safe. Continue regular monitoring.
AGO,24,1945,49800.0,9.93,1.05,27.82,Universal Analysis Mode,Healthy,Machine is safe. Continue regular monitoring.
AGO,24,1946,49800.0,9.77,1.12,27.72,Universal Analysis Mode,Healthy,Machine is safe. Continue regular monitoring.
AGO,24,1947,49800.0,14.48,1.9,28.67,Universal Analysis Mode,Healthy,Machine is safe. Continue regular monitoring.
AGO,24,1948,49800.0,14.07,1.99,28.69,Universal Analysis Mode,Healthy,Machine is safe. Continue regular monitoring.
AGO,24,1949,49800.0,12.71,1.78,28.24,Universal Analysis Mode,Healthy,Machine is safe. Continue regular monitoring.
AGO,24,1950,49800.0,12.08,1.71,27.61,Universal Analysis Mode,Healthy,Machine is safe. Continue regular monitoring.
AGO,24,1951,49800.0,11.2,1.71,27.42,Universal Analysis Mode,Healthy,Machine is safe. Continue regular monitoring.
AGO,24,1952,49800.0,10.96,1.71,27.4,Universal Analysis Mode,Healthy,Machine is safe. Continue regular monitoring.
AGO,24,1953,49800.0,12.27,1.93,27.91,Universal Analysis Mode,Healthy,Machine is safe. Continue regular monitoring.
AGO,24,1954,49800.0,12.21,1.93,27.82,Universal Analysis Mode,Healthy,Machine is safe. Continue regular monitoring.
AGO,24,1955,49800.0,12.27,1.93,27.47,Universal Analysis Mode,Healthy,Machine is safe. Continue regular monitoring.
AGO,24,1956,7104.0,12.07,1.93,25.51,Universal Analysis Mode,Healthy,Machine is safe. Continue regular monitoring.
AGO,24,1957,9699.0,11.48,1.9,25.24,Universal Analysis Mode,Healthy,Machine is safe. Continue regular monitoring.
AGO,24,1958,48907.0,12.25,2.08,25.28,Universal Analysis Mode,Healthy,Machine is safe. Continue regular monitoring.
AGO,24,1959,49317.0,12.14,2.08,25.31,Universal Analysis Mode,Healthy,Machine is safe. Continue regular monitoring.
AGO,24,1960,65164.0,10.91,1.9,25.81,Universal Analysis Mode,Healthy,Machine is safe. Continue regular monitoring.
AGO,24,1961,103415.0,10.24,1.8,28.15,Universal Analysis Mode,Healthy,Machine is safe. Continue regular monitoring.
AGO,24,1962,465027.0,10.12,1.8,36.45,Universal Analysis Mode,Warning,Maintenance inspection recommended soon.
AGO,24,1963,799657.0,9.99,1.8,39.53,Universal Analysis Mode,Warning,Maintenance inspection recommended soon.
AGO,24,1964,904757.0,9.86,1.8,39.08,Universal Analysis Mode,Warning,Maintenance inspection recommended soon.
AGO,24,1965,655365.0,9.71,1.8,37.75,Universal Analysis Mode,Warning,Maintenance inspection recommended soon.
AGO,24,1966,631319.0,9.41,1.8,36.65,Universal Analysis Mode,Warning,Maintenance inspection recommended soon.
AGO,24,1967,537152.0,9.16,1.8,35.36,Universal Analysis Mode,Warning,Maintenance inspection recommended soon.
AGO,24,1968,737842.0,8.8,1.8,39.33,Universal Analysis Mode,Warning,Maintenance inspection recommended soon.
AGO,24,1969,2384699.0,8.35,1.8,44.25,Universal Analysis Mode,Warning,Maintenance inspection recommended soon.
AGO,24,1970,5065000.0,7.88,1.8,45.24,Universal Analysis Mode,Warning,Maintenance inspection recommended soon.
AGO,24,1971,5721000.0,9.41,2.24,45.73,Universal Analysis Mode,Warning,Maintenance inspection recommended soon.
AGO,24,1972,7057000.0,10.09,2.48,45.96,Universal Analysis Mode,Warning,Maintenance inspection recommended soon.
AGO,24,1973,8154000.0,12.59,3.29,46.74,Universal Analysis Mode,Warning,Maintenance inspection recommended soon.
AGO,24,1974,8541000.0,39.93,11.58,49.35,Universal Analysis Mode,Warning,Maintenance inspection recommended soon.
AGO,24,1975,7791000.0,36.44,11.53,50.33,Universal Analysis Mode,Warning,Maintenance inspection recommended soon.
AGO,24,1976,7564000.0,38.23,12.8,51.88,Universal Analysis Mode,Warning,Maintenance inspection recommended soon.
AGO,24,1977,7062000.0,39.04,13.92,53.23,Universal Analysis Mode,Warning,Maintenance inspection recommended soon.
AGO,24,1978,6469000.0,36.54,14.02,53.22,Universal Analysis Mode,Warning,Maintenance inspection recommended soon.
AGO,24,1979,7200000.0,74.02,31.61,56.17,Universal Analysis Mode,Warning,Maintenance inspection recommended soon.
AGO,24,1980,7428000.0,75.97,36.83,57.55,Universal Analysis Mode,Warning,Maintenance inspection recommended soon.
AGO,24,1981,7158000.0,67.14,35.93,57.99,Universal Analysis Mode,Warning,Maintenance inspection recommended soon.
AGO,24,1982,6400000.0,58.02,32.97,57.96,Universal Analysis Mode,Warning,Maintenance inspection recommended soon.
AGO,24,1983,8790000.0,50.39,29.55,57.72,Universal Analysis Mode,Warning,Maintenance inspection recommended soon.
AGO,24,1984,10100000.0,45.82,28.78,57.43,Universal Analysis Mode,Warning,Maintenance inspection recommended soon.
AGO,24,1985,11500000.0,43.43,27.56,57.22,Universal Analysis Mode,Warning,Maintenance inspection recommended soon.
AGO,24,1986,13900000.0,22.22,14.43,58.21,Universal Analysis Mode,Warning,Maintenance inspection recommended soon.
AGO,24,1987,17500000.0,27.46,18.44,57.57,Universal Analysis Mode,Warning,Maintenance inspection recommended soon.
AGO,24,1988,22300000.0,21.42,14.92,56.03,Universal Analysis Mode,Warning,Maintenance inspection recommended soon.
AGO,24,1989,22600000.0,24.87,18.23,56.63,Universal Analysis Mode,Warning,Maintenance inspection recommended soon.
AGO,24,1990,23400000.0,30.88,23.73,59.37,Universal Analysis Mode,Warning,Maintenance inspection recommended soon.
AGO,24,1991,24500000.0,24.95,20.0,59.19,Universal Analysis Mode,Warning,Maintenance inspection recommended soon.
AGO,24,1992,27200000.0,23.39,19.32,57.69,Universal Analysis Mode,Warning,Maintenance inspection recommended soon.
AGO,24,1993,24800000.0,20.01,16.97,57.13,Universal Analysis Mode,Warning,Maintenance inspection recommended soon.
AGO,24,1994,27400000.0,18.26,15.82,56.58,Universal Analysis Mode,Warning,Maintenance inspection recommended soon.
AGO,24,1995,31200000.0,19.1,17.02,56.68,Universal Analysis Mode,Warning,Maintenance inspection recommended soon.
AGO,24,1996,35400000.0,22.48,20.67,57.68,Universal Analysis Mode,Warning,Maintenance inspection recommended soon.
AGO,24,1997,36500000.0,20.38,19.09,57.5,Universal Analysis Mode,Warning,Maintenance inspection recommended soon.
AGO,24,1998,36000000.0,13.62,12.72,56.19,Universal Analysis Mode,Warning,Maintenance inspection recommended soon.
AGO,24,1999,36700000.0,18.56,17.97,57.19,Universal Analysis Mode,Warning,Maintenance inspection recommended soon.
AGO,24,2000,36400000.0,28.5,28.5,60.75,Universal Analysis Mode,Warning,Maintenance inspection recommended soon.
AGO,24,2001,37000000.0,23.7,24.44,61.24,Universal Analysis Mode,Warning,Maintenance inspection recommended soon.
AGO,24,2002,44600000.0,23.72,25.02,61.02,Universal Analysis Mode,Warning,Maintenance inspection recommended soon.
AGO,24,2003,44900000.0,26.54,28.83,63.28,Universal Analysis Mode,Warning,Maintenance inspection recommended soon.
AGO,24,2004,52400000.0,34.3,38.26,64.05,Universal Analysis Mode,Warning,Maintenance inspection recommended soon.
AGO,24,2005,62300000.0,47.26,54.52,65.69,Universal Analysis Mode,Warning,Maintenance inspection recommended soon.
AGO,24,2006,70400000.0,55.37,65.14,65.19,Universal Analysis Mode,Warning,Maintenance inspection recommended soon.
AGO,24,2007,86875235.97,60.12,72.39,65.38,Universal Analysis Mode,Warning,Maintenance inspection recommended soon.
AGO,24,2008,98638586.6,77.79,97.26,66.24,Universal Analysis Mode,Warning,Maintenance inspection recommended soon.
AGO,24,2009,94959049.36,49.5,61.67,62.85,Universal Analysis Mode,Warning,Maintenance inspection recommended soon.
AGO,24,2010,96538323.39,62.78,79.5,63.05,Universal Analysis Mode,Warning,Maintenance inspection recommended soon.
AGO,24,2011,88923698.71,85.17,111.26,62.58,Universal Analysis Mode,Warning,Maintenance inspection recommended soon.
AGO,24,2012,88497049.16,83.75,111.67,61.42,Universal Analysis Mode,Warning,Maintenance inspection recommended soon.
AGO,24,2013,91166744.99,80.32,108.66,57.05,Universal Analysis Mode,Warning,Maintenance inspection recommended soon.
AGO,24,2014,86732498.71,71.97,98.95,57.48,Universal Analysis Mode,Warning,Maintenance inspection recommended soon.
ARG,32,1932,1794945.0,10.86,0.87,43.15,Universal Analysis Mode,Warning,Maintenance inspection recommended soon.
ARG,32,1933,1870355.0,8.82,0.67,42.57,Universal Analysis Mode,Warning,Maintenance inspection recommended soon.
ARG,32,1934,1915847.0,12.72,1.0,44.1,Universal Analysis Mode,Warning,Maintenance inspection recommended soon.
ARG,32,1935,1953142.0,12.04,0.97,43.72,Universal Analysis Mode,Warning,Maintenance inspection recommended soon.
ARG,32,1936,2111749.0,13.38,1.09,44.54,Universal Analysis Mode,Warning,Maintenance inspection recommended soon.
ARG,32,1937,2234290.0,13.98,1.18,44.57,Universal Analysis Mode,Warning,Maintenance inspection recommended soon.
ARG,32,1938,2332787.0,13.66,1.13,44.62,Universal Analysis Mode,Warning,Maintenance inspection recommended soon.
ARG,32,1939,2542760.0,12.5,1.02,44.55,Universal Analysis Mode,Warning,Maintenance inspection recommended soon.
ARG,32,1940,2815437.0,12.38,1.02,44.67,Universal Analysis Mode,Warning,Maintenance inspection recommended soon.
ARG,32,1941,2988115.0,13.18,1.14,45.04,Universal Analysis Mode,Warning,Maintenance inspection recommended soon.
ARG,32,1942,3238251.0,12.42,1.19,45.09,Universal Analysis Mode,Warning,Maintenance inspection recommended soon.
ARG,32,1943,3786066.0,11.81,1.2,45.23,Universal Analysis Mode,Warning,Maintenance inspection recommended soon.
ARG,32,1944,3310109.0,11.71,1.21,44.87,Universal Analysis Mode,Warning,Maintenance inspection recommended soon.
ARG,32,1945,3125820.0,9.93,1.05,44.09,Universal Analysis Mode,Warning,Maintenance inspection recommended soon.
ARG,32,1946,2814754.0,9.77,1.12,43.87,Universal Analysis Mode,Warning,Maintenance inspection recommended soon.
ARG,32,1947,2984426.0,14.48,1.9,46.17,Universal Analysis Mode,Warning,Maintenance inspection recommended soon.
ARG,32,1948,3242350.0,14.07,1.99,46.4,Universal Analysis Mode,Warning,Maintenance inspection recommended soon.
ARG,32,1949,3085929.0,12.71,1.78,45.68,Universal Analysis Mode,Warning,Maintenance inspection recommended soon.
ARG,32,1950,3190301.0,12.08,1.71,45.49,Universal Analysis Mode,Warning,Maintenance inspection recommended soon.
ARG,32,1951,3342213.0,11.2,1.71,45.36,Universal Analysis Mode,Warning,Maintenance inspection recommended soon.
ARG,32,1952,3391393.0,10.96,1.71,45.36,Universal Analysis Mode,Warning,Maintenance inspection recommended soon.
ARG,32,1953,3893579.0,12.27,1.93,46.29,Universal Analysis Mode,Warning,Maintenance inspection recommended soon.
ARG,32,1954,4040027.0,12.21,1.93,46.24,Universal Analysis Mode,Warning,Maintenance inspection recommended soon.
ARG,32,1955,4166803.0,12.27,1.93,48.91,Universal Analysis Mode,Warning,Maintenance inspection recommended soon.
ARG,32,1956,4236749.0,12.07,1.93,48.85,Universal Analysis Mode,Warning,Maintenance inspection recommended soon.
ARG,32,1957,4638251.0,11.48,1.9,48.65,Universal Analysis Mode,Warning,Maintenance inspection recommended soon.
ARG,32,1958,4894672.0,12.25,2.08,49.24,Universal Analysis Mode,Warning,Maintenance inspection recommended soon.
ARG,32,1959,6107923.0,12.14,2.08,49.46,Universal Analysis Mode,Warning,Maintenance inspection recommended soon.
ARG,32,1960,8774863.0,10.91,1.9,49.73,Universal Analysis Mode,Warning,Maintenance inspection recommended soon.
ARG,32,1961,11500000.0,10.24,1.8,50.0,Universal Analysis Mode,Warning,Maintenance inspection recommended soon.
ARG,32,1962,13400000.0,10.12,1.8,51.08,Universal Analysis Mode,Warning,Maintenance inspection recommended soon.
ARG,32,1963,13300000.0,9.99,1.8,50.97,Universal Analysis Mode,Warning,Maintenance inspection recommended soon.
ARG,32,1964,13700000.0,9.86,1.8,50.08,Universal Analysis Mode,Warning,Maintenance inspection recommended soon.
ARG,32,1965,13400000.0,9.71,1.8,50.78,Universal Analysis Mode,Warning,Maintenance inspection recommended soon.
ARG,32,1966,14300000.0,9.41,1.8,50.2,Universal Analysis Mode,Warning,Maintenance inspection recommended soon.
ARG,32,1967,15700000.0,9.16,1.8,50.15,Universal Analysis Mode,Warning,Maintenance inspection recommended soon.
ARG,32,1968,17100000.0,8.8,1.8,50.0,Universal Analysis Mode,Warning,Maintenance inspection recommended soon.
ARG,32,1969,17800000.0,8.35,1.8,50.15,Universal Analysis Mode,Warning,Maintenance inspection recommended soon.
ARG,32,1970,20000000.0,7.88,1.8,50.05,Universal Analysis Mode,Warning,Maintenance inspection recommended soon.
ARG,32,1971,21600000.0,9.41,2.24,50.56,Universal Analysis Mode,Warning,Maintenance inspection recommended soon.
ARG,32,1972,22100000.0,10.09,2.48,50.66,Universal Analysis Mode,Warning,Maintenance inspection recommended soon.
ARG,32,1973,21500000.0,12.59,3.29,51.05,Universal Analysis Mode,Warning,Maintenance inspection recommended soon.
ARG,32,1974,21100000.0,39.93,11.58,53.59,Universal Analysis Mode,Warning,Maintenance inspection recommended soon.
ARG,32,1975,20800000.0,36.44,11.53,53.9,Universal Analysis Mode,Warning,Maintenance inspection recommended soon.
ARG,32,1976,20800000.0,38.23,12.8,55.62,Universal Analysis Mode,Warning,Maintenance inspection recommended soon.
ARG,32,1977,22200000.0,39.04,13.92,57.0,Universal Analysis Mode,Warning,Maintenance inspection recommended soon.
ARG,32,1978,23200000.0,36.54,14.02,56.67,Universal Analysis Mode,Warning,Maintenance inspection recommended soon.
ARG,32,1979,24300000.0,74.02,31.61,59.55,Universal Analysis Mode,Warning,Maintenance inspection recommended soon.
ARG,32,1980,25300000.0,75.97,36.83,60.95,Universal Analysis Mode,Warning,Maintenance inspection recommended soon.
ARG,32,1981,25500000.0,67.14,35.93,61.47,Universal Analysis Mode,Warning,Maintenance inspection recommended soon.
ARG,32,1982,25200000.0,58.02,32.97,61.59,Universal Analysis Mode,Warning,Maintenance inspection recommended soon.
ARG,32,1983,25200000.0,50.39,29.55,61.17,Universal Analysis Mode,Warning,Maintenance inspection recommended soon.
ARG,32,1984,24600000.0,45.82,28.78,60.8,Universal Analysis Mode,Warning,Maintenance inspection recommended soon.
ARG,32,1985,23600000.0,43.43,27.56,60.51,Universal Analysis Mode,Warning,Maintenance inspection recommended soon.
ARG,32,1986,22300000.0,22.22,14.43,61.14,Universal Analysis Mode,Warning,Maintenance inspection recommended soon.
ARG,32,1987,22600000.0,27.46,18.44,60.12,Universal Analysis Mode,Warning,Maintenance inspection recommended soon.
ARG,32,1988,23700000.0,21.42,14.92,58.56,Universal Analysis Mode,Warning,Maintenance inspection recommended soon.
ARG,32,1989,24200000.0,24.87,18.23,59.17,Universal Analysis Mode,Warning,Maintenance inspection recommended soon.
ARG,32,1990,25400000.0,30.88,23.73,57.65,Universal Analysis Mode,Warning,Maintenance inspection recommended soon.
ARG,32,1991,25900000.0,24.95,20.0,57.66,Universal Analysis Mode,Warning,Maintenance inspection recommended soon.
ARG,32,1992,29000000.0,23.39,19.32,57.5,Universal Analysis Mode,Warning,Maintenance inspection recommended soon.
ARG,32,1993,31100000.0,20.01,16.97,57.17,Universal Analysis Mode,Warning,Maintenance inspection recommended soon.
ARG,32,1994,34500000.0,18.26,15.82,56.7,Universal Analysis Mode,Warning,Maintenance inspection recommended soon.
ARG,32,1995,37500000.0,19.1,17.02,56.8,Universal Analysis Mode,Warning,Maintenance inspection recommended soon.
ARG,32,1996,40800000.0,22.48,20.67,57.74,Universal Analysis Mode,Warning,Maintenance inspection recommended soon.
ARG,32,1997,43400000.0,20.38,19.09,58.43,Universal Analysis Mode,Warning,Maintenance inspection recommended soon.
ARG,32,1998,44000000.0,13.62,12.72,57.22,Universal Analysis Mode,Warning,Maintenance inspection recommended soon.
ARG,32,1999,41700000.0,18.56,17.97,63.99,Universal Analysis Mode,Warning,Maintenance inspection recommended soon.
ARG,32,2000,40200000.0,28.5,28.5,67.58,Universal Analysis Mode,Warning,Maintenance inspection recommended soon.
ARG,32,2001,40000000.0,23.7,24.44,67.43,Universal Analysis Mode,Warning,Maintenance inspection recommended soon.
ARG,32,2002,39800000.0,23.72,25.02,67.03,Universal Analysis Mode,Warning,Maintenance inspection recommended soon.
ARG,32,2003,39000000.0,26.54,28.83,69.37,Universal Analysis Mode,Warning,Maintenance inspection recommended soon.
ARG,32,2004,36500000.0,34.3,38.26,69.96,Universal Analysis Mode,Warning,Maintenance inspection recommended soon.
ARG,32,2005,35000000.0,47.26,54.52,71.37,Universal Analysis Mode,Critical,Immediate maintenance required. High failure risk.
ARG,32,2006,34700000.0,55.37,65.14,70.64,Universal Analysis Mode,Critical,Immediate maintenance required. High failure risk.
ARG,32,2007,33803059.74,60.12,72.39,70.53,Universal Analysis Mode,Critical,Immediate maintenance required. High failure risk.
ARG,32,2008,32920338.31,77.79,97.26,65.45,Universal Analysis Mode,Warning,Maintenance inspection recommended soon.
ARG,32,2009,32565790.69,49.5,61.67,61.92,Universal Analysis Mode,Warning,Maintenance inspection recommended soon.
ARG,32,2010,31458188.89,62.78,79.5,60.94,Universal Analysis Mode,Warning,Maintenance inspection recommended soon.
ARG,32,2011,29113141.75,85.17,111.26,60.39,Universal Analysis Mode,Warning,Maintenance inspection recommended soon.
ARG,32,2012,27445764.55,83.75,111.67,59.17,Universal Analysis Mode,Warning,Maintenance inspection recommended soon.
ARG,32,2013,26884459.28,80.32,108.66,56.71,Universal Analysis Mode,Warning,Maintenance inspection recommended soon.
ARG,32,2014,26499452.0,71.97,98.95,58.56,Universal Analysis Mode,Warning,Maintenance inspection recommended soon.
ARM,51,1932,49800.0,10.86,0.87,28.61,Universal Analysis Mode,Healthy,Machine is safe. Continue regular monitoring.
ARM,51,1933,49800.0,8.82,0.67,28.59,Universal Analysis Mode,Healthy,Machine is safe. Continue regular monitoring.
ARM,51,1934,49800.0,12.72,1.0,29.07,Universal Analysis Mode,Healthy,Machine is safe. Continue regular monitoring.
ARM,51,1935,49800.0,12.04,0.97,28.72,Universal Analysis Mode,Healthy,Machine is safe. Continue regular monitoring.
ARM,51,1936,49800.0,13.38,1.09,29.03,Universal Analysis Mode,Healthy,Machine is safe. Continue regular monitoring.
ARM,51,1937,49800.0,13.98,1.18,28.79,Universal Analysis Mode,Healthy,Machine is safe. Continue regular monitoring.
ARM,51,1938,49800.0,13.66,1.13,28.82,Universal Analysis Mode,Healthy,Machine is safe. Continue regular monitoring.
ARM,51,1939,49800.0,12.5,1.02,28.75,Universal Analysis Mode,Healthy,Machine is safe. Continue regular monitoring.
ARM,51,1940,49800.0,12.38,1.02,28.67,Universal Analysis Mode,Healthy,Machine is safe. Continue regular monitoring.
ARM,51,1941,49800.0,13.18,1.14,28.7,Universal Analysis Mode,Healthy,Machine is safe. Continue regular monitoring.
ARM,51,1942,49800.0,12.42,1.19,28.51,Universal Analysis Mode,Healthy,Machine is safe. Continue regular monitoring.
ARM,51,1943,49800.0,11.81,1.2,28.26,Universal Analysis Mode,Healthy,Machine is safe. Continue regular monitoring.
ARM,51,1944,49800.0,11.71,1.21,28.22,Universal Analysis Mode,Healthy,Machine is safe. Continue regular monitoring.
ARM,51,1945,49800.0,9.93,1.05,27.88,Universal Analysis Mode,Healthy,Machine is safe. Continue regular monitoring.
ARM,51,1946,49800.0,9.77,1.12,27.77,Universal Analysis Mode,Healthy,Machine is safe. Continue regular monitoring.
ARM,51,1947,49800.0,14.48,1.9,28.72,Universal Analysis Mode,Healthy,Machine is safe. Continue regular monitoring.
ARM,51,1948,49800.0,14.07,1.99,28.74,Universal Analysis Mode,Healthy,Machine is safe. Continue regular monitoring.
ARM,51,1949,49800.0,12.71,1.78,28.29,Universal Analysis Mode,Healthy,Machine is safe. Continue regular monitoring.
ARM,51,1950,49800.0,12.08,1.71,27.34,Universal Analysis Mode,Healthy,Machine is safe. Continue regular monitoring.
ARM,51,1951,49800.0,11.2,1.71,27.15,Universal Analysis Mode,Healthy,Machine is safe. Continue regular monitoring.
ARM,51,1952,49800.0,10.96,1.71,27.13,Universal Analysis Mode,Healthy,Machine is safe. Continue regular monitoring.
ARM,51,1953,49800.0,12.27,1.93,27.64,Universal Analysis Mode,Healthy,Machine is safe. Continue regular monitoring.
ARM,51,1954,49800.0,12.21,1.93,27.54,Universal Analysis Mode,Healthy,Machine is safe. Continue regular monitoring.
ARM,51,1955,49800.0,12.27,1.93,27.2,Universal Analysis Mode,Healthy,Machine is safe. Continue regular monitoring.
ARM,51,1956,49800.0,12.07,1.93,27.18,Universal Analysis Mode,Healthy,Machine is safe. Continue regular monitoring.
ARM,51,1957,49800.0,11.48,1.9,26.92,Universal Analysis Mode,Healthy,Machine is safe. Continue regular monitoring.
ARM,51,1958,49800.0,12.25,2.08,27.36,Universal Analysis Mode,Healthy,Machine is safe. Continue regular monitoring.
ARM,51,1959,49800.0,12.14,2.08,27.39,Universal Analysis Mode,Healthy,Machine is safe. Continue regular monitoring.
ARM,51,1960,49800.0,10.91,1.9,27.33,Universal Analysis Mode,Healthy,Machine is safe. Continue regular monitoring.
ARM,51,1961,49800.0,10.24,1.8,27.28,Universal Analysis Mode,Healthy,Machine is safe. Continue regular monitoring.
ARM,51,1962,49800.0,10.12,1.8,28.15,Universal Analysis Mode,Healthy,Machine is safe. Continue regular monitoring.
ARM,51,1963,49800.0,9.99,1.8,27.98,Universal Analysis Mode,Healthy,Machine is safe. Continue regular monitoring.
ARM,51,1964,49800.0,9.86,1.8,27.07,Universal Analysis Mode,Healthy,Machine is safe. Continue regular monitoring.
ARM,51,1965,49800.0,9.71,1.8,27.68,Universal Analysis Mode,Healthy,Machine is safe. Continue regular monitoring.
ARM,51,1966,49800.0,9.41,1.8,27.03,Universal Analysis Mode,Healthy,Machine is safe. Continue regular monitoring.
ARM,51,1967,49800.0,9.16,1.8,26.91,Universal Analysis Mode,Healthy,Machine is safe. Continue regular monitoring.
ARM,51,1968,49800.0,8.8,1.8,26.67,Universal Analysis Mode,Healthy,Machine is safe. Continue regular monitoring.
ARM,51,1969,49800.0,8.35,1.8,26.79,Universal Analysis Mode,Healthy,Machine is safe. Continue regular monitoring.
ARM,51,1970,49800.0,7.88,1.8,26.54,Universal Analysis Mode,Healthy,Machine is safe. Continue regular monitoring.
ARM,51,1971,49800.0,9.41,2.24,26.88,Universal Analysis Mode,Healthy,Machine is safe. Continue regular monitoring.
ARM,51,1972,49800.0,10.09,2.48,26.89,Universal Analysis Mode,Healthy,Machine is safe. Continue regular monitoring.
ARM,51,1973,49800.0,12.59,3.29,27.13,Universal Analysis Mode,Healthy,Machine is safe. Continue regular monitoring.
ARM,51,1974,49800.0,39.93,11.58,29.0,Universal Analysis Mode,Healthy,Machine is safe. Continue regular monitoring.
ARM,51,1975,49800.0,36.44,11.53,29.27,Universal Analysis Mode,Healthy,Machine is safe. Continue regular monitoring.
ARM,51,1976,49800.0,38.23,12.8,30.86,Universal Analysis Mode,Warning,Maintenance inspection recommended soon.
ARM,51,1977,49800.0,39.04,13.92,32.06,Universal Analysis Mode,Warning,Maintenance inspection recommended soon.
ARM,51,1978,49800.0,36.54,14.02,31.74,Universal Analysis Mode,Warning,Maintenance inspection recommended soon.
ARM,51,1979,49800.0,74.02,31.61,34.11,Universal Analysis Mode,Warning,Maintenance inspection recommended soon.
ARM,51,1980,49800.0,75.97,36.83,35.35,Universal Analysis Mode,Warning,Maintenance inspection recommended soon.
ARM,51,1981,49800.0,67.14,35.93,35.84,Universal Analysis Mode,Warning,Maintenance inspection recommended soon.
ARM,51,1982,49800.0,58.02,32.97,35.92,Universal Analysis Mode,Warning,Maintenance inspection recommended soon.
ARM,51,1983,49800.0,50.39,29.55,35.53,Universal Analysis Mode,Warning,Maintenance inspection recommended soon.
ARM,51,1984,49800.0,45.82,28.78,35.15,Universal Analysis Mode,Warning,Maintenance inspection recommended soon.
ARM,51,1985,49800.0,43.43,27.56,34.88,Universal Analysis Mode,Warning,Maintenance inspection recommended soon.
ARM,51,1986,49800.0,22.22,14.43,32.48,Universal Analysis Mode,Warning,Maintenance inspection recommended soon.
ARM,51,1987,49800.0,27.46,18.44,31.55,Universal Analysis Mode,Warning,Maintenance inspection recommended soon.
ARM,51,1988,49800.0,21.42,14.92,29.97,Universal Analysis Mode,Healthy,Machine is safe. Continue regular monitoring.
ARM,51,1989,49800.0,24.87,18.23,30.4,Universal Analysis Mode,Warning,Maintenance inspection recommended soon.
ARM,51,1990,49800.0,30.88,23.73,32.38,Universal Analysis Mode,Warning,Maintenance inspection recommended soon.
ARM,51,1991,0.0,24.95,20.0,28.72,Universal Analysis Mode,Healthy,Machine is safe. Continue regular monitoring.
ARM,51,1992,0.0,23.39,19.32,23.36,Universal Analysis Mode,Healthy,Machine is safe. Continue regular monitoring.
ARM,51,1993,0.0,20.01,16.97,22.98,Universal Analysis Mode,Healthy,Machine is safe. Continue regular monitoring.
ARM,51,1994,0.0,18.26,15.82,22.37,Universal Analysis Mode,Healthy,Machine is safe. Continue regular monitoring.
ARM,51,1995,0.0,19.1,17.02,22.3,Universal Analysis Mode,Healthy,Machine is safe. Continue regular monitoring.
ARM,51,1996,0.0,22.48,20.67,23.05,Universal Analysis Mode,Healthy,Machine is safe. Continue regular monitoring.
ARM,51,1997,0.0,20.38,19.09,22.91,Universal Analysis Mode,Healthy,Machine is safe. Continue regular monitoring.
ARM,51,1998,0.0,13.62,12.72,21.88,Universal Analysis Mode,Healthy,Machine is safe. Continue regular monitoring.
ARM,51,1999,0.0,18.56,17.97,22.62,Universal Analysis Mode,Healthy,Machine is safe. Continue regular monitoring.
ARM,51,2000,0.0,28.5,28.5,25.72,Universal Analysis Mode,Healthy,Machine is safe. Continue regular monitoring.
ARM,51,2001,0.0,23.7,24.44,25.64,Universal Analysis Mode,Healthy,Machine is safe. Continue regular monitoring.
ARM,51,2002,0.0,23.72,25.02,25.27,Universal Analysis Mode,Healthy,Machine is safe. Continue regular monitoring.
ARM,51,2003,0.0,26.54,28.83,27.29,Universal Analysis Mode,Healthy,Machine is safe. Continue regular monitoring.
ARM,51,2004,0.0,34.3,38.26,27.78,Universal Analysis Mode,Healthy,Machine is safe. Continue regular monitoring.
ARM,51,2005,0.0,47.26,54.52,28.94,Universal Analysis Mode,Healthy,Machine is safe. Continue regular monitoring.
ARM,51,2006,0.0,55.37,65.14,28.4,Universal Analysis Mode,Healthy,Machine is safe. Continue regular monitoring.
ARM,51,2007,0.0,60.12,72.39,28.32,Universal Analysis Mode,Healthy,Machine is safe. Continue regular monitoring.
ARM,51,2008,0.0,77.79,97.26,28.97,Universal Analysis Mode,Healthy,Machine is safe. Continue regular monitoring.
ARM,51,2009,0.0,49.5,61.67,25.97,Universal Analysis Mode,Healthy,Machine is safe. Continue regular monitoring.
ARM,51,2010,0.0,62.78,79.5,27.0,Universal Analysis Mode,Healthy,Machine is safe. Continue regular monitoring.
ARM,51,2011,0.0,85.17,111.26,26.45,Universal Analysis Mode,Healthy,Machine is safe. Continue regular monitoring.
ARM,51,2012,0.0,83.75,111.67,25.31,Universal Analysis Mode,Healthy,Machine is safe. Continue regular monitoring.
ARM,51,2013,0.0,80.32,108.66,27.83,Universal Analysis Mode,Healthy,Machine is safe. Continue regular monitoring.
ARM,51,2014,0.0,71.97,98.95,30.42,Universal Analysis Mode,Warning,Maintenance inspection recommended soon.
AUS,36,1932,49800.0,10.86,0.87,29.76,Universal Analysis Mode,Healthy,Machine is safe. Continue regular monitoring.
AUS,36,1933,49800.0,8.82,0.67,29.75,Universal Analysis Mode,Healthy,Machine is safe. Continue regular monitoring.
AUS,36,1934,49800.0,12.72,1.0,30.24,Universal Analysis Mode,Warning,Maintenance inspection recommended soon.
AUS,36,1935,49800.0,12.04,0.97,29.9,Universal Analysis Mode,Healthy,Machine is safe. Continue regular monitoring.
AUS,36,1936,49800.0,13.38,1.09,30.21,Universal Analysis Mode,Warning,Maintenance inspection recommended soon.
AUS,36,1937,49800.0,13.98,1.18,29.99,Universal Analysis Mode,Healthy,Machine is safe. Continue regular monitoring.
AUS,36,1938,49800.0,13.66,1.13,30.03,Universal Analysis Mode,Warning,Maintenance inspection recommended soon.
AUS,36,1939,49800.0,12.5,1.02,29.96,Universal Analysis Mode,Healthy,Machine is safe. Continue regular monitoring.
AUS,36,1940,49800.0,12.38,1.02,29.9,Universal Analysis Mode,Healthy,Machine is safe. Continue regular monitoring.
AUS,36,1941,49800.0,13.18,1.14,29.94,Universal Analysis Mode,Healthy,Machine is safe. Continue regular monitoring.
AUS,36,1942,49800.0,12.42,1.19,29.76,Universal Analysis Mode,Healthy,Machine is safe. Continue regular monitoring.
AUS,36,1943,49800.0,11.81,1.2,29.52,Universal Analysis Mode,Healthy,Machine is safe. Continue regular monitoring.
AUS,36,1944,49800.0,11.71,1.21,29.49,Universal Analysis Mode,Healthy,Machine is safe. Continue regular monitoring.
AUS,36,1945,49800.0,9.93,1.05,29.16,Universal Analysis Mode,Healthy,Machine is safe. Continue regular monitoring.
AUS,36,1946,49800.0,9.77,1.12,29.07,Universal Analysis Mode,Healthy,Machine is safe. Continue regular monitoring.
AUS,36,1947,49800.0,14.48,1.9,30.04,Universal Analysis Mode,Warning,Maintenance inspection recommended soon.
AUS,36,1948,137.0,14.07,1.99,28.04,Universal Analysis Mode,Healthy,Machine is safe. Continue regular monitoring.
AUS,36,1949,137.0,12.71,1.78,27.62,Universal Analysis Mode,Healthy,Machine is safe. Continue regular monitoring.
AUS,36,1950,137.0,12.08,1.71,27.51,Universal Analysis Mode,Healthy,Machine is safe. Continue regular monitoring.
AUS,36,1951,273.0,11.2,1.71,27.37,Universal Analysis Mode,Healthy,Machine is safe. Continue regular monitoring.
AUS,36,1952,49800.0,10.96,1.71,29.39,Universal Analysis Mode,Healthy,Machine is safe. Continue regular monitoring.
AUS,36,1953,49800.0,12.27,1.93,29.92,Universal Analysis Mode,Healthy,Machine is safe. Continue regular monitoring.
AUS,36,1954,49800.0,12.21,1.93,29.85,Universal Analysis Mode,Healthy,Machine is safe. Continue regular monitoring.
AUS,36,1955,49800.0,12.27,1.93,29.53,Universal Analysis Mode,Healthy,Machine is safe. Continue regular monitoring.
AUS,36,1956,49800.0,12.07,1.93,29.54,Universal Analysis Mode,Healthy,Machine is safe. Continue regular monitoring.
AUS,36,1957,49800.0,11.48,1.9,29.3,Universal Analysis Mode,Healthy,Machine is safe. Continue regular monitoring.
AUS,36,1958,49800.0,12.25,2.08,29.77,Universal Analysis Mode,Healthy,Machine is safe. Continue regular monitoring.
AUS,36,1959,49800.0,12.14,2.08,29.83,Universal Analysis Mode,Healthy,Machine is safe. Continue regular monitoring.
AUS,36,1960,0.0,10.91,1.9,25.45,Universal Analysis Mode,Healthy,Machine is safe. Continue regular monitoring.
AUS,36,1961,0.0,10.24,1.8,29.14,Universal Analysis Mode,Healthy,Machine is safe. Continue regular monitoring.
AUS,36,1962,0.0,10.12,1.8,30.08,Universal Analysis Mode,Warning,Maintenance inspection recommended soon.
AUS,36,1963,0.0,9.99,1.8,29.95,Universal Analysis Mode,Healthy,Machine is safe. Continue regular monitoring.
AUS,36,1964,203689.0,9.86,1.8,33.68,Universal Analysis Mode,Warning,Maintenance inspection recommended soon.
AUS,36,1965,358197.0,9.71,1.8,37.57,Universal Analysis Mode,Warning,Maintenance inspection recommended soon.
AUS,36,1966,463115.0,9.41,1.8,38.5,Universal Analysis Mode,Warning,Maintenance inspection recommended soon.
AUS,36,1967,1038251.0,9.16,1.8,42.49,Universal Analysis Mode,Warning,Maintenance inspection recommended soon.
AUS,36,1968,1895765.0,8.8,1.8,45.48,Universal Analysis Mode,Warning,Maintenance inspection recommended soon.
AUS,36,1969,2153689.0,8.35,1.8,46.71,Universal Analysis Mode,Warning,Maintenance inspection recommended soon.
AUS,36,1970,8494000.0,7.88,1.8,47.99,Universal Analysis Mode,Warning,Maintenance inspection recommended soon.
AUS,36,1971,15600000.0,9.41,2.24,49.01,Universal Analysis Mode,Warning,Maintenance inspection recommended soon.
AUS,36,1972,16100000.0,10.09,2.48,49.23,Universal Analysis Mode,Warning,Maintenance inspection recommended soon.
AUS,36,1973,19100000.0,12.59,3.29,49.67,Universal Analysis Mode,Warning,Maintenance inspection recommended soon.
AUS,36,1974,18400000.0,39.93,11.58,52.28,Universal Analysis Mode,Warning,Maintenance inspection recommended soon.
AUS,36,1975,18400000.0,36.44,11.53,52.58,Universal Analysis Mode,Warning,Maintenance inspection recommended soon.
AUS,36,1976,19000000.0,38.23,12.8,54.31,Universal Analysis Mode,Warning,Maintenance inspection recommended soon.
AUS,36,1977,19600000.0,39.04,13.92,55.67,Universal Analysis Mode,Warning,Maintenance inspection recommended soon.
AUS,36,1978,20200000.0,36.54,14.02,55.36,Universal Analysis Mode,Warning,Maintenance inspection recommended soon.
AUS,36,1979,19800000.0,74.02,31.61,58.18,Universal Analysis Mode,Warning,Maintenance inspection recommended soon.
AUS,36,1980,19800000.0,75.97,36.83,59.56,Universal Analysis Mode,Warning,Maintenance inspection recommended soon.
AUS,36,1981,18300000.0,67.14,35.93,60.08,Universal Analysis Mode,Warning,Maintenance inspection recommended soon.
AUS,36,1982,18000000.0,58.02,32.97,60.18,Universal Analysis Mode,Warning,Maintenance inspection recommended soon.
AUS,36,1983,17700000.0,50.39,29.55,59.71,Universal Analysis Mode,Warning,Maintenance inspection recommended soon.
AUS,36,1984,20600000.0,45.82,28.78,57.28,Universal Analysis Mode,Warning,Maintenance inspection recommended soon.
AUS,36,1985,24600000.0,43.43,27.56,62.78,Universal Analysis Mode,Warning,Maintenance inspection recommended soon.
AUS,36,1986,25300000.0,22.22,14.43,54.49,Universal Analysis Mode,Warning,Maintenance inspection recommended soon.
AUS,36,1987,27400000.0,27.46,18.44,53.65,Universal Analysis Mode,Warning,Maintenance inspection recommended soon.
AUS,36,1988,26000000.0,21.42,14.92,51.82,Universal Analysis Mode,Warning,Maintenance inspection recommended soon.
AUS,36,1989,24500000.0,24.87,18.23,52.23,Universal Analysis Mode,Warning,Maintenance inspection recommended soon.
AUS,36,1990,28400000.0,30.88,23.73,57.76,Universal Analysis Mode,Warning,Maintenance inspection recommended soon.
AUS,36,1991,26900000.0,24.95,20.0,57.5,Universal Analysis Mode,Warning,Maintenance inspection recommended soon.
AUS,36,1992,26500000.0,23.39,19.32,55.9,Universal Analysis Mode,Warning,Maintenance inspection recommended soon.
AUS,36,1993,24900000.0,20.01,16.97,55.36,Universal Analysis Mode,Warning,Maintenance inspection recommended soon.
AUS,36,1994,26900000.0,18.26,15.82,55.02,Universal Analysis Mode,Warning,Maintenance inspection recommended soon.
AUS,36,1995,25400000.0,19.1,17.02,54.86,Universal Analysis Mode,Warning,Maintenance inspection recommended soon.
AUS,36,1996,26600000.0,22.48,20.67,55.69,Universal Analysis Mode,Warning,Maintenance inspection recommended soon.
AUS,36,1997,28800000.0,20.38,19.09,55.6,Universal Analysis Mode,Warning,Maintenance inspection recommended soon.
AUS,36,1998,27400000.0,13.62,12.72,54.37,Universal Analysis Mode,Warning,Maintenance inspection recommended soon.
AUS,36,1999,24500000.0,18.56,17.97,55.07,Universal Analysis Mode,Warning,Maintenance inspection recommended soon.
AUS,36,2000,35400000.0,28.5,28.5,66.04,Universal Analysis Mode,Warning,Maintenance inspection recommended soon.
AUS,36,2001,32700000.0,23.7,24.44,60.44,Universal Analysis Mode,Warning,Maintenance inspection recommended soon.
AUS,36,2002,31200000.0,23.72,25.02,60.0,Universal Analysis Mode,Warning,Maintenance inspection recommended soon.
AUS,36,2003,25500000.0,26.54,28.83,62.17,Universal Analysis Mode,Warning,Maintenance inspection recommended soon.
AUS,36,2004,21700000.0,34.3,38.26,62.58,Universal Analysis Mode,Warning,Maintenance inspection recommended soon.
AUS,36,2005,22200000.0,47.26,54.52,64.14,Universal Analysis Mode,Warning,Maintenance inspection recommended soon.
AUS,36,2006,21400000.0,55.37,65.14,62.04,Universal Analysis Mode,Warning,Maintenance inspection recommended soon.
AUS,36,2007,23162851.5,60.12,72.39,62.06,Universal Analysis Mode,Warning,Maintenance inspection recommended soon.
AUS,36,2008,23745619.57,77.79,97.26,64.35,Universal Analysis Mode,Warning,Maintenance inspection recommended soon.
AUS,36,2009,23676011.62,49.5,61.67,59.56,Universal Analysis Mode,Warning,Maintenance inspection recommended soon.
AUS,36,2010,24111659.03,62.78,79.5,59.3,Universal Analysis Mode,Warning,Maintenance inspection recommended soon.
AUS,36,2011,20401763.71,85.17,111.26,58.66,Universal Analysis Mode,Warning,Maintenance inspection recommended soon.
AUS,36,2012,20204785.28,83.75,111.67,57.42,Universal Analysis Mode,Warning,Maintenance inspection recommended soon.
AUS,36,2013,16831854.19,80.32,108.66,57.7,Universal Analysis Mode,Warning,Maintenance inspection recommended soon.
AUS,36,2014,17646527.91,71.97,98.95,58.02,Universal Analysis Mode,Warning,Maintenance inspection recommended soon.
AUT,40,1932,49800.0,10.86,0.87,29.79,Universal Analysis Mode,Healthy,Machine is safe. Continue regular monitoring.
AUT,40,1933,49800.0,8.82,0.67,29.78,Universal Analysis Mode,Healthy,Machine is safe. Continue regular monitoring.
AUT,40,1934,3825.0,12.72,1.0,28.29,Universal Analysis Mode,Healthy,Machine is safe. Continue regular monitoring.
AUT,40,1935,6011.0,12.04,0.97,27.95,Universal Analysis Mode,Healthy,Machine is safe. Continue regular monitoring.
AUT,40,1936,6831.0,13.38,1.09,28.25,Universal Analysis Mode,Healthy,Machine is safe. Continue regular monitoring.
AUT,40,1937,30191.0,13.98,1.18,27.85,Universal Analysis Mode,Healthy,Machine is safe. Continue regular monitoring.
AUT,40,1938,52322.0,13.66,1.13,28.26,Universal Analysis Mode,Healthy,Machine is safe. Continue regular monitoring.
AUT,40,1939,94672.0,12.5,1.02,30.55,Universal Analysis Mode,Warning,Maintenance inspection recommended soon.
AUT,40,1940,98224.0,12.38,1.02,30.51,Universal Analysis Mode,Warning,Maintenance inspection recommended soon.
AUT,40,1941,578962.0,13.18,1.14,39.41,Universal Analysis Mode,Warning,Maintenance inspection recommended soon.
AUT,40,1942,805874.0,12.42,1.19,40.52,Universal Analysis Mode,Warning,Maintenance inspection recommended soon.
AUT,40,1943,1021585.0,11.81,1.2,40.99,Universal Analysis Mode,Warning,Maintenance inspection recommended soon.
AUT,40,1944,1122678.0,11.71,1.21,41.31,Universal Analysis Mode,Warning,Maintenance inspection recommended soon.
AUT,40,1945,419945.0,9.93,1.05,35.12,Universal Analysis Mode,Warning,Maintenance inspection recommended soon.
AUT,40,1946,783333.0,9.77,1.12,38.75,Universal Analysis Mode,Warning,Maintenance inspection recommended soon.
AUT,40,1947,858607.0,14.48,1.9,42.03,Universal Analysis Mode,Warning,Maintenance inspection recommended soon.
AUT,40,1948,840027.0,14.07,1.99,41.99,Universal Analysis Mode,Warning,Maintenance inspection recommended soon.
AUT,40,1949,833333.0,12.71,1.78,41.1,Universal Analysis Mode,Warning,Maintenance inspection recommended soon.
AUT,40,1950,1393443.0,12.08,1.71,43.12,Universal Analysis Mode,Warning,Maintenance inspection recommended soon.
AUT,40,1951,2114344.0,11.2,1.71,43.72,Universal Analysis Mode,Warning,Maintenance inspection recommended soon.
AUT,40,1952,2786885.0,10.96,1.71,44.12,Universal Analysis Mode,Warning,Maintenance inspection recommended soon.
AUT,40,1953,2986339.0,12.27,1.93,44.92,Universal Analysis Mode,Warning,Maintenance inspection recommended soon.
AUT,40,1954,3196721.0,12.21,1.93,44.86,Universal Analysis Mode,Warning,Maintenance inspection recommended soon.
AUT,40,1955,3399727.0,12.27,1.93,47.47,Universal Analysis Mode,Warning,Maintenance inspection recommended soon.
AUT,40,1956,3227049.0,12.07,1.93,47.42,Universal Analysis Mode,Warning,Maintenance inspection recommended soon.
AUT,40,1957,2999317.0,11.48,1.9,47.07,Universal Analysis Mode,Warning,Maintenance inspection recommended soon.
AUT,40,1958,2670492.0,12.25,2.08,47.52,Universal Analysis Mode,Warning,Maintenance inspection recommended soon.
AUT,40,1959,2315027.0,12.14,2.08,47.56,Universal Analysis Mode,Warning,Maintenance inspection recommended soon.
AUT,40,1960,2305191.0,10.91,1.9,47.57,Universal Analysis Mode,Warning,Maintenance inspection recommended soon.
AUT,40,1961,2218169.0,10.24,1.8,47.5,Universal Analysis Mode,Warning,Maintenance inspection recommended soon.
AUT,40,1962,2280601.0,10.12,1.8,48.42,Universal Analysis Mode,Warning,Maintenance inspection recommended soon.
AUT,40,1963,2620000.0,9.99,1.8,48.3,Universal Analysis Mode,Warning,Maintenance inspection recommended soon.
AUT,40,1964,2663000.0,9.86,1.8,47.38,Universal Analysis Mode,Warning,Maintenance inspection recommended soon.
AUT,40,1965,2855000.0,9.71,1.8,48.03,Universal Analysis Mode,Warning,Maintenance inspection recommended soon.
AUT,40,1966,2757000.0,9.41,1.8,47.39,Universal Analysis Mode,Warning,Maintenance inspection recommended soon.
AUT,40,1967,2685000.0,9.16,1.8,47.22,Universal Analysis Mode,Warning,Maintenance inspection recommended soon.
AUT,40,1968,2724000.0,8.8,1.8,46.92,Universal Analysis Mode,Warning,Maintenance inspection recommended soon.
AUT,40,1969,2627869.0,8.35,1.8,46.96,Universal Analysis Mode,Warning,Maintenance inspection recommended soon.
AUT,40,1970,2798000.0,7.88,1.8,46.86,Universal Analysis Mode,Warning,Maintenance inspection recommended soon.
AUT,40,1971,2516000.0,9.41,2.24,47.21,Universal Analysis Mode,Warning,Maintenance inspection recommended soon.
AUT,40,1972,2478000.0,10.09,2.48,47.26,Universal Analysis Mode,Warning,Maintenance inspection recommended soon.
AUT,40,1973,2578000.0,12.59,3.29,47.67,Universal Analysis Mode,Warning,Maintenance inspection recommended soon.
AUT,40,1974,2238000.0,39.93,11.58,50.06,Universal Analysis Mode,Warning,Maintenance inspection recommended soon.
AUT,40,1975,2037000.0,36.44,11.53,50.28,Universal Analysis Mode,Warning,Maintenance inspection recommended soon.
AUT,40,1976,1931000.0,38.23,12.8,51.88,Universal Analysis Mode,Warning,Maintenance inspection recommended soon.
AUT,40,1977,1762000.0,39.04,13.92,53.18,Universal Analysis Mode,Warning,Maintenance inspection recommended soon.
AUT,40,1978,1791000.0,36.54,14.02,52.79,Universal Analysis Mode,Warning,Maintenance inspection recommended soon.
AUT,40,1979,1726000.0,74.02,31.61,55.54,Universal Analysis Mode,Warning,Maintenance inspection recommended soon.
AUT,40,1980,1475000.0,75.97,36.83,56.74,Universal Analysis Mode,Warning,Maintenance inspection recommended soon.
AUT,40,1981,1338000.0,67.14,35.93,57.06,Universal Analysis Mode,Warning,Maintenance inspection recommended soon.
AUT,40,1982,1290000.0,58.02,32.97,57.05,Universal Analysis Mode,Warning,Maintenance inspection recommended soon.
AUT,40,1983,1269000.0,50.39,29.55,56.48,Universal Analysis Mode,Warning,Maintenance inspection recommended soon.
AUT,40,1984,1205000.0,45.82,28.78,52.97,Universal Analysis Mode,Warning,Maintenance inspection recommended soon.
AUT,40,1985,1147000.0,43.43,27.56,52.58,Universal Analysis Mode,Warning,Maintenance inspection recommended soon.
AUT,40,1986,1116000.0,22.22,14.43,49.78,Universal Analysis Mode,Warning,Maintenance inspection recommended soon.
AUT,40,1987,1060000.0,27.46,18.44,48.8,Universal Analysis Mode,Warning,Maintenance inspection recommended soon.
AUT,40,1988,1175000.0,21.42,14.92,47.2,Universal Analysis Mode,Warning,Maintenance inspection recommended soon.
AUT,40,1989,1158000.0,24.87,18.23,48.42,Universal Analysis Mode,Warning,Maintenance inspection recommended soon.
AUT,40,1990,1149000.0,30.88,23.73,45.84,Universal Analysis Mode,Warning,Maintenance inspection recommended soon.
AUT,40,1991,1280000.0,24.95,20.0,45.74,Universal Analysis Mode,Warning,Maintenance inspection recommended soon.
AUT,40,1992,1180000.0,23.39,19.32,44.11,Universal Analysis Mode,Warning,Maintenance inspection recommended soon.
AUT,40,1993,1155000.0,20.01,16.97,44.39,Universal Analysis Mode,Warning,Maintenance inspection recommended soon.
AUT,40,1994,1100000.0,18.26,15.82,43.73,Universal Analysis Mode,Warning,Maintenance inspection recommended soon.
AUT,40,1995,1036000.0,19.1,17.02,43.69,Universal Analysis Mode,Warning,Maintenance inspection recommended soon.
AUT,40,1996,965000.0,22.48,20.67,44.41,Universal Analysis Mode,Warning,Maintenance inspection recommended soon.
AUT,40,1997,972000.0,20.38,19.09,44.19,Universal Analysis Mode,Warning,Maintenance inspection recommended soon.
AUT,40,1998,959000.0,13.62,12.72,43.05,Universal Analysis Mode,Warning,Maintenance inspection recommended soon.
AUT,40,1999,962000.0,18.56,17.97,43.93,Universal Analysis Mode,Warning,Maintenance inspection recommended soon.
AUT,40,2000,964000.0,28.5,28.5,48.24,Universal Analysis Mode,Warning,Maintenance inspection recommended soon.
AUT,40,2001,929690.8,23.7,24.44,48.08,Universal Analysis Mode,Warning,Maintenance inspection recommended soon.
AUT,40,2002,925324.84,23.72,25.02,47.65,Universal Analysis Mode,Warning,Maintenance inspection recommended soon.
AUT,40,2003,892170.49,26.54,28.83,50.06,Universal Analysis Mode,Warning,Maintenance inspection recommended soon.
AUT,40,2004,900345.65,34.3,38.26,50.62,Universal Analysis Mode,Warning,Maintenance inspection recommended soon.
AUT,40,2005,837458.71,47.26,54.52,51.97,Universal Analysis Mode,Warning,Maintenance inspection recommended soon.
AUT,40,2006,834320.32,55.37,65.14,51.31,Universal Analysis Mode,Warning,Maintenance inspection recommended soon.
AUT,40,2007,834047.91,60.12,72.39,51.32,Universal Analysis Mode,Warning,Maintenance inspection recommended soon.
AUT,40,2008,800882.11,77.79,97.26,52.03,Universal Analysis Mode,Warning,Maintenance inspection recommended soon.
AUT,40,2009,812626.94,49.5,61.67,48.53,Universal Analysis Mode,Warning,Maintenance inspection recommended soon.
AUT,40,2010,833911.46,62.78,79.5,49.15,Universal Analysis Mode,Warning,Maintenance inspection recommended soon.
AUT,40,2011,879481.45,85.17,111.26,48.69,Universal Analysis Mode,Warning,Maintenance inspection recommended soon.
AUT,40,2012,842381.94,83.75,111.67,46.8,Universal Analysis Mode,Warning,Maintenance inspection recommended soon.
AUT,40,2013,804713.22,80.32,108.66,46.95,Universal Analysis Mode,Warning,Maintenance inspection recommended soon.
AUT,40,2014,859288.54,71.97,98.95,54.36,Universal Analysis Mode,Warning,Maintenance inspection recommended soon.
AZE,31,1932,49800.0,10.86,0.87,28.56,Universal Analysis Mode,Healthy,Machine is safe. Continue regular monitoring.
AZE,31,1933,49800.0,8.82,0.67,28.55,Universal Analysis Mode,Healthy,Machine is safe. Continue regular monitoring.
AZE,31,1934,49800.0,12.72,1.0,29.02,Universal Analysis Mode,Healthy,Machine is safe. Continue regular monitoring.
AZE,31,1935,49800.0,12.04,0.97,28.67,Universal Analysis Mode,Healthy,Machine is safe. Continue regular monitoring.
AZE,31,1936,49800.0,13.38,1.09,28.98,Universal Analysis Mode,Healthy,Machine is safe. Continue regular monitoring.
AZE,31,1937,49800.0,13.98,1.18,28.74,Universal Analysis Mode,Healthy,Machine is safe. Continue regular monitoring.
AZE,31,1938,49800.0,13.66,1.13,28.77,Universal Analysis Mode,Healthy,Machine is safe. Continue regular monitoring.
AZE,31,1939,49800.0,12.5,1.02,28.7,Universal Analysis Mode,Healthy,Machine is safe. Continue regular monitoring.
AZE,31,1940,49800.0,12.38,1.02,28.62,Universal Analysis Mode,Healthy,Machine is safe. Continue regular monitoring.
AZE,31,1941,49800.0,13.18,1.14,28.65,Universal Analysis Mode,Healthy,Machine is safe. Continue regular monitoring.
AZE,31,1942,49800.0,12.42,1.19,28.46,Universal Analysis Mode,Healthy,Machine is safe. Continue regular monitoring.
AZE,31,1943,49800.0,11.81,1.2,28.21,Universal Analysis Mode,Healthy,Machine is safe. Continue regular monitoring.
AZE,31,1944,49800.0,11.71,1.21,28.17,Universal Analysis Mode,Healthy,Machine is safe. Continue regular monitoring.
AZE,31,1945,49800.0,9.93,1.05,27.83,Universal Analysis Mode,Healthy,Machine is safe. Continue regular monitoring.
AZE,31,1946,49800.0,9.77,1.12,27.72,Universal Analysis Mode,Healthy,Machine is safe. Continue regular monitoring.
AZE,31,1947,49800.0,14.48,1.9,28.67,Universal Analysis Mode,Healthy,Machine is safe. Continue regular monitoring.
AZE,31,1948,49800.0,14.07,1.99,28.69,Universal Analysis Mode,Healthy,Machine is safe. Continue regular monitoring.
AZE,31,1949,49800.0,12.71,1.78,28.25,Universal Analysis Mode,Healthy,Machine is safe. Continue regular monitoring.
AZE,31,1950,49800.0,12.08,1.71,27.48,Universal Analysis Mode,Healthy,Machine is safe. Continue regular monitoring.
AZE,31,1951,49800.0,11.2,1.71,27.3,Universal Analysis Mode,Healthy,Machine is safe. Continue regular monitoring.
AZE,31,1952,49800.0,10.96,1.71,27.29,Universal Analysis Mode,Healthy,Machine is safe. Continue regular monitoring.
AZE,31,1953,49800.0,12.27,1.93,27.81,Universal Analysis Mode,Healthy,Machine is safe. Continue regular monitoring.
AZE,31,1954,49800.0,12.21,1.93,27.71,Universal Analysis Mode,Healthy,Machine is safe. Continue regular monitoring.
AZE,31,1955,49800.0,12.27,1.93,27.37,Universal Analysis Mode,Healthy,Machine is safe. Continue regular monitoring.
AZE,31,1956,49800.0,12.07,1.93,27.35,Universal Analysis Mode,Healthy,Machine is safe. Continue regular monitoring.
AZE,31,1957,49800.0,11.48,1.9,27.09,Universal Analysis Mode,Healthy,Machine is safe. Continue regular monitoring.
AZE,31,1958,49800.0,12.25,2.08,27.54,Universal Analysis Mode,Healthy,Machine is safe. Continue regular monitoring.
AZE,31,1959,49800.0,12.14,2.08,27.57,Universal Analysis Mode,Healthy,Machine is safe. Continue regular monitoring.
AZE,31,1960,49800.0,10.91,1.9,27.52,Universal Analysis Mode,Healthy,Machine is safe. Continue regular monitoring.
AZE,31,1961,49800.0,10.24,1.8,27.47,Universal Analysis Mode,Healthy,Machine is safe. Continue regular monitoring.
AZE,31,1962,49800.0,10.12,1.8,28.34,Universal Analysis Mode,Healthy,Machine is safe. Continue regular monitoring.
AZE,31,1963,49800.0,9.99,1.8,28.17,Universal Analysis Mode,Healthy,Machine is safe. Continue regular monitoring.
AZE,31,1964,49800.0,9.86,1.8,27.27,Universal Analysis Mode,Healthy,Machine is safe. Continue regular monitoring.
AZE,31,1965,49800.0,9.71,1.8,27.89,Universal Analysis Mode,Healthy,Machine is safe. Continue regular monitoring.
AZE,31,1966,49800.0,9.41,1.8,27.25,Universal Analysis Mode,Healthy,Machine is safe. Continue regular monitoring.
AZE,31,1967,49800.0,9.16,1.8,27.13,Universal Analysis Mode,Healthy,Machine is safe. Continue regular monitoring.
AZE,31,1968,49800.0,8.8,1.8,26.89,Universal Analysis Mode,Healthy,Machine is safe. Continue regular monitoring.
AZE,31,1969,49800.0,8.35,1.8,27.01,Universal Analysis Mode,Healthy,Machine is safe. Continue regular monitoring.
AZE,31,1970,49800.0,7.88,1.8,26.76,Universal Analysis Mode,Healthy,Machine is safe. Continue regular monitoring.
AZE,31,1971,49800.0,9.41,2.24,27.1,Universal Analysis Mode,Healthy,Machine is safe. Continue regular monitoring.
AZE,31,1972,49800.0,10.09,2.48,27.12,Universal Analysis Mode,Healthy,Machine is safe. Continue regular monitoring.
AZE,31,1973,49800.0,12.59,3.29,27.34,Universal Analysis Mode,Healthy,Machine is safe. Continue regular monitoring.
AZE,31,1974,49800.0,39.93,11.58,29.22,Universal Analysis Mode,Healthy,Machine is safe. Continue regular monitoring.
AZE,31,1975,49800.0,36.44,11.53,29.47,Universal Analysis Mode,Healthy,Machine is safe. Continue regular monitoring.
AZE,31,1976,49800.0,38.23,12.8,31.06,Universal Analysis Mode,Warning,Maintenance inspection recommended soon.
AZE,31,1977,49800.0,39.04,13.92,32.26,Universal Analysis Mode,Warning,Maintenance inspection recommended soon.
AZE,31,1978,49800.0,36.54,14.02,31.92,Universal Analysis Mode,Warning,Maintenance inspection recommended soon.
AZE,31,1979,49800.0,74.02,31.61,34.29,Universal Analysis Mode,Warning,Maintenance inspection recommended soon.
AZE,31,1980,49800.0,75.97,36.83,35.52,Universal Analysis Mode,Warning,Maintenance inspection recommended soon.
AZE,31,1981,49800.0,67.14,35.93,36.4,Universal Analysis Mode,Warning,Maintenance inspection recommended soon.
AZE,31,1982,49800.0,58.02,32.97,36.49,Universal Analysis Mode,Warning,Maintenance inspection recommended soon.
AZE,31,1983,49800.0,50.39,29.55,36.37,Universal Analysis Mode,Warning,Maintenance inspection recommended soon.
AZE,31,1984,49800.0,45.82,28.78,36.01,Universal Analysis Mode,Warning,Maintenance inspection recommended soon.
AZE,31,1985,13200000.0,43.43,27.56,53.17,Universal Analysis Mode,Warning,Maintenance inspection recommended soon.
AZE,31,1986,13100000.0,22.22,14.43,50.37,Universal Analysis Mode,Warning,Maintenance inspection recommended soon.
AZE,31,1987,13900000.0,27.46,18.44,53.31,Universal Analysis Mode,Warning,Maintenance inspection recommended soon.
AZE,31,1988,13700000.0,21.42,14.92,51.55,Universal Analysis Mode,Warning,Maintenance inspection recommended soon.
AZE,31,1989,13200000.0,24.87,18.23,52.05,Universal Analysis Mode,Warning,Maintenance inspection recommended soon.
AZE,31,1990,12500000.0,30.88,23.73,54.14,Universal Analysis Mode,Warning,Maintenance inspection recommended soon.
AZE,31,1991,11700000.0,24.95,20.0,54.69,Universal Analysis Mode,Warning,Maintenance inspection recommended soon.
AZE,31,1992,11100000.0,23.39,19.32,46.2,Universal Analysis Mode,Warning,Maintenance inspection recommended soon.
AZE,31,1993,10300000.0,20.01,16.97,46.64,Universal Analysis Mode,Warning,Maintenance inspection recommended soon.
AZE,31,1994,9565000.0,18.26,15.82,45.95,Universal Analysis Mode,Warning,Maintenance inspection recommended soon.
AZE,31,1995,9160000.0,19.1,17.02,45.76,Universal Analysis Mode,Warning,Maintenance inspection recommended soon.
AZE,31,1996,9100000.0,22.48,20.67,48.76,Universal Analysis Mode,Warning,Maintenance inspection recommended soon.
AZE,31,1997,9165000.0,20.38,19.09,51.85,Universal Analysis Mode,Warning,Maintenance inspection recommended soon.
AZE,31,1998,11400000.0,13.62,12.72,55.1,Universal Analysis Mode,Warning,Maintenance inspection recommended soon.
AZE,31,1999,13800000.0,18.56,17.97,56.21,Universal Analysis Mode,Warning,Maintenance inspection recommended soon.
AZE,31,2000,14000000.0,28.5,28.5,56.83,Universal Analysis Mode,Warning,Maintenance inspection recommended soon.
AZE,31,2001,15000000.0,23.7,24.44,56.82,Universal Analysis Mode,Warning,Maintenance inspection recommended soon.
AZE,31,2002,15500000.0,23.72,25.02,56.38,Universal Analysis Mode,Warning,Maintenance inspection recommended soon.
AZE,31,2003,15900000.0,26.54,28.83,58.68,Universal Analysis Mode,Warning,Maintenance inspection recommended soon.
AZE,31,2004,15500000.0,34.3,38.26,59.28,Universal Analysis Mode,Warning,Maintenance inspection recommended soon.
AZE,31,2005,21600000.0,47.26,54.52,61.09,Universal Analysis Mode,Warning,Maintenance inspection recommended soon.
AZE,31,2006,31800000.0,55.37,65.14,60.79,Universal Analysis Mode,Warning,Maintenance inspection recommended soon.
AZE,31,2007,41935420.16,60.12,72.39,68.13,Universal Analysis Mode,Warning,Maintenance inspection recommended soon.
AZE,31,2008,43304229.43,77.79,97.26,69.1,Universal Analysis Mode,Warning,Maintenance inspection recommended soon.
AZE,31,2009,50091159.68,49.5,61.67,65.74,Universal Analysis Mode,Warning,Maintenance inspection recommended soon.
AZE,31,2010,51524444.52,62.78,79.5,66.35,Universal Analysis Mode,Warning,Maintenance inspection recommended soon.
AZE,31,2011,48953127.1,85.17,111.26,65.87,Universal Analysis Mode,Warning,Maintenance inspection recommended soon.
AZE,31,2012,45903081.77,83.75,111.67,64.62,Universal Analysis Mode,Warning,Maintenance inspection recommended soon.
AZE,31,2013,43355607.1,80.32,108.66,58.81,Universal Analysis Mode,Warning,Maintenance inspection recommended soon.
AZE,31,2014,42126843.39,71.97,98.95,57.46,Universal Analysis Mode,Warning,Maintenance inspection recommended soon.
BHS,44,1932,49800.0,10.86,0.87,28.59,Universal Analysis Mode,Healthy,Machine is safe. Continue regular monitoring.
BHS,44,1933,49800.0,8.82,0.67,28.57,Universal Analysis Mode,Healthy,Machine is safe. Continue regular monitoring.
BHS,44,1934,49800.0,12.72,1.0,29.05,Universal Analysis Mode,Healthy,Machine is safe. Continue regular monitoring.
BHS,44,1935,49800.0,12.04,0.97,28.7,Universal Analysis Mode,Healthy,Machine is safe. Continue regular monitoring.
BHS,44,1936,49800.0,13.38,1.09,29.0,Universal Analysis Mode,Healthy,Machine is safe. Continue regular monitoring.
BHS,44,1937,49800.0,13.98,1.18,28.77,Universal Analysis Mode,Healthy,Machine is safe. Continue regular monitoring.
BHS,44,1938,49800.0,13.66,1.13,28.8,Universal Analysis Mode,Healthy,Machine is safe. Continue regular monitoring.
BHS,44,1939,49800.0,12.5,1.02,28.73,Universal Analysis Mode,Healthy,Machine is safe. Continue regular monitoring.
BHS,44,1940,49800.0,12.38,1.02,28.65,Universal Analysis Mode,Healthy,Machine is safe. Continue regular monitoring.
BHS,44,1941,49800.0,13.18,1.14,28.68,Universal Analysis Mode,Healthy,Machine is safe. Continue regular monitoring.
BHS,44,1942,49800.0,12.42,1.19,28.49,Universal Analysis Mode,Healthy,Machine is safe. Continue regular monitoring.
BHS,44,1943,49800.0,11.81,1.2,28.24,Universal Analysis Mode,Healthy,Machine is safe. Continue regular monitoring.
BHS,44,1944,49800.0,11.71,1.21,28.2,Universal Analysis Mode,Healthy,Machine is safe. Continue regular monitoring.
BHS,44,1945,49800.0,9.93,1.05,27.85,Universal Analysis Mode,Healthy,Machine is safe. Continue regular monitoring.
BHS,44,1946,49800.0,9.77,1.12,27.75,Universal Analysis Mode,Healthy,Machine is safe. Continue regular monitoring.
BHS,44,1947,49800.0,14.48,1.9,28.7,Universal Analysis Mode,Healthy,Machine is safe. Continue regular monitoring.
BHS,44,1948,49800.0,14.07,1.99,28.72,Universal Analysis Mode,Healthy,Machine is safe. Continue regular monitoring.
BHS,44,1949,49800.0,12.71,1.78,28.27,Universal Analysis Mode,Healthy,Machine is safe. Continue regular monitoring.
BHS,44,1950,49800.0,12.08,1.71,26.94,Universal Analysis Mode,Healthy,Machine is safe. Continue regular monitoring.
BHS,44,1951,49800.0,11.2,1.71,26.75,Universal Analysis Mode,Healthy,Machine is safe. Continue regular monitoring.
BHS,44,1952,49800.0,10.96,1.71,26.73,Universal Analysis Mode,Healthy,Machine is safe. Continue regular monitoring.
BHS,44,1953,49800.0,12.27,1.93,27.23,Universal Analysis Mode,Healthy,Machine is safe. Continue regular monitoring.
BHS,44,1954,49800.0,12.21,1.93,27.13,Universal Analysis Mode,Healthy,Machine is safe. Continue regular monitoring.
BHS,44,1955,49800.0,12.27,1.93,26.78,Universal Analysis Mode,Healthy,Machine is safe. Continue regular monitoring.
BHS,44,1956,49800.0,12.07,1.93,26.76,Universal Analysis Mode,Healthy,Machine is safe. Continue regular monitoring.
BHS,44,1957,49800.0,11.48,1.9,26.48,Universal Analysis Mode,Healthy,Machine is safe. Continue regular monitoring.
BHS,44,1958,49800.0,12.25,2.08,26.93,Universal Analysis Mode,Healthy,Machine is safe. Continue regular monitoring.
BHS,44,1959,49800.0,12.14,2.08,26.95,Universal Analysis Mode,Healthy,Machine is safe. Continue regular monitoring.
BHS,44,1960,49800.0,10.91,1.9,26.88,Universal Analysis Mode,Healthy,Machine is safe. Continue regular monitoring.
BHS,44,1961,49800.0,10.24,1.8,26.82,Universal Analysis Mode,Healthy,Machine is safe. Continue regular monitoring.
BHS,44,1962,49800.0,10.12,1.8,27.68,Universal Analysis Mode,Healthy,Machine is safe. Continue regular monitoring.
BHS,44,1963,49800.0,9.99,1.8,27.5,Universal Analysis Mode,Healthy,Machine is safe. Continue regular monitoring.
BHS,44,1964,49800.0,9.86,1.8,26.59,Universal Analysis Mode,Healthy,Machine is safe. Continue regular monitoring.
BHS,44,1965,49800.0,9.71,1.8,27.19,Universal Analysis Mode,Healthy,Machine is safe. Continue regular monitoring.
BHS,44,1966,49800.0,9.41,1.8,26.54,Universal Analysis Mode,Healthy,Machine is safe. Continue regular monitoring.
BHS,44,1967,49800.0,9.16,1.8,26.42,Universal Analysis Mode,Healthy,Machine is safe. Continue regular monitoring.
BHS,44,1968,49800.0,8.8,1.8,26.18,Universal Analysis Mode,Healthy,Machine is safe. Continue regular monitoring.
BHS,44,1969,49800.0,8.35,1.8,26.29,Universal Analysis Mode,Healthy,Machine is safe. Continue regular monitoring.
BHS,44,1970,49800.0,7.88,1.8,26.04,Universal Analysis Mode,Healthy,Machine is safe. Continue regular monitoring.
BHS,44,1971,49800.0,9.41,2.24,26.37,Universal Analysis Mode,Healthy,Machine is safe. Continue regular monitoring.
BHS,44,1972,49800.0,10.09,2.48,26.38,Universal Analysis Mode,Healthy,Machine is safe. Continue regular monitoring.
BHS,44,1973,0.0,12.59,3.29,23.07,Universal Analysis Mode,Healthy,Machine is safe. Continue regular monitoring.
BHS,44,1974,0.0,39.93,11.58,24.94,Universal Analysis Mode,Healthy,Machine is safe. Continue regular monitoring.
BHS,44,1975,0.0,36.44,11.53,25.2,Universal Analysis Mode,Healthy,Machine is safe. Continue regular monitoring.
BHS,44,1976,0.0,38.23,12.8,26.78,Universal Analysis Mode,Healthy,Machine is safe. Continue regular monitoring.
BHS,44,1977,0.0,39.04,13.92,27.98,Universal Analysis Mode,Healthy,Machine is safe. Continue regular monitoring.
BHS,44,1978,0.0,36.54,14.02,27.64,Universal Analysis Mode,Healthy,Machine is safe. Continue regular monitoring.
BHS,44,1979,0.0,74.02,31.61,30.02,Universal Analysis Mode,Warning,Maintenance inspection recommended soon.
BHS,44,1980,0.0,75.97,36.83,31.24,Universal Analysis Mode,Warning,Maintenance inspection recommended soon.
BHS,44,1981,0.0,67.14,35.93,31.73,Universal Analysis Mode,Warning,Maintenance inspection recommended soon.
BHS,44,1982,0.0,58.02,32.97,31.81,Universal Analysis Mode,Warning,Maintenance inspection recommended soon.
BHS,44,1983,0.0,50.39,29.55,31.42,Universal Analysis Mode,Warning,Maintenance inspection recommended soon.
BHS,44,1984,0.0,45.82,28.78,31.04,Universal Analysis Mode,Warning,Maintenance inspection recommended soon.
BHS,44,1985,0.0,43.43,27.56,30.77,Universal Analysis Mode,Warning,Maintenance inspection recommended soon.
BHS,44,1986,0.0,22.22,14.43,28.36,Universal Analysis Mode,Healthy,Machine is safe. Continue regular monitoring.
BHS,44,1987,0.0,27.46,18.44,27.43,Universal Analysis Mode,Healthy,Machine is safe. Continue regular monitoring.
BHS,44,1988,0.0,21.42,14.92,25.84,Universal Analysis Mode,Healthy,Machine is safe. Continue regular monitoring.
BHS,44,1989,0.0,24.87,18.23,26.3,Universal Analysis Mode,Healthy,Machine is safe. Continue regular monitoring.
BHS,44,1990,0.0,30.88,23.73,28.27,Universal Analysis Mode,Healthy,Machine is safe. Continue regular monitoring.
BHS,44,1991,0.0,24.95,20.0,28.15,Universal Analysis Mode,Healthy,Machine is safe. Continue regular monitoring.
BHS,44,1992,0.0,23.39,19.32,26.61,Universal Analysis Mode,Healthy,Machine is safe. Continue regular monitoring.
BHS,44,1993,0.0,20.01,16.97,26.2,Universal Analysis Mode,Healthy,Machine is safe. Continue regular monitoring.
BHS,44,1994,0.0,18.26,15.82,25.64,Universal Analysis Mode,Healthy,Machine is safe. Continue regular monitoring.
BHS,44,1995,0.0,19.1,17.02,25.56,Universal Analysis Mode,Healthy,Machine is safe. Continue regular monitoring.
BHS,44,1996,0.0,22.48,20.67,26.33,Universal Analysis Mode,Healthy,Machine is safe. Continue regular monitoring.
BHS,44,1997,0.0,20.38,19.09,26.14,Universal Analysis Mode,Healthy,Machine is safe. Continue regular monitoring.
BHS,44,1998,0.0,13.62,12.72,25.11,Universal Analysis Mode,Healthy,Machine is safe. Continue regular monitoring.
BHS,44,1999,0.0,18.56,17.97,25.85,Universal Analysis Mode,Healthy,Machine is safe. Continue regular monitoring.
BHS,44,2000,0.0,28.5,28.5,29.01,Universal Analysis Mode,Healthy,Machine is safe. Continue regular monitoring.
BHS,44,2001,0.0,23.7,24.44,28.94,Universal Analysis Mode,Healthy,Machine is safe. Continue regular monitoring.
BHS,44,2002,0.0,23.72,25.02,28.52,Universal Analysis Mode,Healthy,Machine is safe. Continue regular monitoring.
BHS,44,2003,0.0,26.54,28.83,30.63,Universal Analysis Mode,Warning,Maintenance inspection recommended soon.
BHS,44,2004,0.0,34.3,38.26,31.12,Universal Analysis Mode,Warning,Maintenance inspection recommended soon.
BHS,44,2005,0.0,47.26,54.52,32.37,Universal Analysis Mode,Warning,Maintenance inspection recommended soon.
BHS,44,2006,0.0,55.37,65.14,31.79,Universal Analysis Mode,Warning,Maintenance inspection recommended soon.
BHS,44,2007,0.0,60.12,72.39,31.74,Universal Analysis Mode,Warning,Maintenance inspection recommended soon.
BHS,44,2008,0.0,77.79,97.26,32.4,Universal Analysis Mode,Warning,Maintenance inspection recommended soon.
BHS,44,2009,0.0,49.5,61.67,29.29,Universal Analysis Mode,Healthy,Machine is safe. Continue regular monitoring.
BHS,44,2010,0.0,62.78,79.5,30.55,Universal Analysis Mode,Warning,Maintenance inspection recommended soon.
BHS,44,2011,0.0,85.17,111.26,30.01,Universal Analysis Mode,Warning,Maintenance inspection recommended soon.
BHS,44,2012,0.0,83.75,111.67,28.89,Universal Analysis Mode,Healthy,Machine is safe. Continue regular monitoring.
BHS,44,2013,0.0,80.32,108.66,29.12,Universal Analysis Mode,Healthy,Machine is safe. Continue regular monitoring.
BHS,44,2014,0.0,71.97,98.95,30.16,Universal Analysis Mode,Warning,Maintenance inspection recommended soon.
BHR,48,1932,49800.0,10.86,0.87,28.6,Universal Analysis Mode,Healthy,Machine is safe. Continue regular monitoring.
BHR,48,1933,4234.97,8.82,0.67,27.21,Universal Analysis Mode,Healthy,Machine is safe. Continue regular monitoring.
BHR,48,1934,38934.43,12.72,1.0,27.52,Universal Analysis Mode,Healthy,Machine is safe. Continue regular monitoring.
BHR,48,1935,172814.2,12.04,0.97,29.37,Universal Analysis Mode,Healthy,Machine is safe. Continue regular monitoring.
BHR,48,1936,634562.8,13.38,1.09,35.78,Universal Analysis Mode,Warning,Maintenance inspection recommended soon.
BHR,48,1937,1060383.0,13.98,1.18,37.04,Universal Analysis Mode,Warning,Maintenance inspection recommended soon.
BHR,48,1938,1133607.0,13.66,1.13,37.19,Universal Analysis Mode,Warning,Maintenance inspection recommended soon.
BHR,48,1939,1036885.0,12.5,1.02,36.54,Universal Analysis Mode,Warning,Maintenance inspection recommended soon.
BHR,48,1940,966393.4,12.38,1.02,36.25,Universal Analysis Mode,Warning,Maintenance inspection recommended soon.
BHR,48,1941,928142.1,13.18,1.14,36.37,Universal Analysis Mode,Warning,Maintenance inspection recommended soon.
BHR,48,1942,852595.6,12.42,1.19,35.89,Universal Analysis Mode,Warning,Maintenance inspection recommended soon.
BHR,48,1943,897814.2,11.81,1.2,35.7,Universal Analysis Mode,Warning,Maintenance inspection recommended soon.
BHR,48,1944,917213.1,11.71,1.21,35.7,Universal Analysis Mode,Warning,Maintenance inspection recommended soon.
BHR,48,1945,997267.8,9.93,1.05,35.18,Universal Analysis Mode,Warning,Maintenance inspection recommended soon.
BHR,48,1946,1094262.0,9.77,1.12,35.36,Universal Analysis Mode,Warning,Maintenance inspection recommended soon.
BHR,48,1947,1285656.0,14.48,1.9,38.33,Universal Analysis Mode,Warning,Maintenance inspection recommended soon.
BHR,48,1948,1491120.0,14.07,1.99,38.51,Universal Analysis Mode,Warning,Maintenance inspection recommended soon.
BHR,48,1949,1377732.0,12.71,1.78,37.87,Universal Analysis Mode,Warning,Maintenance inspection recommended soon.
BHR,48,1950,1504918.0,12.08,1.71,41.94,Universal Analysis Mode,Warning,Maintenance inspection recommended soon.
BHR,48,1951,1501913.0,11.2,1.71,41.59,Universal Analysis Mode,Warning,Maintenance inspection recommended soon.
BHR,48,1952,1503279.0,10.96,1.71,41.51,Universal Analysis Mode,Warning,Maintenance inspection recommended soon.
BHR,48,1953,1499317.0,12.27,1.93,42.31,Universal Analysis Mode,Warning,Maintenance inspection recommended soon.
BHR,48,1954,1501639.0,12.21,1.93,42.2,Universal Analysis Mode,Warning,Maintenance inspection recommended soon.
BHR,48,1955,1500273.0,12.27,1.93,41.85,Universal Analysis Mode,Warning,Maintenance inspection recommended soon.
BHR,48,1956,1504781.0,12.07,1.93,41.82,Universal Analysis Mode,Warning,Maintenance inspection recommended soon.
BHR,48,1957,1584836.0,11.48,1.9,41.57,Universal Analysis Mode,Warning,Maintenance inspection recommended soon.
BHR,48,1958,2031831.0,12.25,2.08,42.46,Universal Analysis Mode,Warning,Maintenance inspection recommended soon.
BHR,48,1959,2250273.0,12.14,2.08,42.64,Universal Analysis Mode,Warning,Maintenance inspection recommended soon.
BHR,48,1960,2254098.0,10.91,1.9,42.43,Universal Analysis Mode,Warning,Maintenance inspection recommended soon.
BHR,48,1961,2246448.0,10.24,1.8,42.27,Universal Analysis Mode,Warning,Maintenance inspection recommended soon.
BHR,48,1962,2246721.0,10.12,1.8,43.12,Universal Analysis Mode,Warning,Maintenance inspection recommended soon.
BHR,48,1963,2255191.0,9.99,1.8,45.51,Universal Analysis Mode,Warning,Maintenance inspection recommended soon.
BHR,48,1964,2459017.0,9.86,1.8,44.71,Universal Analysis Mode,Warning,Maintenance inspection recommended soon.
BHR,48,1965,2832377.0,9.71,1.8,45.55,Universal Analysis Mode,Warning,Maintenance inspection recommended soon.
BHR,48,1966,3076639.0,9.41,1.8,45.01,Universal Analysis Mode,Warning,Maintenance inspection recommended soon.
BHR,48,1967,3465847.0,9.16,1.8,45.1,Universal Analysis Mode,Warning,Maintenance inspection recommended soon.
BHR,48,1968,3770219.0,8.8,1.8,45.2,Universal Analysis Mode,Warning,Maintenance inspection recommended soon.
BHR,48,1969,3794262.0,8.35,1.8,45.3,Universal Analysis Mode,Warning,Maintenance inspection recommended soon.
BHR,48,1970,3822131.0,7.88,1.8,44.94,Universal Analysis Mode,Warning,Maintenance inspection recommended soon.
BHR,48,1971,3735792.0,9.41,2.24,46.16,Universal Analysis Mode,Warning,Maintenance inspection recommended soon.
BHR,48,1972,3484700.0,10.09,2.48,46.45,Universal Analysis Mode,Warning,Maintenance inspection recommended soon.
BHR,48,1973,3408197.0,12.59,3.29,46.84,Universal Analysis Mode,Warning,Maintenance inspection recommended soon.
BHR,48,1974,3360246.0,39.93,11.58,49.31,Universal Analysis Mode,Warning,Maintenance inspection recommended soon.
BHR,48,1975,3075000.0,36.44,11.53,49.54,Universal Analysis Mode,Warning,Maintenance inspection recommended soon.
BHR,48,1976,2908060.0,38.23,12.8,51.2,Universal Analysis Mode,Warning,Maintenance inspection recommended soon.
BHR,48,1977,2901093.0,39.04,13.92,52.53,Universal Analysis Mode,Warning,Maintenance inspection recommended soon.
BHR,48,1978,2758197.0,36.54,14.02,52.16,Universal Analysis Mode,Warning,Maintenance inspection recommended soon.
BHR,48,1979,2560246.0,74.02,31.61,54.88,Universal Analysis Mode,Warning,Maintenance inspection recommended soon.
BHR,48,1980,2505191.0,75.97,36.83,56.17,Universal Analysis Mode,Warning,Maintenance inspection recommended soon.
BHR,48,1981,2317213.0,67.14,35.93,56.62,Universal Analysis Mode,Warning,Maintenance inspection recommended soon.
BHR,48,1982,2194945.0,58.02,32.97,56.67,Universal Analysis Mode,Warning,Maintenance inspection recommended soon.
BHR,48,1983,2071585.0,50.39,29.55,56.2,Universal Analysis Mode,Warning,Maintenance inspection recommended soon.
BHR,48,1984,2088661.0,45.82,28.78,55.8,Universal Analysis Mode,Warning,Maintenance inspection recommended soon.
BHR,48,1985,2090301.0,43.43,27.56,55.67,Universal Analysis Mode,Warning,Maintenance inspection recommended soon.
BHR,48,1986,2115301.0,22.22,14.43,49.9,Universal Analysis Mode,Warning,Maintenance inspection recommended soon.
BHR,48,1987,2100683.0,27.46,18.44,48.89,Universal Analysis Mode,Warning,Maintenance inspection recommended soon.
BHR,48,1988,2140847.0,21.42,14.92,47.21,Universal Analysis Mode,Warning,Maintenance inspection recommended soon.
BHR,48,1989,2130465.0,24.87,18.23,47.71,Universal Analysis Mode,Warning,Maintenance inspection recommended soon.
BHR,48,1990,2168716.0,30.88,23.73,49.03,Universal Analysis Mode,Warning,Maintenance inspection recommended soon.
BHR,48,1991,2108470.0,24.95,20.0,48.87,Universal Analysis Mode,Warning,Maintenance inspection recommended soon.
BHR,48,1992,2065984.0,23.39,19.32,47.29,Universal Analysis Mode,Warning,Maintenance inspection recommended soon.
BHR,48,1993,2032104.0,20.01,16.97,46.86,Universal Analysis Mode,Warning,Maintenance inspection recommended soon.
BHR,48,1994,2007514.0,18.26,15.82,46.23,Universal Analysis Mode,Warning,Maintenance inspection recommended soon.
BHR,48,1995,1976503.0,19.1,17.02,46.26,Universal Analysis Mode,Warning,Maintenance inspection recommended soon.
BHR,48,1996,1929508.0,22.48,20.67,46.94,Universal Analysis Mode,Warning,Maintenance inspection recommended soon.
BHR,48,1997,1934290.0,20.38,19.09,46.78,Universal Analysis Mode,Warning,Maintenance inspection recommended soon.
BHR,48,1998,1878415.0,13.62,12.72,45.61,Universal Analysis Mode,Warning,Maintenance inspection recommended soon.
BHR,48,1999,1867486.0,18.56,17.97,46.37,Universal Analysis Mode,Warning,Maintenance inspection recommended soon.
BHR,48,2000,1880601.0,28.5,28.5,49.93,Universal Analysis Mode,Warning,Maintenance inspection recommended soon.
BHR,48,2001,1842600.0,23.7,24.44,49.89,Universal Analysis Mode,Warning,Maintenance inspection recommended soon.
BHR,48,2002,1832640.0,23.72,25.02,49.45,Universal Analysis Mode,Warning,Maintenance inspection recommended soon.
BHR,48,2003,1874073.6,26.54,28.83,51.83,Universal Analysis Mode,Warning,Maintenance inspection recommended soon.
BHR,48,2004,1842600.0,34.3,38.26,52.39,Universal Analysis Mode,Warning,Maintenance inspection recommended soon.
BHR,48,2005,1820667.2,47.26,54.52,53.92,Universal Analysis Mode,Warning,Maintenance inspection recommended soon.
BHR,48,2006,1784794.0,55.37,65.14,53.2,Universal Analysis Mode,Warning,Maintenance inspection recommended soon.
BHR,48,2007,1743000.0,60.12,72.39,53.18,Universal Analysis Mode,Warning,Maintenance inspection recommended soon.
BHR,48,2008,1743000.0,77.79,97.26,54.03,Universal Analysis Mode,Warning,Maintenance inspection recommended soon.
BHR,48,2009,1743000.0,49.5,61.67,51.2,Universal Analysis Mode,Warning,Maintenance inspection recommended soon.
BHR,48,2010,1743000.0,62.78,79.5,51.77,Universal Analysis Mode,Warning,Maintenance inspection recommended soon.
BHR,48,2011,1743000.0,85.17,111.26,51.26,Universal Analysis Mode,Warning,Maintenance inspection recommended soon.
BHR,48,2012,2041800.0,83.75,111.67,50.82,Universal Analysis Mode,Warning,Maintenance inspection recommended soon.
BHR,48,2013,2390400.0,80.32,108.66,54.62,Universal Analysis Mode,Warning,Maintenance inspection recommended soon.
BHR,48,2014,2465304.68,71.97,98.95,55.58,Universal Analysis Mode,Warning,Maintenance inspection recommended soon.
BGD,50,1932,49800.0,10.86,0.87,28.6,Universal Analysis Mode,Healthy,Machine is safe. Continue regular monitoring.
BGD,50,1933,49800.0,8.82,0.67,28.59,Universal Analysis Mode,Healthy,Machine is safe. Continue regular monitoring.
BGD,50,1934,49800.0,12.72,1.0,29.06,Universal Analysis Mode,Healthy,Machine is safe. Continue regular monitoring.
BGD,50,1935,49800.0,12.04,0.97,28.71,Universal Analysis Mode,Healthy,Machine is safe. Continue regular monitoring.
BGD,50,1936,49800.0,13.38,1.09,29.02,Universal Analysis Mode,Healthy,Machine is safe. Continue regular monitoring.
BGD,50,1937,49800.0,13.98,1.18,28.78,Universal Analysis Mode,Healthy,Machine is safe. Continue regular monitoring.
BGD,50,1938,49800.0,13.66,1.13,28.81,Universal Analysis Mode,Healthy,Machine is safe. Continue regular monitoring.
BGD,50,1939,49800.0,12.5,1.02,28.74,Universal Analysis Mode,Healthy,Machine is safe. Continue regular monitoring.
BGD,50,1940,49800.0,12.38,1.02,28.66,Universal Analysis Mode,Healthy,Machine is safe. Continue regular monitoring.
BGD,50,1941,49800.0,13.18,1.14,28.69,Universal Analysis Mode,Healthy,Machine is safe. Continue regular monitoring.
BGD,50,1942,49800.0,12.42,1.19,28.5,Universal Analysis Mode,Healthy,Machine is safe. Continue regular monitoring.
BGD,50,1943,49800.0,11.81,1.2,28.25,Universal Analysis Mode,Healthy,Machine is safe. Continue regular monitoring.
BGD,50,1944,49800.0,11.71,1.21,28.21,Universal Analysis Mode,Healthy,Machine is safe. Continue regular monitoring.
BGD,50,1945,49800.0,9.93,1.05,27.87,Universal Analysis Mode,Healthy,Machine is safe. Continue regular monitoring.
BGD,50,1946,49800.0,9.77,1.12,27.76,Universal Analysis Mode,Healthy,Machine is safe. Continue regular monitoring.
BGD,50,1947,49800.0,14.48,1.9,28.71,Universal Analysis Mode,Healthy,Machine is safe. Continue regular monitoring.
BGD,50,1948,49800.0,14.07,1.99,28.73,Universal Analysis Mode,Healthy,Machine is safe. Continue regular monitoring.
BGD,50,1949,49800.0,12.71,1.78,28.29,Universal Analysis Mode,Healthy,Machine is safe. Continue regular monitoring.
BGD,50,1950,49800.0,12.08,1.71,31.57,Universal Analysis Mode,Warning,Maintenance inspection recommended soon.
BGD,50,1951,49800.0,11.2,1.71,31.38,Universal Analysis Mode,Warning,Maintenance inspection recommended soon.
BGD,50,1952,49800.0,10.96,1.71,31.36,Universal Analysis Mode,Warning,Maintenance inspection recommended soon.
BGD,50,1953,49800.0,12.27,1.93,31.87,Universal Analysis Mode,Warning,Maintenance inspection recommended soon.
BGD,50,1954,49800.0,12.21,1.93,31.77,Universal Analysis Mode,Warning,Maintenance inspection recommended soon.
BGD,50,1955,49800.0,12.27,1.93,31.43,Universal Analysis Mode,Warning,Maintenance inspection recommended soon.
BGD,50,1956,49800.0,12.07,1.93,31.41,Universal Analysis Mode,Warning,Maintenance inspection recommended soon.
BGD,50,1957,49800.0,11.48,1.9,31.15,Universal Analysis Mode,Warning,Maintenance inspection recommended soon.
BGD,50,1958,49800.0,12.25,2.08,31.59,Universal Analysis Mode,Warning,Maintenance inspection recommended soon.
BGD,50,1959,49800.0,12.14,2.08,31.62,Universal Analysis Mode,Warning,Maintenance inspection recommended soon.
BGD,50,1960,49800.0,10.91,1.9,31.55,Universal Analysis Mode,Warning,Maintenance inspection recommended soon.
BGD,50,1961,49800.0,10.24,1.8,31.5,Universal Analysis Mode,Warning,Maintenance inspection recommended soon.
BGD,50,1962,49800.0,10.12,1.8,32.37,Universal Analysis Mode,Warning,Maintenance inspection recommended soon.
BGD,50,1963,49800.0,9.99,1.8,32.2,Universal Analysis Mode,Warning,Maintenance inspection recommended soon.
BGD,50,1964,49800.0,9.86,1.8,31.29,Universal Analysis Mode,Warning,Maintenance inspection recommended soon.
BGD,50,1965,49800.0,9.71,1.8,31.89,Universal Analysis Mode,Warning,Maintenance inspection recommended soon.
BGD,50,1966,49800.0,9.41,1.8,31.25,Universal Analysis Mode,Warning,Maintenance inspection recommended soon.
BGD,50,1967,49800.0,9.16,1.8,31.13,Universal Analysis Mode,Warning,Maintenance inspection recommended soon.
BGD,50,1968,49800.0,8.8,1.8,30.89,Universal Analysis Mode,Warning,Maintenance inspection recommended soon.
BGD,50,1969,49800.0,8.35,1.8,31.01,Universal Analysis Mode,Warning,Maintenance inspection recommended soon.
BGD,50,1970,49800.0,7.88,1.8,30.75,Universal Analysis Mode,Warning,Maintenance inspection recommended soon.
BGD,50,1971,0.0,9.41,2.24,33.86,Universal Analysis Mode,Warning,Maintenance inspection recommended soon.
BGD,50,1972,0.0,10.09,2.48,33.85,Universal Analysis Mode,Warning,Maintenance inspection recommended soon.
BGD,50,1973,5000.0,12.59,3.29,35.53,Universal Analysis Mode,Warning,Maintenance inspection recommended soon.
BGD,50,1974,5000.0,39.93,11.58,37.59,Universal Analysis Mode,Warning,Maintenance inspection recommended soon.
BGD,50,1975,5000.0,36.44,11.53,37.44,Universal Analysis Mode,Warning,Maintenance inspection recommended soon.
BGD,50,1976,7000.0,38.23,12.8,41.92,Universal Analysis Mode,Warning,Maintenance inspection recommended soon.
BGD,50,1977,7000.0,39.04,13.92,44.63,Universal Analysis Mode,Warning,Maintenance inspection recommended soon.
BGD,50,1978,6000.0,36.54,14.02,44.14,Universal Analysis Mode,Warning,Maintenance inspection recommended soon.
BGD,50,1979,7000.0,74.02,31.61,46.93,Universal Analysis Mode,Warning,Maintenance inspection recommended soon.
BGD,50,1980,6000.0,75.97,36.83,48.9,Universal Analysis Mode,Warning,Maintenance inspection recommended soon.
BGD,50,1981,6000.0,67.14,35.93,49.88,Universal Analysis Mode,Warning,Maintenance inspection recommended soon.
BGD,50,1982,9000.0,58.02,32.97,51.26,Universal Analysis Mode,Warning,Maintenance inspection recommended soon.
BGD,50,1983,11000.0,50.39,29.55,50.8,Universal Analysis Mode,Warning,Maintenance inspection recommended soon.
BGD,50,1984,20000.0,45.82,28.78,50.97,Universal Analysis Mode,Warning,Maintenance inspection recommended soon.
BGD,50,1985,22000.0,43.43,27.56,50.82,Universal Analysis Mode,Warning,Maintenance inspection recommended soon.
BGD,50,1986,23000.0,22.22,14.43,45.52,Universal Analysis Mode,Warning,Maintenance inspection recommended soon.
BGD,50,1987,25000.0,27.46,18.44,44.03,Universal Analysis Mode,Warning,Maintenance inspection recommended soon.
BGD,50,1988,27000.0,21.42,14.92,42.45,Universal Analysis Mode,Warning,Maintenance inspection recommended soon.
BGD,50,1989,27000.0,24.87,18.23,43.08,Universal Analysis Mode,Warning,Maintenance inspection recommended soon.
BGD,50,1990,19000.0,30.88,23.73,44.8,Universal Analysis Mode,Warning,Maintenance inspection recommended soon.
BGD,50,1991,16000.0,24.95,20.0,44.9,Universal Analysis Mode,Warning,Maintenance inspection recommended soon.
BGD,50,1992,30000.0,23.39,19.32,43.11,Universal Analysis Mode,Warning,Maintenance inspection recommended soon.
BGD,50,1993,40000.0,20.01,16.97,42.85,Universal Analysis Mode,Warning,Maintenance inspection recommended soon.
BGD,50,1994,100000.0,18.26,15.82,44.91,Universal Analysis Mode,Warning,Maintenance inspection recommended soon.
BGD,50,1995,5000.0,19.1,17.02,41.83,Universal Analysis Mode,Warning,Maintenance inspection recommended soon.
BGD,50,1996,100000.0,22.48,20.67,46.24,Universal Analysis Mode,Warning,Maintenance inspection recommended soon.
BGD,50,1997,100000.0,20.38,19.09,45.92,Universal Analysis Mode,Warning,Maintenance inspection recommended soon.
BGD,50,1998,100000.0,13.62,12.72,43.97,Universal Analysis Mode,Warning,Maintenance inspection recommended soon.
BGD,50,1999,100000.0,18.56,17.97,45.22,Universal Analysis Mode,Warning,Maintenance inspection recommended soon.
BGD,50,2000,200000.0,28.5,28.5,52.02,Universal Analysis Mode,Warning,Maintenance inspection recommended soon.
BGD,50,2001,168364.84,23.7,24.44,51.38,Universal Analysis Mode,Warning,Maintenance inspection recommended soon.
BGD,50,2002,298800.0,23.72,25.02,52.41,Universal Analysis Mode,Warning,Maintenance inspection recommended soon.
BGD,50,2003,298800.0,26.54,28.83,55.16,Universal Analysis Mode,Warning,Maintenance inspection recommended soon.
BGD,50,2004,298800.0,34.3,38.26,55.82,Universal Analysis Mode,Warning,Maintenance inspection recommended soon.
BGD,50,2005,298800.0,47.26,54.52,57.39,Universal Analysis Mode,Warning,Maintenance inspection recommended soon.
BGD,50,2006,298800.0,55.37,65.14,56.64,Universal Analysis Mode,Warning,Maintenance inspection recommended soon.
BGD,50,2007,298800.0,60.12,72.39,56.63,Universal Analysis Mode,Warning,Maintenance inspection recommended soon.
BGD,50,2008,282200.17,77.79,97.26,57.47,Universal Analysis Mode,Warning,Maintenance inspection recommended soon.
BGD,50,2009,249000.0,49.5,61.67,53.78,Universal Analysis Mode,Warning,Maintenance inspection recommended soon.
BGD,50,2010,249000.0,62.78,79.5,53.48,Universal Analysis Mode,Warning,Maintenance inspection recommended soon.
BGD,50,2011,249000.0,85.17,111.26,52.9,Universal Analysis Mode,Warning,Maintenance inspection recommended soon.
BGD,50,2012,232400.17,83.75,111.67,42.3,Universal Analysis Mode,Warning,Maintenance inspection recommended soon.
BGD,50,2013,199200.0,80.32,108.66,54.55,Universal Analysis Mode,Warning,Maintenance inspection recommended soon.
BGD,50,2014,199200.0,71.97,98.95,55.68,Universal Analysis Mode,Warning,Maintenance inspection recommended soon.
BRB,52,1932,49800.0,10.86,0.87,28.62,Universal Analysis Mode,Healthy,Machine is safe. Continue regular monitoring.
BRB,52,1933,49800.0,8.82,0.67,28.6,Universal Analysis Mode,Healthy,Machine is safe. Continue regular monitoring.
BRB,52,1934,49800.0,12.72,1.0,29.08,Universal Analysis Mode,Healthy,Machine is safe. Continue regular monitoring.
BRB,52,1935,49800.0,12.04,0.97,28.73,Universal Analysis Mode,Healthy,Machine is safe. Continue regular monitoring.
BRB,52,1936,49800.0,13.38,1.09,29.03,Universal Analysis Mode,Healthy,Machine is safe. Continue regular monitoring.
BRB,52,1937,49800.0,13.98,1.18,28.8,Universal Analysis Mode,Healthy,Machine is safe. Continue regular monitoring.
BRB,52,1938,49800.0,13.66,1.13,28.83,Universal Analysis Mode,Healthy,Machine is safe. Continue regular monitoring.
BRB,52,1939,49800.0,12.5,1.02,28.75,Universal Analysis Mode,Healthy,Machine is safe. Continue regular monitoring.
BRB,52,1940,49800.0,12.38,1.02,28.68,Universal Analysis Mode,Healthy,Machine is safe. Continue regular monitoring.
BRB,52,1941,49800.0,13.18,1.14,28.71,Universal Analysis Mode,Healthy,Machine is safe. Continue regular monitoring.
BRB,52,1942,49800.0,12.42,1.19,28.52,Universal Analysis Mode,Healthy,Machine is safe. Continue regular monitoring.
BRB,52,1943,49800.0,11.81,1.2,28.27,Universal Analysis Mode,Healthy,Machine is safe. Continue regular monitoring.
BRB,52,1944,137.0,11.71,1.21,26.81,Universal Analysis Mode,Healthy,Machine is safe. Continue regular monitoring.
BRB,52,1945,273.0,9.93,1.05,26.48,Universal Analysis Mode,Healthy,Machine is safe. Continue regular monitoring.
BRB,52,1946,137.0,9.77,1.12,26.36,Universal Analysis Mode,Healthy,Machine is safe. Continue regular monitoring.
BRB,52,1947,49800.0,14.48,1.9,28.73,Universal Analysis Mode,Healthy,Machine is safe. Continue regular monitoring.
BRB,52,1948,49800.0,14.07,1.99,28.75,Universal Analysis Mode,Healthy,Machine is safe. Continue regular monitoring.
BRB,52,1949,49800.0,12.71,1.78,28.3,Universal Analysis Mode,Healthy,Machine is safe. Continue regular monitoring.
BRB,52,1950,49800.0,12.08,1.71,27.03,Universal Analysis Mode,Healthy,Machine is safe. Continue regular monitoring.
BRB,52,1951,49800.0,11.2,1.71,26.83,Universal Analysis Mode,Healthy,Machine is safe. Continue regular monitoring.
BRB,52,1952,49800.0,10.96,1.71,26.81,Universal Analysis Mode,Healthy,Machine is safe. Continue regular monitoring.
BRB,52,1953,49800.0,12.27,1.93,27.32,Universal Analysis Mode,Healthy,Machine is safe. Continue regular monitoring.
BRB,52,1954,49800.0,12.21,1.93,27.21,Universal Analysis Mode,Healthy,Machine is safe. Continue regular monitoring.
BRB,52,1955,49800.0,12.27,1.93,29.04,Universal Analysis Mode,Healthy,Machine is safe. Continue regular monitoring.
BRB,52,1956,49800.0,12.07,1.93,29.03,Universal Analysis Mode,Healthy,Machine is safe. Continue regular monitoring.
BRB,52,1957,49800.0,11.48,1.9,28.68,Universal Analysis Mode,Healthy,Machine is safe. Continue regular monitoring.
BRB,52,1958,49800.0,12.25,2.08,27.97,Universal Analysis Mode,Healthy,Machine is safe. Continue regular monitoring.
BRB,52,1959,49800.0,12.14,2.08,28.01,Universal Analysis Mode,Healthy,Machine is safe. Continue regular monitoring.
BRB,52,1960,49800.0,10.91,1.9,27.92,Universal Analysis Mode,Healthy,Machine is safe. Continue regular monitoring.
BRB,52,1961,49800.0,10.24,1.8,29.09,Universal Analysis Mode,Healthy,Machine is safe. Continue regular monitoring.
BRB,52,1962,49800.0,10.12,1.8,30.02,Universal Analysis Mode,Warning,Maintenance inspection recommended soon.
BRB,52,1963,49800.0,9.99,1.8,29.86,Universal Analysis Mode,Healthy,Machine is safe. Continue regular monitoring.
BRB,52,1964,49800.0,9.86,1.8,28.78,Universal Analysis Mode,Healthy,Machine is safe. Continue regular monitoring.
BRB,52,1965,49800.0,9.71,1.8,29.43,Universal Analysis Mode,Healthy,Machine is safe. Continue regular monitoring.
BRB,52,1966,0.0,9.41,1.8,27.87,Universal Analysis Mode,Healthy,Machine is safe. Continue regular monitoring.
BRB,52,1967,0.0,9.16,1.8,27.71,Universal Analysis Mode,Healthy,Machine is safe. Continue regular monitoring.
BRB,52,1968,1000.0,8.8,1.8,28.44,Universal Analysis Mode,Healthy,Machine is safe. Continue regular monitoring.
BRB,52,1969,1000.0,8.35,1.8,28.56,Universal Analysis Mode,Healthy,Machine is safe. Continue regular monitoring.
BRB,52,1970,1000.0,7.88,1.8,28.94,Universal Analysis Mode,Healthy,Machine is safe. Continue regular monitoring.
BRB,52,1971,1000.0,9.41,2.24,29.23,Universal Analysis Mode,Healthy,Machine is safe. Continue regular monitoring.
BRB,52,1972,1000.0,10.09,2.48,28.6,Universal Analysis Mode,Healthy,Machine is safe. Continue regular monitoring.
BRB,52,1973,2000.0,12.59,3.29,29.67,Universal Analysis Mode,Healthy,Machine is safe. Continue regular monitoring.
BRB,52,1974,8000.0,39.93,11.58,34.68,Universal Analysis Mode,Warning,Maintenance inspection recommended soon.
BRB,52,1975,17000.0,36.44,11.53,34.94,Universal Analysis Mode,Warning,Maintenance inspection recommended soon.
BRB,52,1976,20000.0,38.23,12.8,36.52,Universal Analysis Mode,Warning,Maintenance inspection recommended soon.
BRB,52,1977,17000.0,39.04,13.92,37.75,Universal Analysis Mode,Warning,Maintenance inspection recommended soon.
BRB,52,1978,37000.0,36.54,14.02,39.34,Universal Analysis Mode,Warning,Maintenance inspection recommended soon.
BRB,52,1979,39000.0,74.02,31.61,44.75,Universal Analysis Mode,Warning,Maintenance inspection recommended soon.
BRB,52,1980,42000.0,75.97,36.83,46.46,Universal Analysis Mode,Warning,Maintenance inspection recommended soon.
BRB,52,1981,29000.0,67.14,35.93,45.8,Universal Analysis Mode,Warning,Maintenance inspection recommended soon.
BRB,52,1982,35000.0,58.02,32.97,46.04,Universal Analysis Mode,Warning,Maintenance inspection recommended soon.
BRB,52,1983,55000.0,50.39,29.55,47.02,Universal Analysis Mode,Warning,Maintenance inspection recommended soon.
BRB,52,1984,87000.0,45.82,28.78,48.21,Universal Analysis Mode,Warning,Maintenance inspection recommended soon.
BRB,52,1985,93000.0,43.43,27.56,48.01,Universal Analysis Mode,Warning,Maintenance inspection recommended soon.
BRB,52,1986,78000.0,22.22,14.43,40.51,Universal Analysis Mode,Warning,Maintenance inspection recommended soon.
BRB,52,1987,68000.0,27.46,18.44,39.59,Universal Analysis Mode,Warning,Maintenance inspection recommended soon.
BRB,52,1988,60000.0,21.42,14.92,36.32,Universal Analysis Mode,Warning,Maintenance inspection recommended soon.
BRB,52,1989,53000.0,24.87,18.23,36.88,Universal Analysis Mode,Warning,Maintenance inspection recommended soon.
BRB,52,1990,62000.0,30.88,23.73,39.9,Universal Analysis Mode,Warning,Maintenance inspection recommended soon.
BRB,52,1991,60000.0,24.95,20.0,38.21,Universal Analysis Mode,Warning,Maintenance inspection recommended soon.
BRB,52,1992,60000.0,23.39,19.32,36.61,Universal Analysis Mode,Warning,Maintenance inspection recommended soon.
BRB,52,1993,60000.0,20.01,16.97,36.01,Universal Analysis Mode,Warning,Maintenance inspection recommended soon.
BRB,52,1994,60000.0,18.26,15.82,35.31,Universal Analysis Mode,Warning,Maintenance inspection recommended soon.
BRB,52,1995,60000.0,19.1,17.02,35.32,Universal Analysis Mode,Warning,Maintenance inspection recommended soon.
BRB,52,1996,48000.0,22.48,20.67,35.47,Universal Analysis Mode,Warning,Maintenance inspection recommended soon.
BRB,52,1997,49500.0,20.38,19.09,35.18,Universal Analysis Mode,Warning,Maintenance inspection recommended soon.
BRB,52,1998,84000.0,13.62,12.72,42.51,Universal Analysis Mode,Warning,Maintenance inspection recommended soon.
BRB,52,1999,99273.0,18.56,17.97,45.31,Universal Analysis Mode,Warning,Maintenance inspection recommended soon.
BRB,52,2000,76384.0,28.5,28.5,49.02,Universal Analysis Mode,Warning,Maintenance inspection recommended soon.
BRB,52,2001,63289.6,23.7,24.44,46.92,Universal Analysis Mode,Warning,Maintenance inspection recommended soon.
BRB,52,2002,49800.0,23.72,25.02,45.8,Universal Analysis Mode,Warning,Maintenance inspection recommended soon.
BRB,52,2003,49800.0,26.54,28.83,49.36,Universal Analysis Mode,Warning,Maintenance inspection recommended soon.
BRB,52,2004,49800.0,34.3,38.26,50.51,Universal Analysis Mode,Warning,Maintenance inspection recommended soon.
BRB,52,2005,49800.0,47.26,54.52,52.8,Universal Analysis Mode,Warning,Maintenance inspection recommended soon.
BRB,52,2006,51464.32,55.37,65.14,52.67,Universal Analysis Mode,Warning,Maintenance inspection recommended soon.
BRB,52,2007,55202.8,60.12,72.39,53.08,Universal Analysis Mode,Warning,Maintenance inspection recommended soon.
BRB,52,2008,54780.0,77.79,97.26,50.36,Universal Analysis Mode,Warning,Maintenance inspection recommended soon.
BRB,52,2009,38097.0,49.5,61.67,44.76,Universal Analysis Mode,Warning,Maintenance inspection recommended soon.
BRB,52,2010,49800.0,62.78,79.5,51.15,Universal Analysis Mode,Warning,Maintenance inspection recommended soon.
BRB,52,2011,49800.0,85.17,111.26,51.5,Universal Analysis Mode,Warning,Maintenance inspection recommended soon.
BRB,52,2012,49800.0,83.75,111.67,50.28,Universal Analysis Mode,Warning,Maintenance inspection recommended soon.
BRB,52,2013,49800.0,80.32,108.66,46.38,Universal Analysis Mode,Warning,Maintenance inspection recommended soon.
BRB,52,2014,49800.0,71.97,98.95,44.51,Universal Analysis Mode,Warning,Maintenance inspection recommended soon.
BLR,112,1932,49800.0,10.86,0.87,28.69,Universal Analysis Mode,Healthy,Machine is safe. Continue regular monitoring.
BLR,112,1933,49800.0,8.82,0.67,28.68,Universal Analysis Mode,Healthy,Machine is safe. Continue regular monitoring.
BLR,112,1934,49800.0,12.72,1.0,29.15,Universal Analysis Mode,Healthy,Machine is safe. Continue regular monitoring.
BLR,112,1935,49800.0,12.04,0.97,28.8,Universal Analysis Mode,Healthy,Machine is safe. Continue regular monitoring.
BLR,112,1936,49800.0,13.38,1.09,29.11,Universal Analysis Mode,Healthy,Machine is safe. Continue regular monitoring.
BLR,112,1937,49800.0,13.98,1.18,28.87,Universal Analysis Mode,Healthy,Machine is safe. Continue regular monitoring.
BLR,112,1938,49800.0,13.66,1.13,28.9,Universal Analysis Mode,Healthy,Machine is safe. Continue regular monitoring.
BLR,112,1939,49800.0,12.5,1.02,28.83,Universal Analysis Mode,Healthy,Machine is safe. Continue regular monitoring.
BLR,112,1940,49800.0,12.38,1.02,28.75,Universal Analysis Mode,Healthy,Machine is safe. Continue regular monitoring.
BLR,112,1941,49800.0,13.18,1.14,28.78,Universal Analysis Mode,Healthy,Machine is safe. Continue regular monitoring.
BLR,112,1942,49800.0,12.42,1.19,28.59,Universal Analysis Mode,Healthy,Machine is safe. Continue regular monitoring.
BLR,112,1943,49800.0,11.81,1.2,28.34,Universal Analysis Mode,Healthy,Machine is safe. Continue regular monitoring.
BLR,112,1944,49800.0,11.71,1.21,28.3,Universal Analysis Mode,Healthy,Machine is safe. Continue regular monitoring.
BLR,112,1945,49800.0,9.93,1.05,27.96,Universal Analysis Mode,Healthy,Machine is safe. Continue regular monitoring.
BLR,112,1946,49800.0,9.77,1.12,27.85,Universal Analysis Mode,Healthy,Machine is safe. Continue regular monitoring.
BLR,112,1947,49800.0,14.48,1.9,28.8,Universal Analysis Mode,Healthy,Machine is safe. Continue regular monitoring.
BLR,112,1948,49800.0,14.07,1.99,28.82,Universal Analysis Mode,Healthy,Machine is safe. Continue regular monitoring.
BLR,112,1949,49800.0,12.71,1.78,28.38,Universal Analysis Mode,Healthy,Machine is safe. Continue regular monitoring.
BLR,112,1950,49800.0,12.08,1.71,28.76,Universal Analysis Mode,Healthy,Machine is safe. Continue regular monitoring.
BLR,112,1951,49800.0,11.2,1.71,28.57,Universal Analysis Mode,Healthy,Machine is safe. Continue regular monitoring.
BLR,112,1952,49800.0,10.96,1.71,28.54,Universal Analysis Mode,Healthy,Machine is safe. Continue regular monitoring.
BLR,112,1953,49800.0,12.27,1.93,29.04,Universal Analysis Mode,Healthy,Machine is safe. Continue regular monitoring.
BLR,112,1954,49800.0,12.21,1.93,28.94,Universal Analysis Mode,Healthy,Machine is safe. Continue regular monitoring.
BLR,112,1955,49800.0,12.27,1.93,28.6,Universal Analysis Mode,Healthy,Machine is safe. Continue regular monitoring.
BLR,112,1956,49800.0,12.07,1.93,28.59,Universal Analysis Mode,Healthy,Machine is safe. Continue regular monitoring.
BLR,112,1957,49800.0,11.48,1.9,28.32,Universal Analysis Mode,Healthy,Machine is safe. Continue regular monitoring.
BLR,112,1958,49800.0,12.25,2.08,28.78,Universal Analysis Mode,Healthy,Machine is safe. Continue regular monitoring.
BLR,112,1959,49800.0,12.14,2.08,28.81,Universal Analysis Mode,Healthy,Machine is safe. Continue regular monitoring.
BLR,112,1960,49800.0,10.91,1.9,28.75,Universal Analysis Mode,Healthy,Machine is safe. Continue regular monitoring.
BLR,112,1961,49800.0,10.24,1.8,28.71,Universal Analysis Mode,Healthy,Machine is safe. Continue regular monitoring.
BLR,112,1962,49800.0,10.12,1.8,29.58,Universal Analysis Mode,Healthy,Machine is safe. Continue regular monitoring.
BLR,112,1963,49800.0,9.99,1.8,29.42,Universal Analysis Mode,Healthy,Machine is safe. Continue regular monitoring.
BLR,112,1964,49800.0,9.86,1.8,28.51,Universal Analysis Mode,Healthy,Machine is safe. Continue regular monitoring.
BLR,112,1965,49800.0,9.71,1.8,29.13,Universal Analysis Mode,Healthy,Machine is safe. Continue regular monitoring.
BLR,112,1966,49800.0,9.41,1.8,28.49,Universal Analysis Mode,Healthy,Machine is safe. Continue regular monitoring.
BLR,112,1967,49800.0,9.16,1.8,28.38,Universal Analysis Mode,Healthy,Machine is safe. Continue regular monitoring.
BLR,112,1968,49800.0,8.8,1.8,28.15,Universal Analysis Mode,Healthy,Machine is safe. Continue regular monitoring.
BLR,112,1969,49800.0,8.35,1.8,28.27,Universal Analysis Mode,Healthy,Machine is safe. Continue regular monitoring.
BLR,112,1970,49800.0,7.88,1.8,28.03,Universal Analysis Mode,Healthy,Machine is safe. Continue regular monitoring.
BLR,112,1971,49800.0,9.41,2.24,28.37,Universal Analysis Mode,Healthy,Machine is safe. Continue regular monitoring.
BLR,112,1972,49800.0,10.09,2.48,28.39,Universal Analysis Mode,Healthy,Machine is safe. Continue regular monitoring.
BLR,112,1973,49800.0,12.59,3.29,28.63,Universal Analysis Mode,Healthy,Machine is safe. Continue regular monitoring.
BLR,112,1974,49800.0,39.93,11.58,30.51,Universal Analysis Mode,Warning,Maintenance inspection recommended soon.
BLR,112,1975,49800.0,36.44,11.53,30.77,Universal Analysis Mode,Warning,Maintenance inspection recommended soon.
BLR,112,1976,49800.0,38.23,12.8,32.36,Universal Analysis Mode,Warning,Maintenance inspection recommended soon.
BLR,112,1977,49800.0,39.04,13.92,33.56,Universal Analysis Mode,Warning,Maintenance inspection recommended soon.
BLR,112,1978,49800.0,36.54,14.02,33.23,Universal Analysis Mode,Warning,Maintenance inspection recommended soon.
BLR,112,1979,49800.0,74.02,31.61,35.61,Universal Analysis Mode,Warning,Maintenance inspection recommended soon.
BLR,112,1980,49800.0,75.97,36.83,36.85,Universal Analysis Mode,Warning,Maintenance inspection recommended soon.
BLR,112,1981,49800.0,67.14,35.93,37.34,Universal Analysis Mode,Warning,Maintenance inspection recommended soon.
BLR,112,1982,49800.0,58.02,32.97,37.43,Universal Analysis Mode,Warning,Maintenance inspection recommended soon.
BLR,112,1983,49800.0,50.39,29.55,37.04,Universal Analysis Mode,Warning,Maintenance inspection recommended soon.
BLR,112,1984,49800.0,45.82,28.78,36.67,Universal Analysis Mode,Warning,Maintenance inspection recommended soon.
BLR,112,1985,49800.0,43.43,27.56,36.41,Universal Analysis Mode,Warning,Maintenance inspection recommended soon.
BLR,112,1986,49800.0,22.22,14.43,34.01,Universal Analysis Mode,Warning,Maintenance inspection recommended soon.
BLR,112,1987,49800.0,27.46,18.44,33.08,Universal Analysis Mode,Warning,Maintenance inspection recommended soon.
BLR,112,1988,49800.0,21.42,14.92,31.51,Universal Analysis Mode,Warning,Maintenance inspection recommended soon.
BLR,112,1989,49800.0,24.87,18.23,31.97,Universal Analysis Mode,Warning,Maintenance inspection recommended soon.
BLR,112,1990,49800.0,30.88,23.73,40.73,Universal Analysis Mode,Warning,Maintenance inspection recommended soon.
BLR,112,1991,2000000.0,24.95,20.0,53.09,Universal Analysis Mode,Warning,Maintenance inspection recommended soon.
BLR,112,1992,2000000.0,23.39,19.32,44.94,Universal Analysis Mode,Warning,Maintenance inspection recommended soon.
BLR,112,1993,2005000.0,20.01,16.97,44.52,Universal Analysis Mode,Warning,Maintenance inspection recommended soon.
BLR,112,1994,2000000.0,18.26,15.82,43.96,Universal Analysis Mode,Warning,Maintenance inspection recommended soon.
BLR,112,1995,1932000.0,19.1,17.02,43.88,Universal Analysis Mode,Warning,Maintenance inspection recommended soon.
BLR,112,1996,1860000.0,22.48,20.67,44.72,Universal Analysis Mode,Warning,Maintenance inspection recommended soon.
BLR,112,1997,1822000.0,20.38,19.09,44.46,Universal Analysis Mode,Warning,Maintenance inspection recommended soon.
BLR,112,1998,1830000.0,13.62,12.72,43.21,Universal Analysis Mode,Warning,Maintenance inspection recommended soon.
BLR,112,1999,1840000.0,18.56,17.97,44.1,Universal Analysis Mode,Warning,Maintenance inspection recommended soon.
BLR,112,2000,1851000.0,28.5,28.5,47.46,Universal Analysis Mode,Warning,Maintenance inspection recommended soon.
BLR,112,2001,1842600.0,23.7,24.44,47.28,Universal Analysis Mode,Warning,Maintenance inspection recommended soon.
BLR,112,2002,1818041.13,23.72,25.02,46.83,Universal Analysis Mode,Warning,Maintenance inspection recommended soon.
BLR,112,2003,1812720.0,26.54,28.83,48.99,Universal Analysis Mode,Warning,Maintenance inspection recommended soon.
BLR,112,2004,1809399.83,34.3,38.26,49.63,Universal Analysis Mode,Warning,Maintenance inspection recommended soon.
BLR,112,2005,1743000.0,47.26,54.52,51.08,Universal Analysis Mode,Warning,Maintenance inspection recommended soon.
BLR,112,2006,1743000.0,55.37,65.14,50.51,Universal Analysis Mode,Warning,Maintenance inspection recommended soon.
BLR,112,2007,1743000.0,60.12,72.39,50.49,Universal Analysis Mode,Warning,Maintenance inspection recommended soon.
BLR,112,2008,1743000.0,77.79,97.26,51.33,Universal Analysis Mode,Warning,Maintenance inspection recommended soon.
BLR,112,2009,1643400.0,49.5,61.67,47.82,Universal Analysis Mode,Warning,Maintenance inspection recommended soon.
BLR,112,2010,1494000.0,62.78,79.5,47.59,Universal Analysis Mode,Warning,Maintenance inspection recommended soon.
BLR,112,2011,1494000.0,85.17,111.26,47.97,Universal Analysis Mode,Warning,Maintenance inspection recommended soon.
BLR,112,2012,1494000.0,83.75,111.67,46.69,Universal Analysis Mode,Warning,Maintenance inspection recommended soon.
BLR,112,2013,1494000.0,80.32,108.66,51.9,Universal Analysis Mode,Warning,Maintenance inspection recommended soon.
BLR,112,2014,1494000.0,71.97,98.95,54.54,Universal Analysis Mode,Warning,Maintenance inspection recommended soon.
BEL,56,1932,49800.0,10.86,0.87,30.07,Universal Analysis Mode,Warning,Maintenance inspection recommended soon.
BEL,56,1933,49800.0,8.82,0.67,30.06,Universal Analysis Mode,Warning,Maintenance inspection recommended soon.
BEL,56,1934,49800.0,12.72,1.0,30.55,Universal Analysis Mode,Warning,Maintenance inspection recommended soon.
BEL,56,1935,49800.0,12.04,0.97,30.2,Universal Analysis Mode,Warning,Maintenance inspection recommended soon.
BEL,56,1936,49800.0,13.38,1.09,30.51,Universal Analysis Mode,Warning,Maintenance inspection recommended soon.
BEL,56,1937,49800.0,13.98,1.18,30.28,Universal Analysis Mode,Warning,Maintenance inspection recommended soon.
BEL,56,1938,49800.0,13.66,1.13,30.31,Universal Analysis Mode,Warning,Maintenance inspection recommended soon.
BEL,56,1939,49800.0,12.5,1.02,30.24,Universal Analysis Mode,Warning,Maintenance inspection recommended soon.
BEL,56,1940,49800.0,12.38,1.02,30.16,Universal Analysis Mode,Warning,Maintenance inspection recommended soon.
BEL,56,1941,49800.0,13.18,1.14,30.17,Universal Analysis Mode,Warning,Maintenance inspection recommended soon.
BEL,56,1942,49800.0,12.42,1.19,29.98,Universal Analysis Mode,Healthy,Machine is safe. Continue regular monitoring.
BEL,56,1943,49800.0,11.81,1.2,29.73,Universal Analysis Mode,Healthy,Machine is safe. Continue regular monitoring.
BEL,56,1944,49800.0,11.71,1.21,29.7,Universal Analysis Mode,Healthy,Machine is safe. Continue regular monitoring.
BEL,56,1945,49800.0,9.93,1.05,29.36,Universal Analysis Mode,Healthy,Machine is safe. Continue regular monitoring.
BEL,56,1946,49800.0,9.77,1.12,29.26,Universal Analysis Mode,Healthy,Machine is safe. Continue regular monitoring.
BEL,56,1947,49800.0,14.48,1.9,30.22,Universal Analysis Mode,Warning,Maintenance inspection recommended soon.
BEL,56,1948,49800.0,14.07,1.99,30.26,Universal Analysis Mode,Warning,Maintenance inspection recommended soon.
BEL,56,1949,49800.0,12.71,1.78,29.82,Universal Analysis Mode,Healthy,Machine is safe. Continue regular monitoring.
BEL,56,1950,49800.0,12.08,1.71,29.65,Universal Analysis Mode,Healthy,Machine is safe. Continue regular monitoring.
BEL,56,1951,49800.0,11.2,1.71,29.46,Universal Analysis Mode,Healthy,Machine is safe. Continue regular monitoring.
BEL,56,1952,49800.0,10.96,1.71,29.45,Universal Analysis Mode,Healthy,Machine is safe. Continue regular monitoring.
BEL,56,1953,49800.0,12.27,1.93,29.96,Universal Analysis Mode,Healthy,Machine is safe. Continue regular monitoring.
BEL,56,1954,49800.0,12.21,1.93,29.86,Universal Analysis Mode,Healthy,Machine is safe. Continue regular monitoring.
BEL,56,1955,49800.0,12.27,1.93,29.52,Universal Analysis Mode,Healthy,Machine is safe. Continue regular monitoring.
BEL,56,1956,49800.0,12.07,1.93,29.5,Universal Analysis Mode,Healthy,Machine is safe. Continue regular monitoring.
BEL,56,1957,49800.0,11.48,1.9,30.4,Universal Analysis Mode,Warning,Maintenance inspection recommended soon.
BEL,56,1958,49800.0,12.25,2.08,29.69,Universal Analysis Mode,Healthy,Machine is safe. Continue regular monitoring.
BEL,56,1959,49800.0,12.14,2.08,29.72,Universal Analysis Mode,Healthy,Machine is safe. Continue regular monitoring.
BEL,56,1960,0.0,10.91,1.9,25.3,Universal Analysis Mode,Healthy,Machine is safe. Continue regular monitoring.
BEL,56,1961,0.0,10.24,1.8,25.25,Universal Analysis Mode,Healthy,Machine is safe. Continue regular monitoring.
BEL,56,1962,0.0,10.12,1.8,26.12,Universal Analysis Mode,Healthy,Machine is safe. Continue regular monitoring.
BEL,56,1963,0.0,9.99,1.8,25.95,Universal Analysis Mode,Healthy,Machine is safe. Continue regular monitoring.
BEL,56,1964,0.0,9.86,1.8,25.04,Universal Analysis Mode,Healthy,Machine is safe. Continue regular monitoring.
BEL,56,1965,0.0,9.71,1.8,25.65,Universal Analysis Mode,Healthy,Machine is safe. Continue regular monitoring.
BEL,56,1966,0.0,9.41,1.8,25.01,Universal Analysis Mode,Healthy,Machine is safe. Continue regular monitoring.
BEL,56,1967,0.0,9.16,1.8,24.89,Universal Analysis Mode,Healthy,Machine is safe. Continue regular monitoring.
BEL,56,1968,0.0,8.8,1.8,24.65,Universal Analysis Mode,Healthy,Machine is safe. Continue regular monitoring.
BEL,56,1969,0.0,8.35,1.8,24.77,Universal Analysis Mode,Healthy,Machine is safe. Continue regular monitoring.
BEL,56,1970,0.0,7.88,1.8,28.37,Universal Analysis Mode,Healthy,Machine is safe. Continue regular monitoring.
BEL,56,1971,0.0,9.41,2.24,28.71,Universal Analysis Mode,Healthy,Machine is safe. Continue regular monitoring.
BEL,56,1972,0.0,10.09,2.48,28.73,Universal Analysis Mode,Healthy,Machine is safe. Continue regular monitoring.
BEL,56,1973,0.0,12.59,3.29,28.96,Universal Analysis Mode,Healthy,Machine is safe. Continue regular monitoring.
BEL,56,1974,0.0,39.93,11.58,30.82,Universal Analysis Mode,Warning,Maintenance inspection recommended soon.
BEL,56,1975,0.0,36.44,11.53,31.08,Universal Analysis Mode,Warning,Maintenance inspection recommended soon.
BEL,56,1976,0.0,38.23,12.8,32.67,Universal Analysis Mode,Warning,Maintenance inspection recommended soon.
BEL,56,1977,0.0,39.04,13.92,33.83,Universal Analysis Mode,Warning,Maintenance inspection recommended soon.
BEL,56,1978,0.0,36.54,14.02,33.51,Universal Analysis Mode,Warning,Maintenance inspection recommended soon.
BEL,56,1979,0.0,74.02,31.61,35.85,Universal Analysis Mode,Warning,Maintenance inspection recommended soon.
BEL,56,1980,0.0,75.97,36.83,37.55,Universal Analysis Mode,Warning,Maintenance inspection recommended soon.
BEL,56,1981,0.0,67.14,35.93,38.05,Universal Analysis Mode,Warning,Maintenance inspection recommended soon.
BEL,56,1982,0.0,58.02,32.97,38.14,Universal Analysis Mode,Warning,Maintenance inspection recommended soon.
BEL,56,1983,0.0,50.39,29.55,37.25,Universal Analysis Mode,Warning,Maintenance inspection recommended soon.
BEL,56,1984,0.0,45.82,28.78,34.86,Universal Analysis Mode,Warning,Maintenance inspection recommended soon.
BEL,56,1985,0.0,43.43,27.56,33.88,Universal Analysis Mode,Warning,Maintenance inspection recommended soon.
BEL,56,1986,0.0,22.22,14.43,31.71,Universal Analysis Mode,Warning,Maintenance inspection recommended soon.
BEL,56,1987,0.0,27.46,18.44,30.81,Universal Analysis Mode,Warning,Maintenance inspection recommended soon.
BEL,56,1988,0.0,21.42,14.92,29.3,Universal Analysis Mode,Healthy,Machine is safe. Continue regular monitoring.
BEL,56,1989,0.0,24.87,18.23,29.75,Universal Analysis Mode,Healthy,Machine is safe. Continue regular monitoring.
BEL,56,1990,0.0,30.88,23.73,27.62,Universal Analysis Mode,Healthy,Machine is safe. Continue regular monitoring.
BEL,56,1991,0.0,24.95,20.0,27.48,Universal Analysis Mode,Healthy,Machine is safe. Continue regular monitoring.
BEL,56,1992,0.0,23.39,19.32,25.95,Universal Analysis Mode,Healthy,Machine is safe. Continue regular monitoring.
BEL,56,1993,0.0,20.01,16.97,25.56,Universal Analysis Mode,Healthy,Machine is safe. Continue regular monitoring.
BEL,56,1994,0.0,18.26,15.82,25.01,Universal Analysis Mode,Healthy,Machine is safe. Continue regular monitoring.
BEL,56,1995,0.0,19.1,17.02,24.83,Universal Analysis Mode,Healthy,Machine is safe. Continue regular monitoring.
BEL,56,1996,0.0,22.48,20.67,25.55,Universal Analysis Mode,Healthy,Machine is safe. Continue regular monitoring.
BEL,56,1997,0.0,20.38,19.09,25.38,Universal Analysis Mode,Healthy,Machine is safe. Continue regular monitoring.
BEL,56,1998,0.0,13.62,12.72,24.37,Universal Analysis Mode,Healthy,Machine is safe. Continue regular monitoring.
BEL,56,1999,0.0,18.56,17.97,25.09,Universal Analysis Mode,Healthy,Machine is safe. Continue regular monitoring.
BEL,56,2000,0.0,28.5,28.5,28.29,Universal Analysis Mode,Healthy,Machine is safe. Continue regular monitoring.
BEL,56,2001,0.0,23.7,24.44,24.4,Universal Analysis Mode,Healthy,Machine is safe. Continue regular monitoring.
BEL,56,2002,0.0,23.72,25.02,23.99,Universal Analysis Mode,Healthy,Machine is safe. Continue regular monitoring.
BEL,56,2003,0.0,26.54,28.83,26.07,Universal Analysis Mode,Healthy,Machine is safe. Continue regular monitoring.
BEL,56,2004,0.0,34.3,38.26,26.55,Universal Analysis Mode,Healthy,Machine is safe. Continue regular monitoring.
BEL,56,2005,0.0,47.26,54.52,27.79,Universal Analysis Mode,Healthy,Machine is safe. Continue regular monitoring.
BEL,56,2006,0.0,55.37,65.14,27.2,Universal Analysis Mode,Healthy,Machine is safe. Continue regular monitoring.
BEL,56,2007,0.0,60.12,72.39,27.15,Universal Analysis Mode,Healthy,Machine is safe. Continue regular monitoring.
BEL,56,2008,0.0,77.79,97.26,28.59,Universal Analysis Mode,Healthy,Machine is safe. Continue regular monitoring.
BEL,56,2009,0.0,49.5,61.67,25.57,Universal Analysis Mode,Healthy,Machine is safe. Continue regular monitoring.
BEL,56,2010,0.0,62.78,79.5,25.76,Universal Analysis Mode,Healthy,Machine is safe. Continue regular monitoring.
BEL,56,2011,0.0,85.17,111.26,25.24,Universal Analysis Mode,Healthy,Machine is safe. Continue regular monitoring.
BEL,56,2012,0.0,83.75,111.67,24.17,Universal Analysis Mode,Healthy,Machine is safe. Continue regular monitoring.
BEL,56,2013,0.0,80.32,108.66,24.35,Universal Analysis Mode,Healthy,Machine is safe. Continue regular monitoring.
BEL,56,2014,0.0,71.97,98.95,31.22,Universal Analysis Mode,Warning,Maintenance inspection recommended soon.
BLZ,84,1932,49800.0,10.86,0.87,28.66,Universal Analysis Mode,Healthy,Machine is safe. Continue regular monitoring.
BLZ,84,1933,49800.0,8.82,0.67,28.64,Universal Analysis Mode,Healthy,Machine is safe. Continue regular monitoring.
BLZ,84,1934,49800.0,12.72,1.0,29.12,Universal Analysis Mode,Healthy,Machine is safe. Continue regular monitoring.
BLZ,84,1935,49800.0,12.04,0.97,28.77,Universal Analysis Mode,Healthy,Machine is safe. Continue regular monitoring.
BLZ,84,1936,49800.0,13.38,1.09,29.07,Universal Analysis Mode,Healthy,Machine is safe. Continue regular monitoring.
BLZ,84,1937,49800.0,13.98,1.18,28.84,Universal Analysis Mode,Healthy,Machine is safe. Continue regular monitoring.
BLZ,84,1938,49800.0,13.66,1.13,28.87,Universal Analysis Mode,Healthy,Machine is safe. Continue regular monitoring.
BLZ,84,1939,49800.0,12.5,1.02,28.79,Universal Analysis Mode,Healthy,Machine is safe. Continue regular monitoring.
BLZ,84,1940,49800.0,12.38,1.02,28.72,Universal Analysis Mode,Healthy,Machine is safe. Continue regular monitoring.
BLZ,84,1941,49800.0,13.18,1.14,28.75,Universal Analysis Mode,Healthy,Machine is safe. Continue regular monitoring.
BLZ,84,1942,49800.0,12.42,1.19,28.56,Universal Analysis Mode,Healthy,Machine is safe. Continue regular monitoring.
BLZ,84,1943,49800.0,11.81,1.2,28.31,Universal Analysis Mode,Healthy,Machine is safe. Continue regular monitoring.
BLZ,84,1944,49800.0,11.71,1.21,28.26,Universal Analysis Mode,Healthy,Machine is safe. Continue regular monitoring.
BLZ,84,1945,49800.0,9.93,1.05,27.92,Universal Analysis Mode,Healthy,Machine is safe. Continue regular monitoring.
BLZ,84,1946,49800.0,9.77,1.12,27.82,Universal Analysis Mode,Healthy,Machine is safe. Continue regular monitoring.
BLZ,84,1947,49800.0,14.48,1.9,28.77,Universal Analysis Mode,Healthy,Machine is safe. Continue regular monitoring.
BLZ,84,1948,49800.0,14.07,1.99,28.79,Universal Analysis Mode,Healthy,Machine is safe. Continue regular monitoring.
BLZ,84,1949,49800.0,12.71,1.78,28.34,Universal Analysis Mode,Healthy,Machine is safe. Continue regular monitoring.
BLZ,84,1950,49800.0,12.08,1.71,27.01,Universal Analysis Mode,Healthy,Machine is safe. Continue regular monitoring.
BLZ,84,1951,49800.0,11.2,1.71,26.82,Universal Analysis Mode,Healthy,Machine is safe. Continue regular monitoring.
BLZ,84,1952,49800.0,10.96,1.71,26.79,Universal Analysis Mode,Healthy,Machine is safe. Continue regular monitoring.
BLZ,84,1953,49800.0,12.27,1.93,27.3,Universal Analysis Mode,Healthy,Machine is safe. Continue regular monitoring.
BLZ,84,1954,49800.0,12.21,1.93,27.19,Universal Analysis Mode,Healthy,Machine is safe. Continue regular monitoring.
BLZ,84,1955,49800.0,12.27,1.93,26.84,Universal Analysis Mode,Healthy,Machine is safe. Continue regular monitoring.
BLZ,84,1956,49800.0,12.07,1.93,26.82,Universal Analysis Mode,Healthy,Machine is safe. Continue regular monitoring.
BLZ,84,1957,49800.0,11.48,1.9,26.55,Universal Analysis Mode,Healthy,Machine is safe. Continue regular monitoring.
BLZ,84,1958,49800.0,12.25,2.08,26.99,Universal Analysis Mode,Healthy,Machine is safe. Continue regular monitoring.
BLZ,84,1959,49800.0,12.14,2.08,27.01,Universal Analysis Mode,Healthy,Machine is safe. Continue regular monitoring.
BLZ,84,1960,49800.0,10.91,1.9,26.94,Universal Analysis Mode,Healthy,Machine is safe. Continue regular monitoring.
BLZ,84,1961,49800.0,10.24,1.8,26.88,Universal Analysis Mode,Healthy,Machine is safe. Continue regular monitoring.
BLZ,84,1962,49800.0,10.12,1.8,27.74,Universal Analysis Mode,Healthy,Machine is safe. Continue regular monitoring.
BLZ,84,1963,49800.0,9.99,1.8,27.56,Universal Analysis Mode,Healthy,Machine is safe. Continue regular monitoring.
BLZ,84,1964,49800.0,9.86,1.8,26.65,Universal Analysis Mode,Healthy,Machine is safe. Continue regular monitoring.
BLZ,84,1965,49800.0,9.71,1.8,27.25,Universal Analysis Mode,Healthy,Machine is safe. Continue regular monitoring.
BLZ,84,1966,49800.0,9.41,1.8,26.6,Universal Analysis Mode,Healthy,Machine is safe. Continue regular monitoring.
BLZ,84,1967,49800.0,9.16,1.8,26.48,Universal Analysis Mode,Healthy,Machine is safe. Continue regular monitoring.
BLZ,84,1968,49800.0,8.8,1.8,26.23,Universal Analysis Mode,Healthy,Machine is safe. Continue regular monitoring.
BLZ,84,1969,49800.0,8.35,1.8,26.34,Universal Analysis Mode,Healthy,Machine is safe. Continue regular monitoring.
BLZ,84,1970,49800.0,7.88,1.8,26.09,Universal Analysis Mode,Healthy,Machine is safe. Continue regular monitoring.
BLZ,84,1971,49800.0,9.41,2.24,26.42,Universal Analysis Mode,Healthy,Machine is safe. Continue regular monitoring.
BLZ,84,1972,49800.0,10.09,2.48,26.43,Universal Analysis Mode,Healthy,Machine is safe. Continue regular monitoring.
BLZ,84,1973,49800.0,12.59,3.29,26.65,Universal Analysis Mode,Healthy,Machine is safe. Continue regular monitoring.
BLZ,84,1974,49800.0,39.93,11.58,28.53,Universal Analysis Mode,Healthy,Machine is safe. Continue regular monitoring.
BLZ,84,1975,49800.0,36.44,11.53,28.78,Universal Analysis Mode,Healthy,Machine is safe. Continue regular monitoring.
BLZ,84,1976,49800.0,38.23,12.8,30.37,Universal Analysis Mode,Warning,Maintenance inspection recommended soon.
BLZ,84,1977,49800.0,39.04,13.92,31.56,Universal Analysis Mode,Warning,Maintenance inspection recommended soon.
BLZ,84,1978,49800.0,36.54,14.02,31.22,Universal Analysis Mode,Warning,Maintenance inspection recommended soon.
BLZ,84,1979,49800.0,74.02,31.61,33.6,Universal Analysis Mode,Warning,Maintenance inspection recommended soon.
BLZ,84,1980,49800.0,75.97,36.83,34.82,Universal Analysis Mode,Warning,Maintenance inspection recommended soon.
BLZ,84,1981,0.0,67.14,35.93,31.77,Universal Analysis Mode,Warning,Maintenance inspection recommended soon.
BLZ,84,1982,0.0,58.02,32.97,31.85,Universal Analysis Mode,Warning,Maintenance inspection recommended soon.
BLZ,84,1983,0.0,50.39,29.55,31.45,Universal Analysis Mode,Warning,Maintenance inspection recommended soon.
BLZ,84,1984,0.0,45.82,28.78,31.08,Universal Analysis Mode,Warning,Maintenance inspection recommended soon.
BLZ,84,1985,0.0,43.43,27.56,30.8,Universal Analysis Mode,Warning,Maintenance inspection recommended soon.
BLZ,84,1986,0.0,22.22,14.43,28.4,Universal Analysis Mode,Healthy,Machine is safe. Continue regular monitoring.
BLZ,84,1987,0.0,27.46,18.44,27.46,Universal Analysis Mode,Healthy,Machine is safe. Continue regular monitoring.
BLZ,84,1988,0.0,21.42,14.92,25.88,Universal Analysis Mode,Healthy,Machine is safe. Continue regular monitoring.
BLZ,84,1989,0.0,24.87,18.23,26.34,Universal Analysis Mode,Healthy,Machine is safe. Continue regular monitoring.
BLZ,84,1990,0.0,30.88,23.73,28.3,Universal Analysis Mode,Healthy,Machine is safe. Continue regular monitoring.
BLZ,84,1991,0.0,24.95,20.0,28.18,Universal Analysis Mode,Healthy,Machine is safe. Continue regular monitoring.
BLZ,84,1992,0.0,23.39,19.32,26.64,Universal Analysis Mode,Healthy,Machine is safe. Continue regular monitoring.
BLZ,84,1993,0.0,20.01,16.97,26.23,Universal Analysis Mode,Healthy,Machine is safe. Continue regular monitoring.
BLZ,84,1994,0.0,18.26,15.82,25.67,Universal Analysis Mode,Healthy,Machine is safe. Continue regular monitoring.
BLZ,84,1995,0.0,19.1,17.02,25.59,Universal Analysis Mode,Healthy,Machine is safe. Continue regular monitoring.
BLZ,84,1996,0.0,22.48,20.67,26.36,Universal Analysis Mode,Healthy,Machine is safe. Continue regular monitoring.
BLZ,84,1997,0.0,20.38,19.09,26.18,Universal Analysis Mode,Healthy,Machine is safe. Continue regular monitoring.
BLZ,84,1998,0.0,13.62,12.72,25.15,Universal Analysis Mode,Healthy,Machine is safe. Continue regular monitoring.
BLZ,84,1999,0.0,18.56,17.97,25.89,Universal Analysis Mode,Healthy,Machine is safe. Continue regular monitoring.
BLZ,84,2000,0.0,28.5,28.5,29.06,Universal Analysis Mode,Healthy,Machine is safe. Continue regular monitoring.
BLZ,84,2001,0.0,23.7,24.44,28.99,Universal Analysis Mode,Healthy,Machine is safe. Continue regular monitoring.
BLZ,84,2002,0.0,23.72,25.02,28.58,Universal Analysis Mode,Healthy,Machine is safe. Continue regular monitoring.
BLZ,84,2003,0.0,26.54,28.83,30.68,Universal Analysis Mode,Warning,Maintenance inspection recommended soon.
BLZ,84,2004,0.0,34.3,38.26,31.18,Universal Analysis Mode,Warning,Maintenance inspection recommended soon.
BLZ,84,2005,1909.6,47.26,54.52,37.72,Universal Analysis Mode,Warning,Maintenance inspection recommended soon.
BLZ,84,2006,108710.8,55.37,65.14,52.26,Universal Analysis Mode,Warning,Maintenance inspection recommended soon.
BLZ,84,2007,149390.04,60.12,72.39,53.6,Universal Analysis Mode,Warning,Maintenance inspection recommended soon.
BLZ,84,2008,174830.87,77.79,97.26,55.18,Universal Analysis Mode,Warning,Maintenance inspection recommended soon.
BLZ,84,2009,198677.1,49.5,61.67,51.48,Universal Analysis Mode,Warning,Maintenance inspection recommended soon.
BLZ,84,2010,211733.66,62.78,79.5,53.42,Universal Analysis Mode,Warning,Maintenance inspection recommended soon.
BLZ,84,2011,199200.0,85.17,111.26,53.49,Universal Analysis Mode,Warning,Maintenance inspection recommended soon.
BLZ,84,2012,161319.13,83.75,111.67,51.66,Universal Analysis Mode,Warning,Maintenance inspection recommended soon.
BLZ,84,2013,149400.0,80.32,108.66,47.4,Universal Analysis Mode,Warning,Maintenance inspection recommended soon.
BLZ,84,2014,90524.45,71.97,98.95,46.67,Universal Analysis Mode,Warning,Maintenance inspection recommended soon.
BEN,204,1932,49800.0,10.86,0.87,28.82,Universal Analysis Mode,Healthy,Machine is safe. Continue regular monitoring.
BEN,204,1933,49800.0,8.82,0.67,28.8,Universal Analysis Mode,Healthy,Machine is safe. Continue regular monitoring.
BEN,204,1934,49800.0,12.72,1.0,29.28,Universal Analysis Mode,Healthy,Machine is safe. Continue regular monitoring.
BEN,204,1935,49800.0,12.04,0.97,28.93,Universal Analysis Mode,Healthy,Machine is safe. Continue regular monitoring.
BEN,204,1936,49800.0,13.38,1.09,29.23,Universal Analysis Mode,Healthy,Machine is safe. Continue regular monitoring.
BEN,204,1937,49800.0,13.98,1.18,29.0,Universal Analysis Mode,Healthy,Machine is safe. Continue regular monitoring.
BEN,204,1938,49800.0,13.66,1.13,29.03,Universal Analysis Mode,Healthy,Machine is safe. Continue regular monitoring.
BEN,204,1939,49800.0,12.5,1.02,28.95,Universal Analysis Mode,Healthy,Machine is safe. Continue regular monitoring.
BEN,204,1940,49800.0,12.38,1.02,28.88,Universal Analysis Mode,Healthy,Machine is safe. Continue regular monitoring.
BEN,204,1941,49800.0,13.18,1.14,28.9,Universal Analysis Mode,Healthy,Machine is safe. Continue regular monitoring.
BEN,204,1942,49800.0,12.42,1.19,28.72,Universal Analysis Mode,Healthy,Machine is safe. Continue regular monitoring.
BEN,204,1943,49800.0,11.81,1.2,28.46,Universal Analysis Mode,Healthy,Machine is safe. Continue regular monitoring.
BEN,204,1944,49800.0,11.71,1.21,28.42,Universal Analysis Mode,Healthy,Machine is safe. Continue regular monitoring.
BEN,204,1945,49800.0,9.93,1.05,28.08,Universal Analysis Mode,Healthy,Machine is safe. Continue regular monitoring.
BEN,204,1946,49800.0,9.77,1.12,27.97,Universal Analysis Mode,Healthy,Machine is safe. Continue regular monitoring.
BEN,204,1947,49800.0,14.48,1.9,28.92,Universal Analysis Mode,Healthy,Machine is safe. Continue regular monitoring.
BEN,204,1948,49800.0,14.07,1.99,28.95,Universal Analysis Mode,Healthy,Machine is safe. Continue regular monitoring.
BEN,204,1949,49800.0,12.71,1.78,28.5,Universal Analysis Mode,Healthy,Machine is safe. Continue regular monitoring.
BEN,204,1950,49800.0,12.08,1.71,27.59,Universal Analysis Mode,Healthy,Machine is safe. Continue regular monitoring.
BEN,204,1951,49800.0,11.2,1.71,27.4,Universal Analysis Mode,Healthy,Machine is safe. Continue regular monitoring.
BEN,204,1952,49800.0,10.96,1.71,27.38,Universal Analysis Mode,Healthy,Machine is safe. Continue regular monitoring.
BEN,204,1953,49800.0,12.27,1.93,27.89,Universal Analysis Mode,Healthy,Machine is safe. Continue regular monitoring.
BEN,204,1954,49800.0,12.21,1.93,27.79,Universal Analysis Mode,Healthy,Machine is safe. Continue regular monitoring.
BEN,204,1955,49800.0,12.27,1.93,27.44,Universal Analysis Mode,Healthy,Machine is safe. Continue regular monitoring.
BEN,204,1956,49800.0,12.07,1.93,27.42,Universal Analysis Mode,Healthy,Machine is safe. Continue regular monitoring.
BEN,204,1957,49800.0,11.48,1.9,27.15,Universal Analysis Mode,Healthy,Machine is safe. Continue regular monitoring.
BEN,204,1958,49800.0,12.25,2.08,27.6,Universal Analysis Mode,Healthy,Machine is safe. Continue regular monitoring.
BEN,204,1959,49800.0,12.14,2.08,27.63,Universal Analysis Mode,Healthy,Machine is safe. Continue regular monitoring.
BEN,204,1960,0.0,10.91,1.9,24.03,Universal Analysis Mode,Healthy,Machine is safe. Continue regular monitoring.
BEN,204,1961,0.0,10.24,1.8,23.97,Universal Analysis Mode,Healthy,Machine is safe. Continue regular monitoring.
BEN,204,1962,0.0,10.12,1.8,24.83,Universal Analysis Mode,Healthy,Machine is safe. Continue regular monitoring.
BEN,204,1963,0.0,9.99,1.8,24.66,Universal Analysis Mode,Healthy,Machine is safe. Continue regular monitoring.
BEN,204,1964,0.0,9.86,1.8,23.75,Universal Analysis Mode,Healthy,Machine is safe. Continue regular monitoring.
BEN,204,1965,0.0,9.71,1.8,24.35,Universal Analysis Mode,Healthy,Machine is safe. Continue regular monitoring.
BEN,204,1966,0.0,9.41,1.8,23.71,Universal Analysis Mode,Healthy,Machine is safe. Continue regular monitoring.
BEN,204,1967,0.0,9.16,1.8,23.59,Universal Analysis Mode,Healthy,Machine is safe. Continue regular monitoring.
BEN,204,1968,0.0,8.8,1.8,23.35,Universal Analysis Mode,Healthy,Machine is safe. Continue regular monitoring.
BEN,204,1969,0.0,8.35,1.8,23.47,Universal Analysis Mode,Healthy,Machine is safe. Continue regular monitoring.
BEN,204,1970,0.0,7.88,1.8,23.22,Universal Analysis Mode,Healthy,Machine is safe. Continue regular monitoring.
BEN,204,1971,0.0,9.41,2.24,23.56,Universal Analysis Mode,Healthy,Machine is safe. Continue regular monitoring.
BEN,204,1972,0.0,10.09,2.48,23.58,Universal Analysis Mode,Healthy,Machine is safe. Continue regular monitoring.
BEN,204,1973,0.0,12.59,3.29,23.81,Universal Analysis Mode,Healthy,Machine is safe. Continue regular monitoring.
BEN,204,1974,0.0,39.93,11.58,25.69,Universal Analysis Mode,Healthy,Machine is safe. Continue regular monitoring.
BEN,204,1975,0.0,36.44,11.53,25.96,Universal Analysis Mode,Healthy,Machine is safe. Continue regular monitoring.
BEN,204,1976,0.0,38.23,12.8,27.56,Universal Analysis Mode,Healthy,Machine is safe. Continue regular monitoring.
BEN,204,1977,0.0,39.04,13.92,28.76,Universal Analysis Mode,Healthy,Machine is safe. Continue regular monitoring.
BEN,204,1978,0.0,36.54,14.02,28.43,Universal Analysis Mode,Healthy,Machine is safe. Continue regular monitoring.
BEN,204,1979,0.0,74.02,31.61,30.81,Universal Analysis Mode,Warning,Maintenance inspection recommended soon.
BEN,204,1980,10000.0,75.97,36.83,36.53,Universal Analysis Mode,Warning,Maintenance inspection recommended soon.
BEN,204,1981,215000.0,67.14,35.93,50.79,Universal Analysis Mode,Warning,Maintenance inspection recommended soon.
BEN,204,1982,229000.0,58.02,32.97,50.73,Universal Analysis Mode,Warning,Maintenance inspection recommended soon.
BEN,204,1983,200000.0,50.39,29.55,49.65,Universal Analysis Mode,Warning,Maintenance inspection recommended soon.
BEN,204,1984,250000.0,45.82,28.78,49.75,Universal Analysis Mode,Warning,Maintenance inspection recommended soon.
BEN,204,1985,299000.0,43.43,27.56,49.87,Universal Analysis Mode,Warning,Maintenance inspection recommended soon.
BEN,204,1986,356000.0,22.22,14.43,49.97,Universal Analysis Mode,Warning,Maintenance inspection recommended soon.
BEN,204,1987,264000.0,27.46,18.44,48.34,Universal Analysis Mode,Warning,Maintenance inspection recommended soon.
BEN,204,1988,275000.0,21.42,14.92,45.78,Universal Analysis Mode,Warning,Maintenance inspection recommended soon.
BEN,204,1989,285000.0,24.87,18.23,47.27,Universal Analysis Mode,Warning,Maintenance inspection recommended soon.
BEN,204,1990,291000.0,30.88,23.73,50.7,Universal Analysis Mode,Warning,Maintenance inspection recommended soon.
BEN,204,1991,295000.0,24.95,20.0,50.03,Universal Analysis Mode,Warning,Maintenance inspection recommended soon.
BEN,204,1992,298000.0,23.39,19.32,48.26,Universal Analysis Mode,Warning,Maintenance inspection recommended soon.
BEN,204,1993,154000.0,20.01,16.97,43.26,Universal Analysis Mode,Warning,Maintenance inspection recommended soon.
BEN,204,1994,129000.0,18.26,15.82,41.46,Universal Analysis Mode,Warning,Maintenance inspection recommended soon.
BEN,204,1995,95000.0,19.1,17.02,39.14,Universal Analysis Mode,Warning,Maintenance inspection recommended soon.
BEN,204,1996,80000.0,22.48,20.67,39.84,Universal Analysis Mode,Warning,Maintenance inspection recommended soon.
BEN,204,1997,66000.0,20.38,19.09,39.04,Universal Analysis Mode,Warning,Maintenance inspection recommended soon.
BEN,204,1998,51000.0,13.62,12.72,34.63,Universal Analysis Mode,Warning,Maintenance inspection recommended soon.
BEN,204,1999,44000.0,18.56,17.97,35.52,Universal Analysis Mode,Warning,Maintenance inspection recommended soon.
BEN,204,2000,37000.0,28.5,28.5,40.12,Universal Analysis Mode,Warning,Maintenance inspection recommended soon.
BEN,204,2001,34860.0,23.7,24.44,38.75,Universal Analysis Mode,Warning,Maintenance inspection recommended soon.
BEN,204,2002,0.0,23.72,25.02,34.25,Universal Analysis Mode,Warning,Maintenance inspection recommended soon.
BEN,204,2003,0.0,26.54,28.83,36.39,Universal Analysis Mode,Warning,Maintenance inspection recommended soon.
BEN,204,2004,0.0,34.3,38.26,32.93,Universal Analysis Mode,Warning,Maintenance inspection recommended soon.
BEN,204,2005,0.0,47.26,54.52,34.21,Universal Analysis Mode,Warning,Maintenance inspection recommended soon.
BEN,204,2006,0.0,55.37,65.14,33.67,Universal Analysis Mode,Warning,Maintenance inspection recommended soon.
BEN,204,2007,0.0,60.12,72.39,33.66,Universal Analysis Mode,Warning,Maintenance inspection recommended soon.
BEN,204,2008,0.0,77.79,97.26,34.36,Universal Analysis Mode,Warning,Maintenance inspection recommended soon.
BEN,204,2009,0.0,49.5,61.67,31.26,Universal Analysis Mode,Warning,Maintenance inspection recommended soon.
BEN,204,2010,0.0,62.78,79.5,31.63,Universal Analysis Mode,Warning,Maintenance inspection recommended soon.
BEN,204,2011,0.0,85.17,111.26,31.11,Universal Analysis Mode,Warning,Maintenance inspection recommended soon.
BEN,204,2012,0.0,83.75,111.67,30.05,Universal Analysis Mode,Warning,Maintenance inspection recommended soon.
BEN,204,2013,0.0,80.32,108.66,30.31,Universal Analysis Mode,Warning,Maintenance inspection recommended soon.
BEN,204,2014,0.0,71.97,98.95,31.37,Universal Analysis Mode,Warning,Maintenance inspection recommended soon.
BTN,64,1932,49800.0,10.86,0.87,29.44,Universal Analysis Mode,Healthy,Machine is safe. Continue regular monitoring.
BTN,64,1933,49800.0,8.82,0.67,29.42,Universal Analysis Mode,Healthy,Machine is safe. Continue regular monitoring.
BTN,64,1934,49800.0,12.72,1.0,29.9,Universal Analysis Mode,Healthy,Machine is safe. Continue regular monitoring.
BTN,64,1935,49800.0,12.04,0.97,29.55,Universal Analysis Mode,Healthy,Machine is safe. Continue regular monitoring.
BTN,64,1936,49800.0,13.38,1.09,29.85,Universal Analysis Mode,Healthy,Machine is safe. Continue regular monitoring.
BTN,64,1937,49800.0,13.98,1.18,29.62,Universal Analysis Mode,Healthy,Machine is safe. Continue regular monitoring.
BTN,64,1938,49800.0,13.66,1.13,29.65,Universal Analysis Mode,Healthy,Machine is safe. Continue regular monitoring.
BTN,64,1939,49800.0,12.5,1.02,29.58,Universal Analysis Mode,Healthy,Machine is safe. Continue regular monitoring.
BTN,64,1940,49800.0,12.38,1.02,29.5,Universal Analysis Mode,Healthy,Machine is safe. Continue regular monitoring.
BTN,64,1941,49800.0,13.18,1.14,29.53,Universal Analysis Mode,Healthy,Machine is safe. Continue regular monitoring.
BTN,64,1942,49800.0,12.42,1.19,29.34,Universal Analysis Mode,Healthy,Machine is safe. Continue regular monitoring.
BTN,64,1943,49800.0,11.81,1.2,29.09,Universal Analysis Mode,Healthy,Machine is safe. Continue regular monitoring.
BTN,64,1944,49800.0,11.71,1.21,29.05,Universal Analysis Mode,Healthy,Machine is safe. Continue regular monitoring.
BTN,64,1945,49800.0,9.93,1.05,28.7,Universal Analysis Mode,Healthy,Machine is safe. Continue regular monitoring.
BTN,64,1946,49800.0,9.77,1.12,28.6,Universal Analysis Mode,Healthy,Machine is safe. Continue regular monitoring.
BTN,64,1947,49800.0,14.48,1.9,29.55,Universal Analysis Mode,Healthy,Machine is safe. Continue regular monitoring.
BTN,64,1948,49800.0,14.07,1.99,29.57,Universal Analysis Mode,Healthy,Machine is safe. Continue regular monitoring.
BTN,64,1949,49800.0,12.71,1.78,29.12,Universal Analysis Mode,Healthy,Machine is safe. Continue regular monitoring.
BTN,64,1950,49800.0,12.08,1.71,27.83,Universal Analysis Mode,Healthy,Machine is safe. Continue regular monitoring.
BTN,64,1951,49800.0,11.2,1.71,27.63,Universal Analysis Mode,Healthy,Machine is safe. Continue regular monitoring.
BTN,64,1952,49800.0,10.96,1.71,27.61,Universal Analysis Mode,Healthy,Machine is safe. Continue regular monitoring.
BTN,64,1953,49800.0,12.27,1.93,28.12,Universal Analysis Mode,Healthy,Machine is safe. Continue regular monitoring.
BTN,64,1954,49800.0,12.21,1.93,28.01,Universal Analysis Mode,Healthy,Machine is safe. Continue regular monitoring.
BTN,64,1955,49800.0,12.27,1.93,27.66,Universal Analysis Mode,Healthy,Machine is safe. Continue regular monitoring.
BTN,64,1956,49800.0,12.07,1.93,27.64,Universal Analysis Mode,Healthy,Machine is safe. Continue regular monitoring.
BTN,64,1957,49800.0,11.48,1.9,27.37,Universal Analysis Mode,Healthy,Machine is safe. Continue regular monitoring.
BTN,64,1958,49800.0,12.25,2.08,27.82,Universal Analysis Mode,Healthy,Machine is safe. Continue regular monitoring.
BTN,64,1959,49800.0,12.14,2.08,27.84,Universal Analysis Mode,Healthy,Machine is safe. Continue regular monitoring.
BTN,64,1960,0.0,10.91,1.9,23.42,Universal Analysis Mode,Healthy,Machine is safe. Continue regular monitoring.
BTN,64,1961,0.0,10.24,1.8,23.36,Universal Analysis Mode,Healthy,Machine is safe. Continue regular monitoring.
BTN,64,1962,0.0,10.12,1.8,24.23,Universal Analysis Mode,Healthy,Machine is safe. Continue regular monitoring.
BTN,64,1963,0.0,9.99,1.8,24.05,Universal Analysis Mode,Healthy,Machine is safe. Continue regular monitoring.
BTN,64,1964,0.0,9.86,1.8,23.14,Universal Analysis Mode,Healthy,Machine is safe. Continue regular monitoring.
BTN,64,1965,0.0,9.71,1.8,23.75,Universal Analysis Mode,Healthy,Machine is safe. Continue regular monitoring.
BTN,64,1966,0.0,9.41,1.8,23.1,Universal Analysis Mode,Healthy,Machine is safe. Continue regular monitoring.
BTN,64,1967,0.0,9.16,1.8,22.99,Universal Analysis Mode,Healthy,Machine is safe. Continue regular monitoring.
BTN,64,1968,0.0,8.8,1.8,22.75,Universal Analysis Mode,Healthy,Machine is safe. Continue regular monitoring.
BTN,64,1969,0.0,8.35,1.8,22.87,Universal Analysis Mode,Healthy,Machine is safe. Continue regular monitoring.
BTN,64,1970,0.0,7.88,1.8,22.62,Universal Analysis Mode,Healthy,Machine is safe. Continue regular monitoring.
BTN,64,1971,0.0,9.41,2.24,22.95,Universal Analysis Mode,Healthy,Machine is safe. Continue regular monitoring.
BTN,64,1972,0.0,10.09,2.48,22.97,Universal Analysis Mode,Healthy,Machine is safe. Continue regular monitoring.
BTN,64,1973,0.0,12.59,3.29,23.2,Universal Analysis Mode,Healthy,Machine is safe. Continue regular monitoring.
BTN,64,1974,0.0,39.93,11.58,25.08,Universal Analysis Mode,Healthy,Machine is safe. Continue regular monitoring.
BTN,64,1975,0.0,36.44,11.53,25.34,Universal Analysis Mode,Healthy,Machine is safe. Continue regular monitoring.
BTN,64,1976,0.0,38.23,12.8,26.93,Universal Analysis Mode,Healthy,Machine is safe. Continue regular monitoring.
BTN,64,1977,0.0,39.04,13.92,28.13,Universal Analysis Mode,Healthy,Machine is safe. Continue regular monitoring.
BTN,64,1978,0.0,36.54,14.02,27.8,Universal Analysis Mode,Healthy,Machine is safe. Continue regular monitoring.
BTN,64,1979,0.0,74.02,31.61,30.18,Universal Analysis Mode,Warning,Maintenance inspection recommended soon.
BTN,64,1980,0.0,75.97,36.83,31.41,Universal Analysis Mode,Warning,Maintenance inspection recommended soon.
BTN,64,1981,0.0,67.14,35.93,31.89,Universal Analysis Mode,Warning,Maintenance inspection recommended soon.
BTN,64,1982,0.0,58.02,32.97,31.98,Universal Analysis Mode,Warning,Maintenance inspection recommended soon.
BTN,64,1983,0.0,50.39,29.55,31.59,Universal Analysis Mode,Warning,Maintenance inspection recommended soon.
BTN,64,1984,0.0,45.82,28.78,31.21,Universal Analysis Mode,Warning,Maintenance inspection recommended soon.
BTN,64,1985,0.0,43.43,27.56,30.94,Universal Analysis Mode,Warning,Maintenance inspection recommended soon.
BTN,64,1986,0.0,22.22,14.43,28.54,Universal Analysis Mode,Healthy,Machine is safe. Continue regular monitoring.
BTN,64,1987,0.0,27.46,18.44,27.61,Universal Analysis Mode,Healthy,Machine is safe. Continue regular monitoring.
BTN,64,1988,0.0,21.42,14.92,26.03,Universal Analysis Mode,Healthy,Machine is safe. Continue regular monitoring.
BTN,64,1989,0.0,24.87,18.23,26.49,Universal Analysis Mode,Healthy,Machine is safe. Continue regular monitoring.
BTN,64,1990,0.0,30.88,23.73,28.47,Universal Analysis Mode,Healthy,Machine is safe. Continue regular monitoring.
BTN,64,1991,0.0,24.95,20.0,28.35,Universal Analysis Mode,Healthy,Machine is safe. Continue regular monitoring.
BTN,64,1992,0.0,23.39,19.32,26.8,Universal Analysis Mode,Healthy,Machine is safe. Continue regular monitoring.
BTN,64,1993,0.0,20.01,16.97,26.37,Universal Analysis Mode,Healthy,Machine is safe. Continue regular monitoring.
BTN,64,1994,0.0,18.26,15.82,25.81,Universal Analysis Mode,Healthy,Machine is safe. Continue regular monitoring.
BTN,64,1995,0.0,19.1,17.02,25.73,Universal Analysis Mode,Healthy,Machine is safe. Continue regular monitoring.
BTN,64,1996,0.0,22.48,20.67,26.49,Universal Analysis Mode,Healthy,Machine is safe. Continue regular monitoring.
BTN,64,1997,0.0,20.38,19.09,26.31,Universal Analysis Mode,Healthy,Machine is safe. Continue regular monitoring.
BTN,64,1998,0.0,13.62,12.72,25.28,Universal Analysis Mode,Healthy,Machine is safe. Continue regular monitoring.
BTN,64,1999,0.0,18.56,17.97,26.02,Universal Analysis Mode,Healthy,Machine is safe. Continue regular monitoring.
BTN,64,2000,0.0,28.5,28.5,29.19,Universal Analysis Mode,Healthy,Machine is safe. Continue regular monitoring.
BTN,64,2001,0.0,23.7,24.44,29.12,Universal Analysis Mode,Healthy,Machine is safe. Continue regular monitoring.
BTN,64,2002,0.0,23.72,25.02,28.71,Universal Analysis Mode,Healthy,Machine is safe. Continue regular monitoring.
BTN,64,2003,0.0,26.54,28.83,30.81,Universal Analysis Mode,Warning,Maintenance inspection recommended soon.
BTN,64,2004,0.0,34.3,38.26,31.31,Universal Analysis Mode,Warning,Maintenance inspection recommended soon.
BTN,64,2005,0.0,47.26,54.52,32.55,Universal Analysis Mode,Warning,Maintenance inspection recommended soon.
BTN,64,2006,0.0,55.37,65.14,31.97,Universal Analysis Mode,Warning,Maintenance inspection recommended soon.
BTN,64,2007,0.0,60.12,72.39,31.92,Universal Analysis Mode,Warning,Maintenance inspection recommended soon.
BTN,64,2008,0.0,77.79,97.26,32.58,Universal Analysis Mode,Warning,Maintenance inspection recommended soon.
BTN,64,2009,0.0,49.5,61.67,29.47,Universal Analysis Mode,Healthy,Machine is safe. Continue regular monitoring.
BTN,64,2010,0.0,62.78,79.5,30.66,Universal Analysis Mode,Warning,Maintenance inspection recommended soon.
BTN,64,2011,0.0,85.17,111.26,30.13,Universal Analysis Mode,Warning,Maintenance inspection recommended soon.
BTN,64,2012,0.0,83.75,111.67,28.99,Universal Analysis Mode,Healthy,Machine is safe. Continue regular monitoring.
BTN,64,2013,0.0,80.32,108.66,29.23,Universal Analysis Mode,Healthy,Machine is safe. Continue regular monitoring.
BTN,64,2014,0.0,71.97,98.95,30.27,Universal Analysis Mode,Warning,Maintenance inspection recommended soon.
BOL,68,1932,49800.0,10.86,0.87,28.81,Universal Analysis Mode,Healthy,Machine is safe. Continue regular monitoring.
BOL,68,1933,49800.0,8.82,0.67,28.79,Universal Analysis Mode,Healthy,Machine is safe. Continue regular monitoring.
BOL,68,1934,21721.0,12.72,1.0,27.14,Universal Analysis Mode,Healthy,Machine is safe. Continue regular monitoring.
BOL,68,1935,22404.0,12.04,0.97,26.79,Universal Analysis Mode,Healthy,Machine is safe. Continue regular monitoring.
BOL,68,1936,14344.0,13.38,1.09,27.18,Universal Analysis Mode,Healthy,Machine is safe. Continue regular monitoring.
BOL,68,1937,16667.0,13.98,1.18,26.92,Universal Analysis Mode,Healthy,Machine is safe. Continue regular monitoring.
BOL,68,1938,30874.0,13.66,1.13,27.92,Universal Analysis Mode,Healthy,Machine is safe. Continue regular monitoring.
BOL,68,1939,29372.0,12.5,1.02,26.74,Universal Analysis Mode,Healthy,Machine is safe. Continue regular monitoring.
BOL,68,1940,39344.0,12.38,1.02,27.78,Universal Analysis Mode,Healthy,Machine is safe. Continue regular monitoring.
BOL,68,1941,32104.0,13.18,1.14,27.79,Universal Analysis Mode,Healthy,Machine is safe. Continue regular monitoring.
BOL,68,1942,42077.0,12.42,1.19,27.62,Universal Analysis Mode,Healthy,Machine is safe. Continue regular monitoring.
BOL,68,1943,45628.0,11.81,1.2,27.37,Universal Analysis Mode,Healthy,Machine is safe. Continue regular monitoring.
BOL,68,1944,42896.0,11.71,1.21,27.31,Universal Analysis Mode,Healthy,Machine is safe. Continue regular monitoring.
BOL,68,1945,52186.0,9.93,1.05,27.54,Universal Analysis Mode,Healthy,Machine is safe. Continue regular monitoring.
BOL,68,1946,49590.0,9.77,1.12,26.84,Universal Analysis Mode,Healthy,Machine is safe. Continue regular monitoring.
BOL,68,1947,51503.0,14.48,1.9,28.45,Universal Analysis Mode,Healthy,Machine is safe. Continue regular monitoring.
BOL,68,1948,63388.0,14.07,1.99,28.54,Universal Analysis Mode,Healthy,Machine is safe. Continue regular monitoring.
BOL,68,1949,92623.0,12.71,1.78,30.14,Universal Analysis Mode,Warning,Maintenance inspection recommended soon.
BOL,68,1950,84153.0,12.08,1.71,29.82,Universal Analysis Mode,Healthy,Machine is safe. Continue regular monitoring.
BOL,68,1951,71448.0,11.2,1.71,27.73,Universal Analysis Mode,Healthy,Machine is safe. Continue regular monitoring.
BOL,68,1952,71858.0,10.96,1.71,27.7,Universal Analysis Mode,Healthy,Machine is safe. Continue regular monitoring.
BOL,68,1953,82104.0,12.27,1.93,30.06,Universal Analysis Mode,Warning,Maintenance inspection recommended soon.
BOL,68,1954,231557.0,12.21,1.93,34.39,Universal Analysis Mode,Warning,Maintenance inspection recommended soon.
BOL,68,1955,367896.0,12.27,1.93,39.37,Universal Analysis Mode,Warning,Maintenance inspection recommended soon.
BOL,68,1956,436612.0,12.07,1.93,40.15,Universal Analysis Mode,Warning,Maintenance inspection recommended soon.
BOL,68,1957,488388.0,11.48,1.9,40.2,Universal Analysis Mode,Warning,Maintenance inspection recommended soon.
BOL,68,1958,469262.0,12.25,2.08,40.76,Universal Analysis Mode,Warning,Maintenance inspection recommended soon.
BOL,68,1959,433060.0,12.14,2.08,40.39,Universal Analysis Mode,Warning,Maintenance inspection recommended soon.
BOL,68,1960,488251.0,10.91,1.9,37.95,Universal Analysis Mode,Warning,Maintenance inspection recommended soon.
BOL,68,1961,408333.0,10.24,1.8,36.78,Universal Analysis Mode,Warning,Maintenance inspection recommended soon.
BOL,68,1962,397678.0,10.12,1.8,41.13,Universal Analysis Mode,Warning,Maintenance inspection recommended soon.
BOL,68,1963,465027.0,9.99,1.8,41.29,Universal Analysis Mode,Warning,Maintenance inspection recommended soon.
BOL,68,1964,449454.0,9.86,1.8,40.2,Universal Analysis Mode,Warning,Maintenance inspection recommended soon.
BOL,68,1965,458607.0,9.71,1.8,40.73,Universal Analysis Mode,Warning,Maintenance inspection recommended soon.
BOL,68,1966,831284.0,9.41,1.8,42.69,Universal Analysis Mode,Warning,Maintenance inspection recommended soon.
BOL,68,1967,1984563.0,9.16,1.8,45.18,Universal Analysis Mode,Warning,Maintenance inspection recommended soon.
BOL,68,1968,2045628.0,8.8,1.8,44.92,Universal Analysis Mode,Warning,Maintenance inspection recommended soon.
BOL,68,1969,2016257.0,8.35,1.8,45.07,Universal Analysis Mode,Warning,Maintenance inspection recommended soon.
BOL,68,1970,1122000.0,7.88,1.8,44.81,Universal Analysis Mode,Warning,Maintenance inspection recommended soon.
BOL,68,1971,1710000.0,9.41,2.24,46.26,Universal Analysis Mode,Warning,Maintenance inspection recommended soon.
BOL,68,1972,2031000.0,10.09,2.48,46.56,Universal Analysis Mode,Warning,Maintenance inspection recommended soon.
BOL,68,1973,2196000.0,12.59,3.29,47.04,Universal Analysis Mode,Warning,Maintenance inspection recommended soon.
BOL,68,1974,2112000.0,39.93,11.58,49.4,Universal Analysis Mode,Warning,Maintenance inspection recommended soon.
BOL,68,1975,1874000.0,36.44,11.53,49.57,Universal Analysis Mode,Warning,Maintenance inspection recommended soon.
BOL,68,1976,1890000.0,38.23,12.8,51.32,Universal Analysis Mode,Warning,Maintenance inspection recommended soon.
BOL,68,1977,1612000.0,39.04,13.92,52.58,Universal Analysis Mode,Warning,Maintenance inspection recommended soon.
BOL,68,1978,1506000.0,36.54,14.02,52.17,Universal Analysis Mode,Warning,Maintenance inspection recommended soon.
BOL,68,1979,1294000.0,74.02,31.61,54.86,Universal Analysis Mode,Warning,Maintenance inspection recommended soon.
BOL,68,1980,1107000.0,75.97,36.83,56.2,Universal Analysis Mode,Warning,Maintenance inspection recommended soon.
BOL,68,1981,1029000.0,67.14,35.93,56.7,Universal Analysis Mode,Warning,Maintenance inspection recommended soon.
BOL,68,1982,1134000.0,58.02,32.97,56.84,Universal Analysis Mode,Warning,Maintenance inspection recommended soon.
BOL,68,1983,1030000.0,50.39,29.55,56.26,Universal Analysis Mode,Warning,Maintenance inspection recommended soon.
BOL,68,1984,969000.0,45.82,28.78,55.8,Universal Analysis Mode,Warning,Maintenance inspection recommended soon.
BOL,68,1985,917000.0,43.43,27.56,55.42,Universal Analysis Mode,Warning,Maintenance inspection recommended soon.
BOL,68,1986,816000.0,22.22,14.43,56.0,Universal Analysis Mode,Warning,Maintenance inspection recommended soon.
BOL,68,1987,876000.0,27.46,18.44,54.62,Universal Analysis Mode,Warning,Maintenance inspection recommended soon.
BOL,68,1988,893000.0,21.42,14.92,50.01,Universal Analysis Mode,Warning,Maintenance inspection recommended soon.
BOL,68,1989,925000.0,24.87,18.23,50.83,Universal Analysis Mode,Warning,Maintenance inspection recommended soon.
BOL,68,1990,971000.0,30.88,23.73,57.48,Universal Analysis Mode,Warning,Maintenance inspection recommended soon.
BOL,68,1991,1173000.0,24.95,20.0,57.42,Universal Analysis Mode,Warning,Maintenance inspection recommended soon.
BOL,68,1992,1126000.0,23.39,19.32,55.78,Universal Analysis Mode,Warning,Maintenance inspection recommended soon.
BOL,68,1993,1193000.0,20.01,16.97,58.69,Universal Analysis Mode,Warning,Maintenance inspection recommended soon.
BOL,68,1994,1381000.0,18.26,15.82,58.17,Universal Analysis Mode,Warning,Maintenance inspection recommended soon.
BOL,68,1995,1523000.0,19.1,17.02,54.94,Universal Analysis Mode,Warning,Maintenance inspection recommended soon.
BOL,68,1996,1679000.0,22.48,20.67,55.84,Universal Analysis Mode,Warning,Maintenance inspection recommended soon.
BOL,68,1997,1721000.0,20.38,19.09,58.92,Universal Analysis Mode,Warning,Maintenance inspection recommended soon.
BOL,68,1998,1834000.0,13.62,12.72,57.62,Universal Analysis Mode,Warning,Maintenance inspection recommended soon.
BOL,68,1999,1590000.0,18.56,17.97,58.37,Universal Analysis Mode,Warning,Maintenance inspection recommended soon.
BOL,68,2000,1539000.0,28.5,28.5,58.86,Universal Analysis Mode,Warning,Maintenance inspection recommended soon.
BOL,68,2001,1709982.1,23.7,24.44,59.24,Universal Analysis Mode,Warning,Maintenance inspection recommended soon.
BOL,68,2002,1601786.12,23.72,25.02,62.28,Universal Analysis Mode,Warning,Maintenance inspection recommended soon.
BOL,68,2003,1460709.2,26.54,28.83,64.79,Universal Analysis Mode,Warning,Maintenance inspection recommended soon.
BOL,68,2004,2372226.98,34.3,38.26,65.85,Universal Analysis Mode,Warning,Maintenance inspection recommended soon.
BOL,68,2005,2526559.67,47.26,54.52,67.54,Universal Analysis Mode,Warning,Maintenance inspection recommended soon.
BOL,68,2006,2435018.81,55.37,65.14,66.78,Universal Analysis Mode,Warning,Maintenance inspection recommended soon.
BOL,68,2007,2449233.22,60.12,72.39,66.8,Universal Analysis Mode,Warning,Maintenance inspection recommended soon.
BOL,68,2008,1936053.19,77.79,97.26,64.2,Universal Analysis Mode,Warning,Maintenance inspection recommended soon.
BOL,68,2009,1787579.47,49.5,61.67,60.38,Universal Analysis Mode,Warning,Maintenance inspection recommended soon.
BOL,68,2010,1720175.17,62.78,79.5,60.87,Universal Analysis Mode,Warning,Maintenance inspection recommended soon.
BOL,68,2011,1768650.49,85.17,111.26,60.45,Universal Analysis Mode,Warning,Maintenance inspection recommended soon.
BOL,68,2012,2070747.74,83.75,111.67,59.3,Universal Analysis Mode,Warning,Maintenance inspection recommended soon.
BOL,68,2013,2365114.05,80.32,108.66,57.62,Universal Analysis Mode,Warning,Maintenance inspection recommended soon.
BOL,68,2014,2546256.07,71.97,98.95,56.39,Universal Analysis Mode,Warning,Maintenance inspection recommended soon.
BIH,70,1932,0.0,10.86,0.87,24.3,Universal Analysis Mode,Healthy,Machine is safe. Continue regular monitoring.
BIH,70,1933,0.0,8.82,0.67,24.28,Universal Analysis Mode,Healthy,Machine is safe. Continue regular monitoring.
BIH,70,1934,0.0,12.72,1.0,24.75,Universal Analysis Mode,Healthy,Machine is safe. Continue regular monitoring.
BIH,70,1935,0.0,12.04,0.97,24.4,Universal Analysis Mode,Healthy,Machine is safe. Continue regular monitoring.
BIH,70,1936,0.0,13.38,1.09,24.71,Universal Analysis Mode,Healthy,Machine is safe. Continue regular monitoring.
BIH,70,1937,0.0,13.98,1.18,24.47,Universal Analysis Mode,Healthy,Machine is safe. Continue regular monitoring.
BIH,70,1938,0.0,13.66,1.13,24.5,Universal Analysis Mode,Healthy,Machine is safe. Continue regular monitoring.
BIH,70,1939,0.0,12.5,1.02,24.43,Universal Analysis Mode,Healthy,Machine is safe. Continue regular monitoring.
BIH,70,1940,0.0,12.38,1.02,24.36,Universal Analysis Mode,Healthy,Machine is safe. Continue regular monitoring.
BIH,70,1941,0.0,13.18,1.14,24.38,Universal Analysis Mode,Healthy,Machine is safe. Continue regular monitoring.
BIH,70,1942,0.0,12.42,1.19,24.19,Universal Analysis Mode,Healthy,Machine is safe. Continue regular monitoring.
BIH,70,1943,0.0,11.81,1.2,23.94,Universal Analysis Mode,Healthy,Machine is safe. Continue regular monitoring.
BIH,70,1944,0.0,11.71,1.21,23.9,Universal Analysis Mode,Healthy,Machine is safe. Continue regular monitoring.
BIH,70,1945,0.0,9.93,1.05,23.56,Universal Analysis Mode,Healthy,Machine is safe. Continue regular monitoring.
BIH,70,1946,0.0,9.77,1.12,23.45,Universal Analysis Mode,Healthy,Machine is safe. Continue regular monitoring.
BIH,70,1947,0.0,14.48,1.9,24.4,Universal Analysis Mode,Healthy,Machine is safe. Continue regular monitoring.
BIH,70,1948,0.0,14.07,1.99,24.42,Universal Analysis Mode,Healthy,Machine is safe. Continue regular monitoring.
BIH,70,1949,0.0,12.71,1.78,23.98,Universal Analysis Mode,Healthy,Machine is safe. Continue regular monitoring.
BIH,70,1950,0.0,12.08,1.71,23.18,Universal Analysis Mode,Healthy,Machine is safe. Continue regular monitoring.
BIH,70,1951,0.0,11.2,1.71,22.99,Universal Analysis Mode,Healthy,Machine is safe. Continue regular monitoring.
BIH,70,1952,0.0,10.96,1.71,22.98,Universal Analysis Mode,Healthy,Machine is safe. Continue regular monitoring.
BIH,70,1953,0.0,12.27,1.93,23.49,Universal Analysis Mode,Healthy,Machine is safe. Continue regular monitoring.
BIH,70,1954,0.0,12.21,1.93,23.39,Universal Analysis Mode,Healthy,Machine is safe. Continue regular monitoring.
BIH,70,1955,0.0,12.27,1.93,23.05,Universal Analysis Mode,Healthy,Machine is safe. Continue regular monitoring.
BIH,70,1956,0.0,12.07,1.93,23.04,Universal Analysis Mode,Healthy,Machine is safe. Continue regular monitoring.
BIH,70,1957,0.0,11.48,1.9,22.77,Universal Analysis Mode,Healthy,Machine is safe. Continue regular monitoring.
BIH,70,1958,0.0,12.25,2.08,23.22,Universal Analysis Mode,Healthy,Machine is safe. Continue regular monitoring.
BIH,70,1959,0.0,12.14,2.08,23.25,Universal Analysis Mode,Healthy,Machine is safe. Continue regular monitoring.
BIH,70,1960,0.0,10.91,1.9,23.18,Universal Analysis Mode,Healthy,Machine is safe. Continue regular monitoring.
BIH,70,1961,0.0,10.24,1.8,23.13,Universal Analysis Mode,Healthy,Machine is safe. Continue regular monitoring.
BIH,70,1962,0.0,10.12,1.8,23.99,Universal Analysis Mode,Healthy,Machine is safe. Continue regular monitoring.
BIH,70,1963,0.0,9.99,1.8,23.82,Universal Analysis Mode,Healthy,Machine is safe. Continue regular monitoring.
BIH,70,1964,0.0,9.86,1.8,22.9,Universal Analysis Mode,Healthy,Machine is safe. Continue regular monitoring.
BIH,70,1965,0.0,9.71,1.8,23.51,Universal Analysis Mode,Healthy,Machine is safe. Continue regular monitoring.
BIH,70,1966,0.0,9.41,1.8,22.86,Universal Analysis Mode,Healthy,Machine is safe. Continue regular monitoring.
BIH,70,1967,0.0,9.16,1.8,22.75,Universal Analysis Mode,Healthy,Machine is safe. Continue regular monitoring.
BIH,70,1968,0.0,8.8,1.8,22.51,Universal Analysis Mode,Healthy,Machine is safe. Continue regular monitoring.
BIH,70,1969,0.0,8.35,1.8,22.62,Universal Analysis Mode,Healthy,Machine is safe. Continue regular monitoring.
BIH,70,1970,0.0,7.88,1.8,22.37,Universal Analysis Mode,Healthy,Machine is safe. Continue regular monitoring.
BIH,70,1971,0.0,9.41,2.24,22.7,Universal Analysis Mode,Healthy,Machine is safe. Continue regular monitoring.
BIH,70,1972,0.0,10.09,2.48,22.72,Universal Analysis Mode,Healthy,Machine is safe. Continue regular monitoring.
BIH,70,1973,0.0,12.59,3.29,22.95,Universal Analysis Mode,Healthy,Machine is safe. Continue regular monitoring.
BIH,70,1974,0.0,39.93,11.58,24.82,Universal Analysis Mode,Healthy,Machine is safe. Continue regular monitoring.
BIH,70,1975,0.0,36.44,11.53,25.08,Universal Analysis Mode,Healthy,Machine is safe. Continue regular monitoring.
BIH,70,1976,0.0,38.23,12.8,26.67,Universal Analysis Mode,Healthy,Machine is safe. Continue regular monitoring.
BIH,70,1977,0.0,39.04,13.92,27.87,Universal Analysis Mode,Healthy,Machine is safe. Continue regular monitoring.
BIH,70,1978,0.0,36.54,14.02,27.53,Universal Analysis Mode,Healthy,Machine is safe. Continue regular monitoring.
BIH,70,1979,0.0,74.02,31.61,29.91,Universal Analysis Mode,Healthy,Machine is safe. Continue regular monitoring.
BIH,70,1980,0.0,75.97,36.83,31.13,Universal Analysis Mode,Warning,Maintenance inspection recommended soon.
BIH,70,1981,0.0,67.14,35.93,31.61,Universal Analysis Mode,Warning,Maintenance inspection recommended soon.
BIH,70,1982,0.0,58.02,32.97,31.7,Universal Analysis Mode,Warning,Maintenance inspection recommended soon.
BIH,70,1983,0.0,50.39,29.55,31.3,Universal Analysis Mode,Warning,Maintenance inspection recommended soon.
BIH,70,1984,0.0,45.82,28.78,30.93,Universal Analysis Mode,Warning,Maintenance inspection recommended soon.
BIH,70,1985,0.0,43.43,27.56,30.65,Universal Analysis Mode,Warning,Maintenance inspection recommended soon.
BIH,70,1986,0.0,22.22,14.43,28.25,Universal Analysis Mode,Healthy,Machine is safe. Continue regular monitoring.
BIH,70,1987,0.0,27.46,18.44,27.32,Universal Analysis Mode,Healthy,Machine is safe. Continue regular monitoring.
BIH,70,1988,0.0,21.42,14.92,25.73,Universal Analysis Mode,Healthy,Machine is safe. Continue regular monitoring.
BIH,70,1989,0.0,24.87,18.23,26.19,Universal Analysis Mode,Healthy,Machine is safe. Continue regular monitoring.
BIH,70,1990,0.0,30.88,23.73,28.16,Universal Analysis Mode,Healthy,Machine is safe. Continue regular monitoring.
BIH,70,1991,0.0,24.95,20.0,28.85,Universal Analysis Mode,Healthy,Machine is safe. Continue regular monitoring.
BIH,70,1992,0.0,23.39,19.32,23.66,Universal Analysis Mode,Healthy,Machine is safe. Continue regular monitoring.
BIH,70,1993,0.0,20.01,16.97,23.22,Universal Analysis Mode,Healthy,Machine is safe. Continue regular monitoring.
BIH,70,1994,0.0,18.26,15.82,22.67,Universal Analysis Mode,Healthy,Machine is safe. Continue regular monitoring.
BIH,70,1995,0.0,19.1,17.02,22.42,Universal Analysis Mode,Healthy,Machine is safe. Continue regular monitoring.
BIH,70,1996,0.0,22.48,20.67,23.35,Universal Analysis Mode,Healthy,Machine is safe. Continue regular monitoring.
BIH,70,1997,0.0,20.38,19.09,23.16,Universal Analysis Mode,Healthy,Machine is safe. Continue regular monitoring.
BIH,70,1998,0.0,13.62,12.72,22.14,Universal Analysis Mode,Healthy,Machine is safe. Continue regular monitoring.
BIH,70,1999,0.0,18.56,17.97,22.89,Universal Analysis Mode,Healthy,Machine is safe. Continue regular monitoring.
BIH,70,2000,0.0,28.5,28.5,26.03,Universal Analysis Mode,Healthy,Machine is safe. Continue regular monitoring.
BIH,70,2001,0.0,23.7,24.44,25.97,Universal Analysis Mode,Healthy,Machine is safe. Continue regular monitoring.
BIH,70,2002,0.0,23.72,25.02,25.58,Universal Analysis Mode,Healthy,Machine is safe. Continue regular monitoring.
BIH,70,2003,0.0,26.54,28.83,27.68,Universal Analysis Mode,Healthy,Machine is safe. Continue regular monitoring.
BIH,70,2004,0.0,34.3,38.26,28.15,Universal Analysis Mode,Healthy,Machine is safe. Continue regular monitoring.
BIH,70,2005,0.0,47.26,54.52,29.36,Universal Analysis Mode,Healthy,Machine is safe. Continue regular monitoring.
BIH,70,2006,0.0,55.37,65.14,26.14,Universal Analysis Mode,Healthy,Machine is safe. Continue regular monitoring.
BIH,70,2007,0.0,60.12,72.39,26.12,Universal Analysis Mode,Healthy,Machine is safe. Continue regular monitoring.
BIH,70,2008,0.0,77.79,97.26,26.74,Universal Analysis Mode,Healthy,Machine is safe. Continue regular monitoring.
BIH,70,2009,0.0,49.5,61.67,23.4,Universal Analysis Mode,Healthy,Machine is safe. Continue regular monitoring.
BIH,70,2010,0.0,62.78,79.5,24.32,Universal Analysis Mode,Healthy,Machine is safe. Continue regular monitoring.
BIH,70,2011,0.0,85.17,111.26,23.72,Universal Analysis Mode,Healthy,Machine is safe. Continue regular monitoring.
BIH,70,2012,0.0,83.75,111.67,22.66,Universal Analysis Mode,Healthy,Machine is safe. Continue regular monitoring.
BIH,70,2013,0.0,80.32,108.66,28.0,Universal Analysis Mode,Healthy,Machine is safe. Continue regular monitoring.
BIH,70,2014,0.0,71.97,98.95,30.5,Universal Analysis Mode,Warning,Maintenance inspection recommended soon.
BWA,72,1932,49800.0,10.86,0.87,28.65,Universal Analysis Mode,Healthy,Machine is safe. Continue regular monitoring.
BWA,72,1933,49800.0,8.82,0.67,28.63,Universal Analysis Mode,Healthy,Machine is safe. Continue regular monitoring.
BWA,72,1934,49800.0,12.72,1.0,29.11,Universal Analysis Mode,Healthy,Machine is safe. Continue regular monitoring.
BWA,72,1935,49800.0,12.04,0.97,28.76,Universal Analysis Mode,Healthy,Machine is safe. Continue regular monitoring.
BWA,72,1936,49800.0,13.38,1.09,29.06,Universal Analysis Mode,Healthy,Machine is safe. Continue regular monitoring.
BWA,72,1937,49800.0,13.98,1.18,28.83,Universal Analysis Mode,Healthy,Machine is safe. Continue regular monitoring.
BWA,72,1938,49800.0,13.66,1.13,28.86,Universal Analysis Mode,Healthy,Machine is safe. Continue regular monitoring.
BWA,72,1939,49800.0,12.5,1.02,28.79,Universal Analysis Mode,Healthy,Machine is safe. Continue regular monitoring.
BWA,72,1940,49800.0,12.38,1.02,28.71,Universal Analysis Mode,Healthy,Machine is safe. Continue regular monitoring.
BWA,72,1941,49800.0,13.18,1.14,28.74,Universal Analysis Mode,Healthy,Machine is safe. Continue regular monitoring.
BWA,72,1942,49800.0,12.42,1.19,28.55,Universal Analysis Mode,Healthy,Machine is safe. Continue regular monitoring.
BWA,72,1943,49800.0,11.81,1.2,28.3,Universal Analysis Mode,Healthy,Machine is safe. Continue regular monitoring.
BWA,72,1944,49800.0,11.71,1.21,28.26,Universal Analysis Mode,Healthy,Machine is safe. Continue regular monitoring.
BWA,72,1945,49800.0,9.93,1.05,27.91,Universal Analysis Mode,Healthy,Machine is safe. Continue regular monitoring.
BWA,72,1946,49800.0,9.77,1.12,27.81,Universal Analysis Mode,Healthy,Machine is safe. Continue regular monitoring.
BWA,72,1947,49800.0,14.48,1.9,28.76,Universal Analysis Mode,Healthy,Machine is safe. Continue regular monitoring.
BWA,72,1948,49800.0,14.07,1.99,28.78,Universal Analysis Mode,Healthy,Machine is safe. Continue regular monitoring.
BWA,72,1949,49800.0,12.71,1.78,28.33,Universal Analysis Mode,Healthy,Machine is safe. Continue regular monitoring.
BWA,72,1950,49800.0,12.08,1.71,27.17,Universal Analysis Mode,Healthy,Machine is safe. Continue regular monitoring.
BWA,72,1951,49800.0,11.2,1.71,26.98,Universal Analysis Mode,Healthy,Machine is safe. Continue regular monitoring.
BWA,72,1952,49800.0,10.96,1.71,26.96,Universal Analysis Mode,Healthy,Machine is safe. Continue regular monitoring.
BWA,72,1953,49800.0,12.27,1.93,27.47,Universal Analysis Mode,Healthy,Machine is safe. Continue regular monitoring.
BWA,72,1954,49800.0,12.21,1.93,27.37,Universal Analysis Mode,Healthy,Machine is safe. Continue regular monitoring.
BWA,72,1955,49800.0,12.27,1.93,27.02,Universal Analysis Mode,Healthy,Machine is safe. Continue regular monitoring.
BWA,72,1956,49800.0,12.07,1.93,27.0,Universal Analysis Mode,Healthy,Machine is safe. Continue regular monitoring.
BWA,72,1957,49800.0,11.48,1.9,26.72,Universal Analysis Mode,Healthy,Machine is safe. Continue regular monitoring.
BWA,72,1958,49800.0,12.25,2.08,27.17,Universal Analysis Mode,Healthy,Machine is safe. Continue regular monitoring.
BWA,72,1959,49800.0,12.14,2.08,27.19,Universal Analysis Mode,Healthy,Machine is safe. Continue regular monitoring.
BWA,72,1960,49800.0,10.91,1.9,27.12,Universal Analysis Mode,Healthy,Machine is safe. Continue regular monitoring.
BWA,72,1961,49800.0,10.24,1.8,27.06,Universal Analysis Mode,Healthy,Machine is safe. Continue regular monitoring.
BWA,72,1962,49800.0,10.12,1.8,27.92,Universal Analysis Mode,Healthy,Machine is safe. Continue regular monitoring.
BWA,72,1963,49800.0,9.99,1.8,27.75,Universal Analysis Mode,Healthy,Machine is safe. Continue regular monitoring.
BWA,72,1964,49800.0,9.86,1.8,26.83,Universal Analysis Mode,Healthy,Machine is safe. Continue regular monitoring.
BWA,72,1965,0.0,9.71,1.8,23.09,Universal Analysis Mode,Healthy,Machine is safe. Continue regular monitoring.
BWA,72,1966,0.0,9.41,1.8,23.25,Universal Analysis Mode,Healthy,Machine is safe. Continue regular monitoring.
BWA,72,1967,0.0,9.16,1.8,23.13,Universal Analysis Mode,Healthy,Machine is safe. Continue regular monitoring.
BWA,72,1968,0.0,8.8,1.8,22.89,Universal Analysis Mode,Healthy,Machine is safe. Continue regular monitoring.
BWA,72,1969,0.0,8.35,1.8,23.0,Universal Analysis Mode,Healthy,Machine is safe. Continue regular monitoring.
BWA,72,1970,0.0,7.88,1.8,22.75,Universal Analysis Mode,Healthy,Machine is safe. Continue regular monitoring.
BWA,72,1971,0.0,9.41,2.24,23.09,Universal Analysis Mode,Healthy,Machine is safe. Continue regular monitoring.
BWA,72,1972,0.0,10.09,2.48,23.11,Universal Analysis Mode,Healthy,Machine is safe. Continue regular monitoring.
BWA,72,1973,0.0,12.59,3.29,23.34,Universal Analysis Mode,Healthy,Machine is safe. Continue regular monitoring.
BWA,72,1974,0.0,39.93,11.58,25.22,Universal Analysis Mode,Healthy,Machine is safe. Continue regular monitoring.
BWA,72,1975,0.0,36.44,11.53,25.48,Universal Analysis Mode,Healthy,Machine is safe. Continue regular monitoring.
BWA,72,1976,0.0,38.23,12.8,27.07,Universal Analysis Mode,Healthy,Machine is safe. Continue regular monitoring.
BWA,72,1977,0.0,39.04,13.92,28.28,Universal Analysis Mode,Healthy,Machine is safe. Continue regular monitoring.
BWA,72,1978,0.0,36.54,14.02,27.95,Universal Analysis Mode,Healthy,Machine is safe. Continue regular monitoring.
BWA,72,1979,0.0,74.02,31.61,30.32,Universal Analysis Mode,Warning,Maintenance inspection recommended soon.
BWA,72,1980,0.0,75.97,36.83,31.55,Universal Analysis Mode,Warning,Maintenance inspection recommended soon.
BWA,72,1981,0.0,67.14,35.93,32.04,Universal Analysis Mode,Warning,Maintenance inspection recommended soon.
BWA,72,1982,0.0,58.02,32.97,32.13,Universal Analysis Mode,Warning,Maintenance inspection recommended soon.
BWA,72,1983,0.0,50.39,29.55,31.73,Universal Analysis Mode,Warning,Maintenance inspection recommended soon.
BWA,72,1984,0.0,45.82,28.78,31.36,Universal Analysis Mode,Warning,Maintenance inspection recommended soon.
BWA,72,1985,0.0,43.43,27.56,31.08,Universal Analysis Mode,Warning,Maintenance inspection recommended soon.
BWA,72,1986,0.0,22.22,14.43,28.68,Universal Analysis Mode,Healthy,Machine is safe. Continue regular monitoring.
BWA,72,1987,0.0,27.46,18.44,27.75,Universal Analysis Mode,Healthy,Machine is safe. Continue regular monitoring.
BWA,72,1988,0.0,21.42,14.92,26.17,Universal Analysis Mode,Healthy,Machine is safe. Continue regular monitoring.
BWA,72,1989,0.0,24.87,18.23,26.63,Universal Analysis Mode,Healthy,Machine is safe. Continue regular monitoring.
BWA,72,1990,0.0,30.88,23.73,28.61,Universal Analysis Mode,Healthy,Machine is safe. Continue regular monitoring.
BWA,72,1991,0.0,24.95,20.0,28.49,Universal Analysis Mode,Healthy,Machine is safe. Continue regular monitoring.
BWA,72,1992,0.0,23.39,19.32,26.96,Universal Analysis Mode,Healthy,Machine is safe. Continue regular monitoring.
BWA,72,1993,0.0,20.01,16.97,26.55,Universal Analysis Mode,Healthy,Machine is safe. Continue regular monitoring.
BWA,72,1994,0.0,18.26,15.82,25.99,Universal Analysis Mode,Healthy,Machine is safe. Continue regular monitoring.
BWA,72,1995,0.0,19.1,17.02,25.92,Universal Analysis Mode,Healthy,Machine is safe. Continue regular monitoring.
BWA,72,1996,0.0,22.48,20.67,26.69,Universal Analysis Mode,Healthy,Machine is safe. Continue regular monitoring.
BWA,72,1997,0.0,20.38,19.09,26.51,Universal Analysis Mode,Healthy,Machine is safe. Continue regular monitoring.
BWA,72,1998,0.0,13.62,12.72,25.48,Universal Analysis Mode,Healthy,Machine is safe. Continue regular monitoring.
BWA,72,1999,0.0,18.56,17.97,26.22,Universal Analysis Mode,Healthy,Machine is safe. Continue regular monitoring.
BWA,72,2000,0.0,28.5,28.5,29.39,Universal Analysis Mode,Healthy,Machine is safe. Continue regular monitoring.
BWA,72,2001,0.0,23.7,24.44,29.33,Universal Analysis Mode,Healthy,Machine is safe. Continue regular monitoring.
BWA,72,2002,0.0,23.72,25.02,28.91,Universal Analysis Mode,Healthy,Machine is safe. Continue regular monitoring.
BWA,72,2003,0.0,26.54,28.83,31.01,Universal Analysis Mode,Warning,Maintenance inspection recommended soon.
BWA,72,2004,0.0,34.3,38.26,31.51,Universal Analysis Mode,Warning,Maintenance inspection recommended soon.
BWA,72,2005,0.0,47.26,54.52,32.76,Universal Analysis Mode,Warning,Maintenance inspection recommended soon.
BWA,72,2006,0.0,55.37,65.14,32.18,Universal Analysis Mode,Warning,Maintenance inspection recommended soon.
BWA,72,2007,0.0,60.12,72.39,32.13,Universal Analysis Mode,Warning,Maintenance inspection recommended soon.
BWA,72,2008,0.0,77.79,97.26,32.8,Universal Analysis Mode,Warning,Maintenance inspection recommended soon.
BWA,72,2009,0.0,49.5,61.67,29.68,Universal Analysis Mode,Healthy,Machine is safe. Continue regular monitoring.
BWA,72,2010,0.0,62.78,79.5,30.79,Universal Analysis Mode,Warning,Maintenance inspection recommended soon.
BWA,72,2011,0.0,85.17,111.26,30.25,Universal Analysis Mode,Warning,Maintenance inspection recommended soon.
BWA,72,2012,0.0,83.75,111.67,29.12,Universal Analysis Mode,Healthy,Machine is safe. Continue regular monitoring.
BWA,72,2013,0.0,80.32,108.66,29.35,Universal Analysis Mode,Healthy,Machine is safe. Continue regular monitoring.
BWA,72,2014,0.0,71.97,98.95,30.4,Universal Analysis Mode,Warning,Maintenance inspection recommended soon.
BRA,76,1932,49800.0,10.86,0.87,32.72,Universal Analysis Mode,Warning,Maintenance inspection recommended soon.
BRA,76,1933,49800.0,8.82,0.67,32.73,Universal Analysis Mode,Warning,Maintenance inspection recommended soon.
BRA,76,1934,49800.0,12.72,1.0,33.24,Universal Analysis Mode,Warning,Maintenance inspection recommended soon.
BRA,76,1935,49800.0,12.04,0.97,32.92,Universal Analysis Mode,Warning,Maintenance inspection recommended soon.
BRA,76,1936,49800.0,13.38,1.09,33.26,Universal Analysis Mode,Warning,Maintenance inspection recommended soon.
BRA,76,1937,49800.0,13.98,1.18,33.05,Universal Analysis Mode,Warning,Maintenance inspection recommended soon.
BRA,76,1938,49800.0,13.66,1.13,33.09,Universal Analysis Mode,Warning,Maintenance inspection recommended soon.
BRA,76,1939,49800.0,12.5,1.02,33.02,Universal Analysis Mode,Warning,Maintenance inspection recommended soon.
BRA,76,1940,273.0,12.38,1.02,30.92,Universal Analysis Mode,Warning,Maintenance inspection recommended soon.
BRA,76,1941,410.0,13.18,1.14,30.96,Universal Analysis Mode,Warning,Maintenance inspection recommended soon.
BRA,76,1942,4508.0,12.42,1.19,30.82,Universal Analysis Mode,Warning,Maintenance inspection recommended soon.
BRA,76,1943,6557.0,11.81,1.2,30.57,Universal Analysis Mode,Warning,Maintenance inspection recommended soon.
BRA,76,1944,7923.0,11.71,1.21,30.54,Universal Analysis Mode,Warning,Maintenance inspection recommended soon.
BRA,76,1945,10792.0,9.93,1.05,30.2,Universal Analysis Mode,Warning,Maintenance inspection recommended soon.
BRA,76,1946,9153.0,9.77,1.12,30.11,Universal Analysis Mode,Warning,Maintenance inspection recommended soon.
BRA,76,1947,13251.0,14.48,1.9,31.05,Universal Analysis Mode,Warning,Maintenance inspection recommended soon.
BRA,76,1948,19672.0,14.07,1.99,31.06,Universal Analysis Mode,Warning,Maintenance inspection recommended soon.
BRA,76,1949,14891.0,12.71,1.78,30.65,Universal Analysis Mode,Warning,Maintenance inspection recommended soon.
BRA,76,1950,46311.0,12.08,1.71,30.31,Universal Analysis Mode,Warning,Maintenance inspection recommended soon.
BRA,76,1951,94399.0,11.2,1.71,31.86,Universal Analysis Mode,Warning,Maintenance inspection recommended soon.
BRA,76,1952,102459.0,10.96,1.71,31.89,Universal Analysis Mode,Warning,Maintenance inspection recommended soon.
BRA,76,1953,125137.0,12.27,1.93,32.55,Universal Analysis Mode,Warning,Maintenance inspection recommended soon.
BRA,76,1954,135656.0,12.21,1.93,32.51,Universal Analysis Mode,Warning,Maintenance inspection recommended soon.
BRA,76,1955,276230.0,12.27,1.93,37.69,Universal Analysis Mode,Warning,Maintenance inspection recommended soon.
BRA,76,1956,554508.0,12.07,1.93,40.72,Universal Analysis Mode,Warning,Maintenance inspection recommended soon.
BRA,76,1957,1380601.0,11.48,1.9,44.97,Universal Analysis Mode,Warning,Maintenance inspection recommended soon.
BRA,76,1958,2584563.0,12.25,2.08,47.63,Universal Analysis Mode,Warning,Maintenance inspection recommended soon.
BRA,76,1959,3222678.0,12.14,2.08,48.17,Universal Analysis Mode,Warning,Maintenance inspection recommended soon.
BRA,76,1960,4045492.0,10.91,1.9,48.42,Universal Analysis Mode,Warning,Maintenance inspection recommended soon.
BRA,76,1961,4756148.0,10.24,1.8,48.54,Universal Analysis Mode,Warning,Maintenance inspection recommended soon.
BRA,76,1962,4562978.0,10.12,1.8,49.26,Universal Analysis Mode,Warning,Maintenance inspection recommended soon.
BRA,76,1963,4878962.0,9.99,1.8,49.17,Universal Analysis Mode,Warning,Maintenance inspection recommended soon.
BRA,76,1964,4550546.0,9.86,1.8,47.52,Universal Analysis Mode,Warning,Maintenance inspection recommended soon.
BRA,76,1965,4718852.0,9.71,1.8,48.19,Universal Analysis Mode,Warning,Maintenance inspection recommended soon.
BRA,76,1966,5798634.0,9.41,1.8,47.91,Universal Analysis Mode,Warning,Maintenance inspection recommended soon.
BRA,76,1967,7462022.0,9.16,1.8,48.34,Universal Analysis Mode,Warning,Maintenance inspection recommended soon.
BRA,76,1968,8030738.0,8.8,1.8,48.18,Universal Analysis Mode,Warning,Maintenance inspection recommended soon.
BRA,76,1969,8612705.0,8.35,1.8,48.35,Universal Analysis Mode,Warning,Maintenance inspection recommended soon.
BRA,76,1970,8009000.0,7.88,1.8,48.55,Universal Analysis Mode,Warning,Maintenance inspection recommended soon.
BRA,76,1971,8313000.0,9.41,2.24,49.33,Universal Analysis Mode,Warning,Maintenance inspection recommended soon.
BRA,76,1972,8158000.0,10.09,2.48,49.46,Universal Analysis Mode,Warning,Maintenance inspection recommended soon.
BRA,76,1973,8296000.0,12.59,3.29,50.37,Universal Analysis Mode,Warning,Maintenance inspection recommended soon.
BRA,76,1974,8648000.0,39.93,11.58,53.51,Universal Analysis Mode,Warning,Maintenance inspection recommended soon.
BRA,76,1975,8366000.0,36.44,11.53,53.74,Universal Analysis Mode,Warning,Maintenance inspection recommended soon.
BRA,76,1976,8344000.0,38.23,12.8,55.4,Universal Analysis Mode,Warning,Maintenance inspection recommended soon.
BRA,76,1977,8025000.0,39.04,13.92,56.67,Universal Analysis Mode,Warning,Maintenance inspection recommended soon.
BRA,76,1978,8002000.0,36.54,14.02,56.3,Universal Analysis Mode,Warning,Maintenance inspection recommended soon.
BRA,76,1979,8262000.0,74.02,31.61,59.15,Universal Analysis Mode,Warning,Maintenance inspection recommended soon.
BRA,76,1980,9083000.0,75.97,36.83,60.6,Universal Analysis Mode,Warning,Maintenance inspection recommended soon.
BRA,76,1981,10700000.0,67.14,35.93,61.2,Universal Analysis Mode,Warning,Maintenance inspection recommended soon.
BRA,76,1982,13000000.0,58.02,32.97,61.4,Universal Analysis Mode,Warning,Maintenance inspection recommended soon.
BRA,76,1983,16600000.0,50.39,29.55,61.14,Universal Analysis Mode,Warning,Maintenance inspection recommended soon.
BRA,76,1984,23300000.0,45.82,28.78,60.98,Universal Analysis Mode,Warning,Maintenance inspection recommended soon.
BRA,76,1985,27500000.0,43.43,27.56,60.78,Universal Analysis Mode,Warning,Maintenance inspection recommended soon.
BRA,76,1986,28800000.0,22.22,14.43,54.89,Universal Analysis Mode,Warning,Maintenance inspection recommended soon.
BRA,76,1987,29100000.0,27.46,18.44,53.74,Universal Analysis Mode,Warning,Maintenance inspection recommended soon.
BRA,76,1988,28500000.0,21.42,14.92,52.77,Universal Analysis Mode,Warning,Maintenance inspection recommended soon.
BRA,76,1989,30400000.0,24.87,18.23,52.61,Universal Analysis Mode,Warning,Maintenance inspection recommended soon.
BRA,76,1990,32300000.0,30.88,23.73,54.07,Universal Analysis Mode,Warning,Maintenance inspection recommended soon.
BRA,76,1991,31900000.0,24.95,20.0,53.92,Universal Analysis Mode,Warning,Maintenance inspection recommended soon.
BRA,76,1992,32300000.0,23.39,19.32,52.31,Universal Analysis Mode,Warning,Maintenance inspection recommended soon.
BRA,76,1993,32900000.0,20.01,16.97,51.88,Universal Analysis Mode,Warning,Maintenance inspection recommended soon.
BRA,76,1994,34300000.0,18.26,15.82,51.28,Universal Analysis Mode,Warning,Maintenance inspection recommended soon.
BRA,76,1995,35500000.0,19.1,17.02,52.05,Universal Analysis Mode,Warning,Maintenance inspection recommended soon.
BRA,76,1996,40200000.0,22.48,20.67,52.94,Universal Analysis Mode,Warning,Maintenance inspection recommended soon.
BRA,76,1997,43100000.0,20.38,19.09,52.8,Universal Analysis Mode,Warning,Maintenance inspection recommended soon.
BRA,76,1998,49800000.0,13.62,12.72,51.1,Universal Analysis Mode,Warning,Maintenance inspection recommended soon.
BRA,76,1999,56300000.0,18.56,17.97,49.9,Universal Analysis Mode,Warning,Maintenance inspection recommended soon.
BRA,76,2000,63200000.0,28.5,28.5,53.43,Universal Analysis Mode,Warning,Maintenance inspection recommended soon.
BRA,76,2001,64500000.0,23.7,24.44,53.21,Universal Analysis Mode,Warning,Maintenance inspection recommended soon.
BRA,76,2002,72500000.0,23.72,25.02,53.08,Universal Analysis Mode,Warning,Maintenance inspection recommended soon.
BRA,76,2003,74500000.0,26.54,28.83,55.39,Universal Analysis Mode,Warning,Maintenance inspection recommended soon.
BRA,76,2004,73600000.0,34.3,38.26,55.85,Universal Analysis Mode,Warning,Maintenance inspection recommended soon.
BRA,76,2005,81400000.0,47.26,54.52,57.44,Universal Analysis Mode,Warning,Maintenance inspection recommended soon.
BRA,76,2006,85800000.0,55.37,65.14,62.44,Universal Analysis Mode,Warning,Maintenance inspection recommended soon.
BRA,76,2007,87050183.37,60.12,72.39,57.14,Universal Analysis Mode,Warning,Maintenance inspection recommended soon.
BRA,76,2008,90248949.42,77.79,97.26,63.3,Universal Analysis Mode,Warning,Maintenance inspection recommended soon.
BRA,76,2009,97128127.7,49.5,61.67,61.41,Universal Analysis Mode,Warning,Maintenance inspection recommended soon.
BRA,76,2010,102322465.9,62.78,79.5,60.49,Universal Analysis Mode,Warning,Maintenance inspection recommended soon.
BRA,76,2011,104849317.4,85.17,111.26,60.08,Universal Analysis Mode,Warning,Maintenance inspection recommended soon.
BRA,76,2012,102649029.4,83.75,111.67,59.58,Universal Analysis Mode,Warning,Maintenance inspection recommended soon.
BRA,76,2013,100788998.41,80.32,108.66,57.11,Universal Analysis Mode,Warning,Maintenance inspection recommended soon.
BRA,76,2014,112279095.44,71.97,98.95,58.98,Universal Analysis Mode,Warning,Maintenance inspection recommended soon.
BRN,96,1932,518579.3,10.86,0.87,33.53,Universal Analysis Mode,Warning,Maintenance inspection recommended soon.
BRN,96,1933,613388.0,8.82,0.67,33.39,Universal Analysis Mode,Warning,Maintenance inspection recommended soon.
BRN,96,1934,702185.8,12.72,1.0,35.98,Universal Analysis Mode,Warning,Maintenance inspection recommended soon.
BRN,96,1935,757650.3,12.04,0.97,35.7,Universal Analysis Mode,Warning,Maintenance inspection recommended soon.
BRN,96,1936,711612.0,13.38,1.09,36.09,Universal Analysis Mode,Warning,Maintenance inspection recommended soon.
BRN,96,1937,820901.6,13.98,1.18,36.34,Universal Analysis Mode,Warning,Maintenance inspection recommended soon.
BRN,96,1938,944398.9,13.66,1.13,36.68,Universal Analysis Mode,Warning,Maintenance inspection recommended soon.
BRN,96,1939,969535.5,12.5,1.02,36.42,Universal Analysis Mode,Warning,Maintenance inspection recommended soon.
BRN,96,1940,962704.9,12.38,1.02,36.31,Universal Analysis Mode,Warning,Maintenance inspection recommended soon.
BRN,96,1941,801092.9,13.18,1.14,36.05,Universal Analysis Mode,Warning,Maintenance inspection recommended soon.
BRN,96,1942,409836.1,12.42,1.19,33.15,Universal Analysis Mode,Warning,Maintenance inspection recommended soon.
BRN,96,1943,614754.1,11.81,1.2,34.66,Universal Analysis Mode,Warning,Maintenance inspection recommended soon.
BRN,96,1944,819672.1,11.71,1.21,35.49,Universal Analysis Mode,Warning,Maintenance inspection recommended soon.
BRN,96,1945,286885.3,9.93,1.05,30.96,Universal Analysis Mode,Warning,Maintenance inspection recommended soon.
BRN,96,1946,280054.7,9.77,1.12,30.77,Universal Analysis Mode,Warning,Maintenance inspection recommended soon.
BRN,96,1947,1771858.0,14.48,1.9,38.74,Universal Analysis Mode,Warning,Maintenance inspection recommended soon.
BRN,96,1948,2749180.0,14.07,1.99,39.44,Universal Analysis Mode,Warning,Maintenance inspection recommended soon.
BRN,96,1949,3430055.0,12.71,1.78,39.07,Universal Analysis Mode,Warning,Maintenance inspection recommended soon.
BRN,96,1950,4229235.0,12.08,1.71,43.37,Universal Analysis Mode,Warning,Maintenance inspection recommended soon.
BRN,96,1951,5123634.0,11.2,1.71,43.26,Universal Analysis Mode,Warning,Maintenance inspection recommended soon.
BRN,96,1952,3859426.0,10.96,1.71,43.06,Universal Analysis Mode,Warning,Maintenance inspection recommended soon.
BRN,96,1953,5033880.0,12.27,1.93,43.78,Universal Analysis Mode,Warning,Maintenance inspection recommended soon.
BRN,96,1954,4961066.0,12.21,1.93,43.66,Universal Analysis Mode,Warning,Maintenance inspection recommended soon.
BRN,96,1955,5430465.0,12.27,1.93,45.9,Universal Analysis Mode,Warning,Maintenance inspection recommended soon.
BRN,96,1956,5871995.0,12.07,1.93,45.93,Universal Analysis Mode,Warning,Maintenance inspection recommended soon.
BRN,96,1957,5713252.0,11.48,1.9,45.6,Universal Analysis Mode,Warning,Maintenance inspection recommended soon.
BRN,96,1958,5403142.0,12.25,2.08,46.05,Universal Analysis Mode,Warning,Maintenance inspection recommended soon.
BRN,96,1959,5474317.0,12.14,2.08,46.08,Universal Analysis Mode,Warning,Maintenance inspection recommended soon.
BRN,96,1960,4645629.0,10.91,1.9,45.86,Universal Analysis Mode,Warning,Maintenance inspection recommended soon.
BRN,96,1961,4173634.0,10.24,1.8,45.7,Universal Analysis Mode,Warning,Maintenance inspection recommended soon.
BRN,96,1962,3857377.0,10.12,1.8,46.51,Universal Analysis Mode,Warning,Maintenance inspection recommended soon.
BRN,96,1963,4055874.0,9.99,1.8,46.46,Universal Analysis Mode,Warning,Maintenance inspection recommended soon.
BRN,96,1964,3861339.0,9.86,1.8,45.48,Universal Analysis Mode,Warning,Maintenance inspection recommended soon.
BRN,96,1965,4008470.0,9.71,1.8,46.12,Universal Analysis Mode,Warning,Maintenance inspection recommended soon.
BRN,96,1966,4821722.0,9.41,1.8,45.6,Universal Analysis Mode,Warning,Maintenance inspection recommended soon.
BRN,96,1967,5185929.0,9.16,1.8,45.57,Universal Analysis Mode,Warning,Maintenance inspection recommended soon.
BRN,96,1968,6100273.0,8.8,1.8,45.94,Universal Analysis Mode,Warning,Maintenance inspection recommended soon.
BRN,96,1969,6232787.0,8.35,1.8,46.09,Universal Analysis Mode,Warning,Maintenance inspection recommended soon.
BRN,96,1970,6869946.0,7.88,1.8,45.87,Universal Analysis Mode,Warning,Maintenance inspection recommended soon.
BRN,96,1971,6486612.0,9.41,2.24,46.21,Universal Analysis Mode,Warning,Maintenance inspection recommended soon.
BRN,96,1972,9236066.0,10.09,2.48,46.5,Universal Analysis Mode,Warning,Maintenance inspection recommended soon.
BRN,96,1973,10700000.0,12.59,3.29,47.04,Universal Analysis Mode,Warning,Maintenance inspection recommended soon.
BRN,96,1974,9609016.0,39.93,11.58,49.38,Universal Analysis Mode,Warning,Maintenance inspection recommended soon.
BRN,96,1975,9150546.0,36.44,11.53,49.64,Universal Analysis Mode,Warning,Maintenance inspection recommended soon.
BRN,96,1976,10200000.0,38.23,12.8,51.44,Universal Analysis Mode,Warning,Maintenance inspection recommended soon.
BRN,96,1977,10500000.0,39.04,13.92,52.74,Universal Analysis Mode,Warning,Maintenance inspection recommended soon.
BRN,96,1978,10200000.0,36.54,14.02,52.34,Universal Analysis Mode,Warning,Maintenance inspection recommended soon.
BRN,96,1979,11700000.0,74.02,31.61,55.09,Universal Analysis Mode,Warning,Maintenance inspection recommended soon.
BRN,96,1980,11800000.0,75.97,36.83,56.44,Universal Analysis Mode,Warning,Maintenance inspection recommended soon.
BRN,96,1981,8716667.0,67.14,35.93,56.79,Universal Analysis Mode,Warning,Maintenance inspection recommended soon.
BRN,96,1982,8227459.0,58.02,32.97,56.81,Universal Analysis Mode,Warning,Maintenance inspection recommended soon.
BRN,96,1983,8726093.0,50.39,29.55,56.38,Universal Analysis Mode,Warning,Maintenance inspection recommended soon.
BRN,96,1984,8000000.0,45.82,28.78,56.71,Universal Analysis Mode,Warning,Maintenance inspection recommended soon.
BRN,96,1985,7964481.0,43.43,27.56,56.4,Universal Analysis Mode,Warning,Maintenance inspection recommended soon.
BRN,96,1986,8176230.0,22.22,14.43,57.41,Universal Analysis Mode,Warning,Maintenance inspection recommended soon.
BRN,96,1987,6940574.0,27.46,18.44,56.36,Universal Analysis Mode,Warning,Maintenance inspection recommended soon.
BRN,96,1988,6896995.0,21.42,14.92,54.63,Universal Analysis Mode,Warning,Maintenance inspection recommended soon.
BRN,96,1989,7080601.0,24.87,18.23,55.15,Universal Analysis Mode,Warning,Maintenance inspection recommended soon.
BRN,96,1990,6693989.0,30.88,23.73,61.87,Universal Analysis Mode,Warning,Maintenance inspection recommended soon.
BRN,96,1991,8077869.0,24.95,20.0,61.79,Universal Analysis Mode,Warning,Maintenance inspection recommended soon.
BRN,96,1992,8569809.0,23.39,19.32,60.2,Universal Analysis Mode,Warning,Maintenance inspection recommended soon.
BRN,96,1993,8975410.0,20.01,16.97,59.76,Universal Analysis Mode,Warning,Maintenance inspection recommended soon.
BRN,96,1994,8875683.0,18.26,15.82,59.14,Universal Analysis Mode,Warning,Maintenance inspection recommended soon.
BRN,96,1995,8726093.0,19.1,17.02,59.1,Universal Analysis Mode,Warning,Maintenance inspection recommended soon.
BRN,96,1996,8506694.0,22.48,20.67,59.91,Universal Analysis Mode,Warning,Maintenance inspection recommended soon.
BRN,96,1997,8128416.0,20.38,19.09,59.68,Universal Analysis Mode,Warning,Maintenance inspection recommended soon.
BRN,96,1998,7847814.0,13.62,12.72,58.41,Universal Analysis Mode,Warning,Maintenance inspection recommended soon.
BRN,96,1999,9117623.0,18.56,17.97,59.38,Universal Analysis Mode,Warning,Maintenance inspection recommended soon.
BRN,96,2000,9628689.0,28.5,28.5,62.96,Universal Analysis Mode,Warning,Maintenance inspection recommended soon.
BRN,96,2001,9720000.0,23.7,24.44,62.86,Universal Analysis Mode,Warning,Maintenance inspection recommended soon.
BRN,96,2002,8120000.0,23.72,25.02,62.36,Universal Analysis Mode,Warning,Maintenance inspection recommended soon.
BRN,96,2003,8460000.0,26.54,28.83,64.74,Universal Analysis Mode,Warning,Maintenance inspection recommended soon.
BRN,96,2004,8870000.0,34.3,38.26,65.35,Universal Analysis Mode,Warning,Maintenance inspection recommended soon.
BRN,96,2005,9510000.0,47.26,54.52,66.87,Universal Analysis Mode,Warning,Maintenance inspection recommended soon.
BRN,96,2006,9870000.0,55.37,65.14,66.25,Universal Analysis Mode,Warning,Maintenance inspection recommended soon.
BRN,96,2007,7731143.23,60.12,72.39,66.1,Universal Analysis Mode,Warning,Maintenance inspection recommended soon.
BRN,96,2008,6647619.73,77.79,97.26,66.85,Universal Analysis Mode,Warning,Maintenance inspection recommended soon.
BRN,96,2009,6504289.36,49.5,61.67,63.23,Universal Analysis Mode,Warning,Maintenance inspection recommended soon.
BRN,96,2010,6780849.67,62.78,79.5,64.65,Universal Analysis Mode,Warning,Maintenance inspection recommended soon.
BRN,96,2011,6271525.65,85.17,111.26,64.17,Universal Analysis Mode,Warning,Maintenance inspection recommended soon.
BRN,96,2012,7253791.81,83.75,111.67,62.98,Universal Analysis Mode,Warning,Maintenance inspection recommended soon.
BRN,96,2013,6074644.84,80.32,108.66,53.57,Universal Analysis Mode,Warning,Maintenance inspection recommended soon.
BRN,96,2014,5569550.33,71.97,98.95,55.89,Universal Analysis Mode,Warning,Maintenance inspection recommended soon.
BGR,100,1932,49800.0,10.86,0.87,29.54,Universal Analysis Mode,Healthy,Machine is safe. Continue regular monitoring.
BGR,100,1933,49800.0,8.82,0.67,29.53,Universal Analysis Mode,Healthy,Machine is safe. Continue regular monitoring.
BGR,100,1934,49800.0,12.72,1.0,30.02,Universal Analysis Mode,Warning,Maintenance inspection recommended soon.
BGR,100,1935,49800.0,12.04,0.97,29.67,Universal Analysis Mode,Healthy,Machine is safe. Continue regular monitoring.
BGR,100,1936,49800.0,13.38,1.09,30.12,Universal Analysis Mode,Warning,Maintenance inspection recommended soon.
BGR,100,1937,49800.0,13.98,1.18,30.03,Universal Analysis Mode,Warning,Maintenance inspection recommended soon.
BGR,100,1938,49800.0,13.66,1.13,30.07,Universal Analysis Mode,Warning,Maintenance inspection recommended soon.
BGR,100,1939,49800.0,12.5,1.02,30.0,Universal Analysis Mode,Warning,Maintenance inspection recommended soon.
BGR,100,1940,49800.0,12.38,1.02,29.93,Universal Analysis Mode,Healthy,Machine is safe. Continue regular monitoring.
BGR,100,1941,49800.0,13.18,1.14,29.97,Universal Analysis Mode,Healthy,Machine is safe. Continue regular monitoring.
BGR,100,1942,49800.0,12.42,1.19,29.79,Universal Analysis Mode,Healthy,Machine is safe. Continue regular monitoring.
BGR,100,1943,49800.0,11.81,1.2,29.55,Universal Analysis Mode,Healthy,Machine is safe. Continue regular monitoring.
BGR,100,1944,49800.0,11.71,1.21,29.52,Universal Analysis Mode,Healthy,Machine is safe. Continue regular monitoring.
BGR,100,1945,49800.0,9.93,1.05,29.18,Universal Analysis Mode,Healthy,Machine is safe. Continue regular monitoring.
BGR,100,1946,49800.0,9.77,1.12,29.09,Universal Analysis Mode,Healthy,Machine is safe. Continue regular monitoring.
BGR,100,1947,49800.0,14.48,1.9,30.05,Universal Analysis Mode,Warning,Maintenance inspection recommended soon.
BGR,100,1948,49800.0,14.07,1.99,30.08,Universal Analysis Mode,Warning,Maintenance inspection recommended soon.
BGR,100,1949,49800.0,12.71,1.78,29.64,Universal Analysis Mode,Healthy,Machine is safe. Continue regular monitoring.
BGR,100,1950,49800.0,12.08,1.71,29.48,Universal Analysis Mode,Healthy,Machine is safe. Continue regular monitoring.
BGR,100,1951,49800.0,11.2,1.71,29.28,Universal Analysis Mode,Healthy,Machine is safe. Continue regular monitoring.
BGR,100,1952,49800.0,10.96,1.71,29.26,Universal Analysis Mode,Healthy,Machine is safe. Continue regular monitoring.
BGR,100,1953,49800.0,12.27,1.93,29.78,Universal Analysis Mode,Healthy,Machine is safe. Continue regular monitoring.
BGR,100,1954,49800.0,12.21,1.93,29.69,Universal Analysis Mode,Healthy,Machine is safe. Continue regular monitoring.
BGR,100,1955,150683.0,12.27,1.93,30.96,Universal Analysis Mode,Warning,Maintenance inspection recommended soon.
BGR,100,1956,231011.0,12.07,1.93,33.55,Universal Analysis Mode,Warning,Maintenance inspection recommended soon.
BGR,100,1957,286202.0,11.48,1.9,33.89,Universal Analysis Mode,Warning,Maintenance inspection recommended soon.
BGR,100,1958,222951.0,12.25,2.08,33.67,Universal Analysis Mode,Warning,Maintenance inspection recommended soon.
BGR,100,1959,191530.0,12.14,2.08,32.69,Universal Analysis Mode,Warning,Maintenance inspection recommended soon.
BGR,100,1960,199454.0,10.91,1.9,33.09,Universal Analysis Mode,Warning,Maintenance inspection recommended soon.
BGR,100,1961,206284.0,10.24,1.8,32.43,Universal Analysis Mode,Warning,Maintenance inspection recommended soon.
BGR,100,1962,199454.0,10.12,1.8,32.12,Universal Analysis Mode,Warning,Maintenance inspection recommended soon.
BGR,100,1963,173000.0,9.99,1.8,31.71,Universal Analysis Mode,Warning,Maintenance inspection recommended soon.
BGR,100,1964,160000.0,9.86,1.8,30.66,Universal Analysis Mode,Warning,Maintenance inspection recommended soon.
BGR,100,1965,229000.0,9.71,1.8,33.57,Universal Analysis Mode,Warning,Maintenance inspection recommended soon.
BGR,100,1966,400000.0,9.41,1.8,35.45,Universal Analysis Mode,Warning,Maintenance inspection recommended soon.
BGR,100,1967,499000.0,9.16,1.8,36.22,Universal Analysis Mode,Warning,Maintenance inspection recommended soon.
BGR,100,1968,475000.0,8.8,1.8,41.97,Universal Analysis Mode,Warning,Maintenance inspection recommended soon.
BGR,100,1969,325000.0,8.35,1.8,40.7,Universal Analysis Mode,Warning,Maintenance inspection recommended soon.
BGR,100,1970,334000.0,7.88,1.8,39.63,Universal Analysis Mode,Warning,Maintenance inspection recommended soon.
BGR,100,1971,305000.0,9.41,2.24,39.09,Universal Analysis Mode,Warning,Maintenance inspection recommended soon.
BGR,100,1972,248000.0,10.09,2.48,37.81,Universal Analysis Mode,Warning,Maintenance inspection recommended soon.
BGR,100,1973,190000.0,12.59,3.29,37.81,Universal Analysis Mode,Warning,Maintenance inspection recommended soon.
BGR,100,1974,144000.0,39.93,11.58,42.91,Universal Analysis Mode,Warning,Maintenance inspection recommended soon.
BGR,100,1975,122000.0,36.44,11.53,41.51,Universal Analysis Mode,Warning,Maintenance inspection recommended soon.
BGR,100,1976,117000.0,38.23,12.8,42.63,Universal Analysis Mode,Warning,Maintenance inspection recommended soon.
BGR,100,1977,129000.0,39.04,13.92,44.33,Universal Analysis Mode,Warning,Maintenance inspection recommended soon.
BGR,100,1978,246000.0,36.54,14.02,48.44,Universal Analysis Mode,Warning,Maintenance inspection recommended soon.
BGR,100,1979,260000.0,74.02,31.61,53.38,Universal Analysis Mode,Warning,Maintenance inspection recommended soon.
BGR,100,1980,275000.0,75.97,36.83,54.81,Universal Analysis Mode,Warning,Maintenance inspection recommended soon.
BGR,100,1981,300000.0,67.14,35.93,55.35,Universal Analysis Mode,Warning,Maintenance inspection recommended soon.
BGR,100,1982,300000.0,58.02,32.97,55.29,Universal Analysis Mode,Warning,Maintenance inspection recommended soon.
BGR,100,1983,300000.0,50.39,29.55,54.62,Universal Analysis Mode,Warning,Maintenance inspection recommended soon.
BGR,100,1984,140000.0,45.82,28.78,50.61,Universal Analysis Mode,Warning,Maintenance inspection recommended soon.
BGR,100,1985,105000.0,43.43,27.56,47.95,Universal Analysis Mode,Warning,Maintenance inspection recommended soon.
BGR,100,1986,93000.0,22.22,14.43,38.95,Universal Analysis Mode,Warning,Maintenance inspection recommended soon.
BGR,100,1987,85000.0,27.46,18.44,38.28,Universal Analysis Mode,Warning,Maintenance inspection recommended soon.
BGR,100,1988,77000.0,21.42,14.92,34.59,Universal Analysis Mode,Warning,Maintenance inspection recommended soon.
BGR,100,1989,73000.0,24.87,18.23,35.3,Universal Analysis Mode,Warning,Maintenance inspection recommended soon.
BGR,100,1990,60000.0,30.88,23.73,33.48,Universal Analysis Mode,Warning,Maintenance inspection recommended soon.
BGR,100,1991,58000.0,24.95,20.0,32.94,Universal Analysis Mode,Warning,Maintenance inspection recommended soon.
BGR,100,1992,53000.0,23.39,19.32,31.4,Universal Analysis Mode,Warning,Maintenance inspection recommended soon.
BGR,100,1993,43000.0,20.01,16.97,29.1,Universal Analysis Mode,Healthy,Machine is safe. Continue regular monitoring.
BGR,100,1994,36000.0,18.26,15.82,27.04,Universal Analysis Mode,Healthy,Machine is safe. Continue regular monitoring.
BGR,100,1995,43000.0,19.1,17.02,28.13,Universal Analysis Mode,Healthy,Machine is safe. Continue regular monitoring.
BGR,100,1996,32000.0,22.48,20.67,27.7,Universal Analysis Mode,Healthy,Machine is safe. Continue regular monitoring.
BGR,100,1997,28000.0,20.38,19.09,27.45,Universal Analysis Mode,Healthy,Machine is safe. Continue regular monitoring.
BGR,100,1998,33000.0,13.62,12.72,25.73,Universal Analysis Mode,Healthy,Machine is safe. Continue regular monitoring.
BGR,100,1999,40000.0,18.56,17.97,27.28,Universal Analysis Mode,Healthy,Machine is safe. Continue regular monitoring.
BGR,100,2000,42000.0,28.5,28.5,33.38,Universal Analysis Mode,Warning,Maintenance inspection recommended soon.
BGR,100,2001,30029.4,23.7,24.44,30.08,Universal Analysis Mode,Warning,Maintenance inspection recommended soon.
BGR,100,2002,36852.0,23.72,25.02,29.78,Universal Analysis Mode,Healthy,Machine is safe. Continue regular monitoring.
BGR,100,2003,29880.0,26.54,28.83,31.83,Universal Analysis Mode,Warning,Maintenance inspection recommended soon.
BGR,100,2004,49800.0,34.3,38.26,36.3,Universal Analysis Mode,Warning,Maintenance inspection recommended soon.
BGR,100,2005,49800.0,47.26,54.52,37.35,Universal Analysis Mode,Warning,Maintenance inspection recommended soon.
BGR,100,2006,49800.0,55.37,65.14,37.3,Universal Analysis Mode,Warning,Maintenance inspection recommended soon.
BGR,100,2007,49800.0,60.12,72.39,44.19,Universal Analysis Mode,Warning,Maintenance inspection recommended soon.
BGR,100,2008,49800.0,77.79,97.26,43.76,Universal Analysis Mode,Warning,Maintenance inspection recommended soon.
BGR,100,2009,49800.0,49.5,61.67,37.28,Universal Analysis Mode,Warning,Maintenance inspection recommended soon.
BGR,100,2010,49800.0,62.78,79.5,39.11,Universal Analysis Mode,Warning,Maintenance inspection recommended soon.
BGR,100,2011,49800.0,85.17,111.26,41.94,Universal Analysis Mode,Warning,Maintenance inspection recommended soon.
BGR,100,2012,49800.0,83.75,111.67,38.36,Universal Analysis Mode,Warning,Maintenance inspection recommended soon.
BGR,100,2013,49800.0,80.32,108.66,45.45,Universal Analysis Mode,Warning,Maintenance inspection recommended soon.
BGR,100,2014,49800.0,71.97,98.95,47.25,Universal Analysis Mode,Warning,Maintenance inspection recommended soon.
BFA,854,1932,0.0,10.86,0.87,25.73,Universal Analysis Mode,Healthy,Machine is safe. Continue regular monitoring.
BFA,854,1933,0.0,8.82,0.67,25.71,Universal Analysis Mode,Healthy,Machine is safe. Continue regular monitoring.
BFA,854,1934,0.0,12.72,1.0,26.19,Universal Analysis Mode,Healthy,Machine is safe. Continue regular monitoring.
BFA,854,1935,0.0,12.04,0.97,25.83,Universal Analysis Mode,Healthy,Machine is safe. Continue regular monitoring.
BFA,854,1936,0.0,13.38,1.09,26.14,Universal Analysis Mode,Healthy,Machine is safe. Continue regular monitoring.
BFA,854,1937,0.0,13.98,1.18,25.9,Universal Analysis Mode,Healthy,Machine is safe. Continue regular monitoring.
BFA,854,1938,0.0,13.66,1.13,25.93,Universal Analysis Mode,Healthy,Machine is safe. Continue regular monitoring.
BFA,854,1939,0.0,12.5,1.02,25.86,Universal Analysis Mode,Healthy,Machine is safe. Continue regular monitoring.
BFA,854,1940,0.0,12.38,1.02,25.79,Universal Analysis Mode,Healthy,Machine is safe. Continue regular monitoring.
BFA,854,1941,0.0,13.18,1.14,25.81,Universal Analysis Mode,Healthy,Machine is safe. Continue regular monitoring.
BFA,854,1942,0.0,12.42,1.19,25.62,Universal Analysis Mode,Healthy,Machine is safe. Continue regular monitoring.
BFA,854,1943,0.0,11.81,1.2,25.37,Universal Analysis Mode,Healthy,Machine is safe. Continue regular monitoring.
BFA,854,1944,0.0,11.71,1.21,25.33,Universal Analysis Mode,Healthy,Machine is safe. Continue regular monitoring.
BFA,854,1945,0.0,9.93,1.05,24.99,Universal Analysis Mode,Healthy,Machine is safe. Continue regular monitoring.
BFA,854,1946,0.0,9.77,1.12,24.88,Universal Analysis Mode,Healthy,Machine is safe. Continue regular monitoring.
BFA,854,1947,0.0,14.48,1.9,25.83,Universal Analysis Mode,Healthy,Machine is safe. Continue regular monitoring.
BFA,854,1948,0.0,14.07,1.99,25.85,Universal Analysis Mode,Healthy,Machine is safe. Continue regular monitoring.
BFA,854,1949,0.0,12.71,1.78,25.41,Universal Analysis Mode,Healthy,Machine is safe. Continue regular monitoring.
BFA,854,1950,0.0,12.08,1.71,24.8,Universal Analysis Mode,Healthy,Machine is safe. Continue regular monitoring.
BFA,854,1951,0.0,11.2,1.71,24.61,Universal Analysis Mode,Healthy,Machine is safe. Continue regular monitoring.
BFA,854,1952,0.0,10.96,1.71,24.6,Universal Analysis Mode,Healthy,Machine is safe. Continue regular monitoring.
BFA,854,1953,0.0,12.27,1.93,25.11,Universal Analysis Mode,Healthy,Machine is safe. Continue regular monitoring.
BFA,854,1954,0.0,12.21,1.93,25.01,Universal Analysis Mode,Healthy,Machine is safe. Continue regular monitoring.
BFA,854,1955,0.0,12.27,1.93,24.66,Universal Analysis Mode,Healthy,Machine is safe. Continue regular monitoring.
BFA,854,1956,0.0,12.07,1.93,24.64,Universal Analysis Mode,Healthy,Machine is safe. Continue regular monitoring.
BFA,854,1957,0.0,11.48,1.9,24.37,Universal Analysis Mode,Healthy,Machine is safe. Continue regular monitoring.
BFA,854,1958,0.0,12.25,2.08,24.81,Universal Analysis Mode,Healthy,Machine is safe. Continue regular monitoring.
BFA,854,1959,0.0,12.14,2.08,24.84,Universal Analysis Mode,Healthy,Machine is safe. Continue regular monitoring.
BFA,854,1960,0.0,10.91,1.9,25.58,Universal Analysis Mode,Healthy,Machine is safe. Continue regular monitoring.
BFA,854,1961,0.0,10.24,1.8,25.52,Universal Analysis Mode,Healthy,Machine is safe. Continue regular monitoring.
BFA,854,1962,0.0,10.12,1.8,26.38,Universal Analysis Mode,Healthy,Machine is safe. Continue regular monitoring.
BFA,854,1963,0.0,9.99,1.8,26.21,Universal Analysis Mode,Healthy,Machine is safe. Continue regular monitoring.
BFA,854,1964,0.0,9.86,1.8,25.29,Universal Analysis Mode,Healthy,Machine is safe. Continue regular monitoring.
BFA,854,1965,0.0,9.71,1.8,25.89,Universal Analysis Mode,Healthy,Machine is safe. Continue regular monitoring.
BFA,854,1966,0.0,9.41,1.8,25.24,Universal Analysis Mode,Healthy,Machine is safe. Continue regular monitoring.
BFA,854,1967,0.0,9.16,1.8,25.12,Universal Analysis Mode,Healthy,Machine is safe. Continue regular monitoring.
BFA,854,1968,0.0,8.8,1.8,24.88,Universal Analysis Mode,Healthy,Machine is safe. Continue regular monitoring.
BFA,854,1969,0.0,8.35,1.8,25.0,Universal Analysis Mode,Healthy,Machine is safe. Continue regular monitoring.
BFA,854,1970,0.0,7.88,1.8,24.74,Universal Analysis Mode,Healthy,Machine is safe. Continue regular monitoring.
BFA,854,1971,0.0,9.41,2.24,25.07,Universal Analysis Mode,Healthy,Machine is safe. Continue regular monitoring.
BFA,854,1972,0.0,10.09,2.48,25.09,Universal Analysis Mode,Healthy,Machine is safe. Continue regular monitoring.
BFA,854,1973,0.0,12.59,3.29,25.32,Universal Analysis Mode,Healthy,Machine is safe. Continue regular monitoring.
BFA,854,1974,0.0,39.93,11.58,27.19,Universal Analysis Mode,Healthy,Machine is safe. Continue regular monitoring.
BFA,854,1975,0.0,36.44,11.53,27.45,Universal Analysis Mode,Healthy,Machine is safe. Continue regular monitoring.
BFA,854,1976,0.0,38.23,12.8,29.03,Universal Analysis Mode,Healthy,Machine is safe. Continue regular monitoring.
BFA,854,1977,0.0,39.04,13.92,30.23,Universal Analysis Mode,Warning,Maintenance inspection recommended soon.
BFA,854,1978,0.0,36.54,14.02,29.89,Universal Analysis Mode,Healthy,Machine is safe. Continue regular monitoring.
BFA,854,1979,0.0,74.02,31.61,32.26,Universal Analysis Mode,Warning,Maintenance inspection recommended soon.
BFA,854,1980,0.0,75.97,36.83,33.89,Universal Analysis Mode,Warning,Maintenance inspection recommended soon.
BFA,854,1981,0.0,67.14,35.93,34.66,Universal Analysis Mode,Warning,Maintenance inspection recommended soon.
BFA,854,1982,0.0,58.02,32.97,34.77,Universal Analysis Mode,Warning,Maintenance inspection recommended soon.
BFA,854,1983,0.0,50.39,29.55,34.4,Universal Analysis Mode,Warning,Maintenance inspection recommended soon.
BFA,854,1984,0.0,45.82,28.78,34.05,Universal Analysis Mode,Warning,Maintenance inspection recommended soon.
BFA,854,1985,0.0,43.43,27.56,33.81,Universal Analysis Mode,Warning,Maintenance inspection recommended soon.
BFA,854,1986,0.0,22.22,14.43,31.43,Universal Analysis Mode,Warning,Maintenance inspection recommended soon.
BFA,854,1987,0.0,27.46,18.44,30.53,Universal Analysis Mode,Warning,Maintenance inspection recommended soon.
BFA,854,1988,0.0,21.42,14.92,28.98,Universal Analysis Mode,Healthy,Machine is safe. Continue regular monitoring.
BFA,854,1989,0.0,24.87,18.23,29.48,Universal Analysis Mode,Healthy,Machine is safe. Continue regular monitoring.
BFA,854,1990,0.0,30.88,23.73,31.49,Universal Analysis Mode,Warning,Maintenance inspection recommended soon.
BFA,854,1991,0.0,24.95,20.0,31.41,Universal Analysis Mode,Warning,Maintenance inspection recommended soon.
BFA,854,1992,0.0,23.39,19.32,29.92,Universal Analysis Mode,Healthy,Machine is safe. Continue regular monitoring.
BFA,854,1993,0.0,20.01,16.97,29.55,Universal Analysis Mode,Healthy,Machine is safe. Continue regular monitoring.
BFA,854,1994,0.0,18.26,15.82,29.03,Universal Analysis Mode,Healthy,Machine is safe. Continue regular monitoring.
BFA,854,1995,0.0,19.1,17.02,29.01,Universal Analysis Mode,Healthy,Machine is safe. Continue regular monitoring.
BFA,854,1996,0.0,22.48,20.67,29.83,Universal Analysis Mode,Healthy,Machine is safe. Continue regular monitoring.
BFA,854,1997,0.0,20.38,19.09,29.7,Universal Analysis Mode,Healthy,Machine is safe. Continue regular monitoring.
BFA,854,1998,0.0,13.62,12.72,28.71,Universal Analysis Mode,Healthy,Machine is safe. Continue regular monitoring.
BFA,854,1999,0.0,18.56,17.97,29.48,Universal Analysis Mode,Healthy,Machine is safe. Continue regular monitoring.
BFA,854,2000,0.0,28.5,28.5,32.69,Universal Analysis Mode,Warning,Maintenance inspection recommended soon.
BFA,854,2001,0.0,23.7,24.44,32.67,Universal Analysis Mode,Warning,Maintenance inspection recommended soon.
BFA,854,2002,0.0,23.72,25.02,32.3,Universal Analysis Mode,Warning,Maintenance inspection recommended soon.
BFA,854,2003,0.0,26.54,28.83,34.46,Universal Analysis Mode,Warning,Maintenance inspection recommended soon.
BFA,854,2004,0.0,34.3,38.26,34.99,Universal Analysis Mode,Warning,Maintenance inspection recommended soon.
BFA,854,2005,0.0,47.26,54.52,36.28,Universal Analysis Mode,Warning,Maintenance inspection recommended soon.
BFA,854,2006,0.0,55.37,65.14,35.75,Universal Analysis Mode,Warning,Maintenance inspection recommended soon.
BFA,854,2007,0.0,60.12,72.39,35.75,Universal Analysis Mode,Warning,Maintenance inspection recommended soon.
BFA,854,2008,0.0,77.79,97.26,36.45,Universal Analysis Mode,Warning,Maintenance inspection recommended soon.
BFA,854,2009,0.0,49.5,61.67,33.4,Universal Analysis Mode,Warning,Maintenance inspection recommended soon.
BFA,854,2010,0.0,62.78,79.5,33.33,Universal Analysis Mode,Warning,Maintenance inspection recommended soon.
BFA,854,2011,0.0,85.17,111.26,32.82,Universal Analysis Mode,Warning,Maintenance inspection recommended soon.
BFA,854,2012,0.0,83.75,111.67,31.66,Universal Analysis Mode,Warning,Maintenance inspection recommended soon.
BFA,854,2013,0.0,80.32,108.66,31.92,Universal Analysis Mode,Warning,Maintenance inspection recommended soon.
BFA,854,2014,0.0,71.97,98.95,32.98,Universal Analysis Mode,Warning,Maintenance inspection recommended soon.
BDI,108,1932,49800.0,10.86,0.87,28.69,Universal Analysis Mode,Healthy,Machine is safe. Continue regular monitoring.
BDI,108,1933,49800.0,8.82,0.67,28.67,Universal Analysis Mode,Healthy,Machine is safe. Continue regular monitoring.
BDI,108,1934,49800.0,12.72,1.0,29.15,Universal Analysis Mode,Healthy,Machine is safe. Continue regular monitoring.
BDI,108,1935,49800.0,12.04,0.97,28.8,Universal Analysis Mode,Healthy,Machine is safe. Continue regular monitoring.
BDI,108,1936,49800.0,13.38,1.09,29.1,Universal Analysis Mode,Healthy,Machine is safe. Continue regular monitoring.
BDI,108,1937,49800.0,13.98,1.18,28.87,Universal Analysis Mode,Healthy,Machine is safe. Continue regular monitoring.
BDI,108,1938,49800.0,13.66,1.13,28.9,Universal Analysis Mode,Healthy,Machine is safe. Continue regular monitoring.
BDI,108,1939,49800.0,12.5,1.02,28.82,Universal Analysis Mode,Healthy,Machine is safe. Continue regular monitoring.
BDI,108,1940,49800.0,12.38,1.02,28.75,Universal Analysis Mode,Healthy,Machine is safe. Continue regular monitoring.
BDI,108,1941,49800.0,13.18,1.14,28.77,Universal Analysis Mode,Healthy,Machine is safe. Continue regular monitoring.
BDI,108,1942,49800.0,12.42,1.19,28.59,Universal Analysis Mode,Healthy,Machine is safe. Continue regular monitoring.
BDI,108,1943,49800.0,11.81,1.2,28.34,Universal Analysis Mode,Healthy,Machine is safe. Continue regular monitoring.
BDI,108,1944,49800.0,11.71,1.21,28.29,Universal Analysis Mode,Healthy,Machine is safe. Continue regular monitoring.
BDI,108,1945,49800.0,9.93,1.05,27.95,Universal Analysis Mode,Healthy,Machine is safe. Continue regular monitoring.
BDI,108,1946,49800.0,9.77,1.12,27.84,Universal Analysis Mode,Healthy,Machine is safe. Continue regular monitoring.
BDI,108,1947,49800.0,14.48,1.9,28.79,Universal Analysis Mode,Healthy,Machine is safe. Continue regular monitoring.
BDI,108,1948,49800.0,14.07,1.99,28.82,Universal Analysis Mode,Healthy,Machine is safe. Continue regular monitoring.
BDI,108,1949,49800.0,12.71,1.78,28.37,Universal Analysis Mode,Healthy,Machine is safe. Continue regular monitoring.
BDI,108,1950,49800.0,12.08,1.71,27.54,Universal Analysis Mode,Healthy,Machine is safe. Continue regular monitoring.
BDI,108,1951,49800.0,11.2,1.71,27.35,Universal Analysis Mode,Healthy,Machine is safe. Continue regular monitoring.
BDI,108,1952,49800.0,10.96,1.71,27.33,Universal Analysis Mode,Healthy,Machine is safe. Continue regular monitoring.
BDI,108,1953,49800.0,12.27,1.93,27.84,Universal Analysis Mode,Healthy,Machine is safe. Continue regular monitoring.
BDI,108,1954,49800.0,12.21,1.93,27.74,Universal Analysis Mode,Healthy,Machine is safe. Continue regular monitoring.
BDI,108,1955,49800.0,12.27,1.93,27.39,Universal Analysis Mode,Healthy,Machine is safe. Continue regular monitoring.
BDI,108,1956,49800.0,12.07,1.93,27.38,Universal Analysis Mode,Healthy,Machine is safe. Continue regular monitoring.
BDI,108,1957,49800.0,11.48,1.9,27.11,Universal Analysis Mode,Healthy,Machine is safe. Continue regular monitoring.
BDI,108,1958,49800.0,12.25,2.08,27.55,Universal Analysis Mode,Healthy,Machine is safe. Continue regular monitoring.
BDI,108,1959,49800.0,12.14,2.08,27.58,Universal Analysis Mode,Healthy,Machine is safe. Continue regular monitoring.
BDI,108,1960,49800.0,10.91,1.9,27.51,Universal Analysis Mode,Healthy,Machine is safe. Continue regular monitoring.
BDI,108,1961,49800.0,10.24,1.8,27.46,Universal Analysis Mode,Healthy,Machine is safe. Continue regular monitoring.
BDI,108,1962,0.0,10.12,1.8,24.8,Universal Analysis Mode,Healthy,Machine is safe. Continue regular monitoring.
BDI,108,1963,0.0,9.99,1.8,24.63,Universal Analysis Mode,Healthy,Machine is safe. Continue regular monitoring.
BDI,108,1964,0.0,9.86,1.8,23.72,Universal Analysis Mode,Healthy,Machine is safe. Continue regular monitoring.
BDI,108,1965,0.0,9.71,1.8,24.33,Universal Analysis Mode,Healthy,Machine is safe. Continue regular monitoring.
BDI,108,1966,0.0,9.41,1.8,23.69,Universal Analysis Mode,Healthy,Machine is safe. Continue regular monitoring.
BDI,108,1967,0.0,9.16,1.8,23.57,Universal Analysis Mode,Healthy,Machine is safe. Continue regular monitoring.
BDI,108,1968,0.0,8.8,1.8,23.34,Universal Analysis Mode,Healthy,Machine is safe. Continue regular monitoring.
BDI,108,1969,0.0,8.35,1.8,23.45,Universal Analysis Mode,Healthy,Machine is safe. Continue regular monitoring.
BDI,108,1970,0.0,7.88,1.8,23.2,Universal Analysis Mode,Healthy,Machine is safe. Continue regular monitoring.
BDI,108,1971,0.0,9.41,2.24,23.54,Universal Analysis Mode,Healthy,Machine is safe. Continue regular monitoring.
BDI,108,1972,0.0,10.09,2.48,23.54,Universal Analysis Mode,Healthy,Machine is safe. Continue regular monitoring.
BDI,108,1973,0.0,12.59,3.29,23.77,Universal Analysis Mode,Healthy,Machine is safe. Continue regular monitoring.
BDI,108,1974,0.0,39.93,11.58,25.65,Universal Analysis Mode,Healthy,Machine is safe. Continue regular monitoring.
BDI,108,1975,0.0,36.44,11.53,25.91,Universal Analysis Mode,Healthy,Machine is safe. Continue regular monitoring.
BDI,108,1976,0.0,38.23,12.8,27.5,Universal Analysis Mode,Healthy,Machine is safe. Continue regular monitoring.
BDI,108,1977,0.0,39.04,13.92,28.7,Universal Analysis Mode,Healthy,Machine is safe. Continue regular monitoring.
BDI,108,1978,0.0,36.54,14.02,28.37,Universal Analysis Mode,Healthy,Machine is safe. Continue regular monitoring.
BDI,108,1979,0.0,74.02,31.61,30.76,Universal Analysis Mode,Warning,Maintenance inspection recommended soon.
BDI,108,1980,0.0,75.97,36.83,32.01,Universal Analysis Mode,Warning,Maintenance inspection recommended soon.
BDI,108,1981,0.0,67.14,35.93,32.51,Universal Analysis Mode,Warning,Maintenance inspection recommended soon.
BDI,108,1982,0.0,58.02,32.97,32.6,Universal Analysis Mode,Warning,Maintenance inspection recommended soon.
BDI,108,1983,0.0,50.39,29.55,32.21,Universal Analysis Mode,Warning,Maintenance inspection recommended soon.
BDI,108,1984,0.0,45.82,28.78,31.84,Universal Analysis Mode,Warning,Maintenance inspection recommended soon.
BDI,108,1985,0.0,43.43,27.56,31.57,Universal Analysis Mode,Warning,Maintenance inspection recommended soon.
BDI,108,1986,0.0,22.22,14.43,29.17,Universal Analysis Mode,Healthy,Machine is safe. Continue regular monitoring.
BDI,108,1987,0.0,27.46,18.44,28.24,Universal Analysis Mode,Healthy,Machine is safe. Continue regular monitoring.
BDI,108,1988,0.0,21.42,14.92,26.66,Universal Analysis Mode,Healthy,Machine is safe. Continue regular monitoring.
BDI,108,1989,0.0,24.87,18.23,27.12,Universal Analysis Mode,Healthy,Machine is safe. Continue regular monitoring.
BDI,108,1990,0.0,30.88,23.73,29.09,Universal Analysis Mode,Healthy,Machine is safe. Continue regular monitoring.
BDI,108,1991,0.0,24.95,20.0,28.97,Universal Analysis Mode,Healthy,Machine is safe. Continue regular monitoring.
BDI,108,1992,0.0,23.39,19.32,27.43,Universal Analysis Mode,Healthy,Machine is safe. Continue regular monitoring.
BDI,108,1993,0.0,20.01,16.97,27.02,Universal Analysis Mode,Healthy,Machine is safe. Continue regular monitoring.
BDI,108,1994,0.0,18.26,15.82,26.45,Universal Analysis Mode,Healthy,Machine is safe. Continue regular monitoring.
BDI,108,1995,0.0,19.1,17.02,26.38,Universal Analysis Mode,Healthy,Machine is safe. Continue regular monitoring.
BDI,108,1996,0.0,22.48,20.67,27.14,Universal Analysis Mode,Healthy,Machine is safe. Continue regular monitoring.
BDI,108,1997,0.0,20.38,19.09,26.96,Universal Analysis Mode,Healthy,Machine is safe. Continue regular monitoring.
BDI,108,1998,0.0,13.62,12.72,26.32,Universal Analysis Mode,Healthy,Machine is safe. Continue regular monitoring.
BDI,108,1999,0.0,18.56,17.97,27.08,Universal Analysis Mode,Healthy,Machine is safe. Continue regular monitoring.
BDI,108,2000,0.0,28.5,28.5,30.54,Universal Analysis Mode,Warning,Maintenance inspection recommended soon.
BDI,108,2001,0.0,23.7,24.44,30.5,Universal Analysis Mode,Warning,Maintenance inspection recommended soon.
BDI,108,2002,0.0,23.72,25.02,30.12,Universal Analysis Mode,Warning,Maintenance inspection recommended soon.
BDI,108,2003,0.0,26.54,28.83,32.26,Universal Analysis Mode,Warning,Maintenance inspection recommended soon.
BDI,108,2004,0.0,34.3,38.26,32.8,Universal Analysis Mode,Warning,Maintenance inspection recommended soon.
BDI,108,2005,0.0,47.26,54.52,34.09,Universal Analysis Mode,Warning,Maintenance inspection recommended soon.
BDI,108,2006,0.0,55.37,65.14,33.55,Universal Analysis Mode,Warning,Maintenance inspection recommended soon.
BDI,108,2007,0.0,60.12,72.39,33.55,Universal Analysis Mode,Warning,Maintenance inspection recommended soon.
BDI,108,2008,0.0,77.79,97.26,34.25,Universal Analysis Mode,Warning,Maintenance inspection recommended soon.
BDI,108,2009,0.0,49.5,61.67,31.16,Universal Analysis Mode,Warning,Maintenance inspection recommended soon.
BDI,108,2010,0.0,62.78,79.5,31.46,Universal Analysis Mode,Warning,Maintenance inspection recommended soon.
BDI,108,2011,0.0,85.17,111.26,30.94,Universal Analysis Mode,Warning,Maintenance inspection recommended soon.
BDI,108,2012,0.0,83.75,111.67,29.9,Universal Analysis Mode,Healthy,Machine is safe. Continue regular monitoring.
BDI,108,2013,0.0,80.32,108.66,30.16,Universal Analysis Mode,Warning,Maintenance inspection recommended soon.
BDI,108,2014,0.0,71.97,98.95,31.23,Universal Analysis Mode,Warning,Maintenance inspection recommended soon.
KHM,116,1932,0.0,10.86,0.87,24.35,Universal Analysis Mode,Healthy,Machine is safe. Continue regular monitoring.
KHM,116,1933,0.0,8.82,0.67,24.33,Universal Analysis Mode,Healthy,Machine is safe. Continue regular monitoring.
KHM,116,1934,0.0,12.72,1.0,24.81,Universal Analysis Mode,Healthy,Machine is safe. Continue regular monitoring.
KHM,116,1935,0.0,12.04,0.97,24.46,Universal Analysis Mode,Healthy,Machine is safe. Continue regular monitoring.
KHM,116,1936,0.0,13.38,1.09,24.77,Universal Analysis Mode,Healthy,Machine is safe. Continue regular monitoring.
KHM,116,1937,0.0,13.98,1.18,24.53,Universal Analysis Mode,Healthy,Machine is safe. Continue regular monitoring.
KHM,116,1938,0.0,13.66,1.13,24.56,Universal Analysis Mode,Healthy,Machine is safe. Continue regular monitoring.
KHM,116,1939,0.0,12.5,1.02,24.49,Universal Analysis Mode,Healthy,Machine is safe. Continue regular monitoring.
KHM,116,1940,0.0,12.38,1.02,24.41,Universal Analysis Mode,Healthy,Machine is safe. Continue regular monitoring.
KHM,116,1941,0.0,13.18,1.14,24.44,Universal Analysis Mode,Healthy,Machine is safe. Continue regular monitoring.
KHM,116,1942,0.0,12.42,1.19,24.25,Universal Analysis Mode,Healthy,Machine is safe. Continue regular monitoring.
KHM,116,1943,0.0,11.81,1.2,24.0,Universal Analysis Mode,Healthy,Machine is safe. Continue regular monitoring.
KHM,116,1944,0.0,11.71,1.21,23.96,Universal Analysis Mode,Healthy,Machine is safe. Continue regular monitoring.
KHM,116,1945,0.0,9.93,1.05,23.62,Universal Analysis Mode,Healthy,Machine is safe. Continue regular monitoring.
KHM,116,1946,0.0,9.77,1.12,23.51,Universal Analysis Mode,Healthy,Machine is safe. Continue regular monitoring.
KHM,116,1947,0.0,14.48,1.9,24.46,Universal Analysis Mode,Healthy,Machine is safe. Continue regular monitoring.
KHM,116,1948,0.0,14.07,1.99,24.48,Universal Analysis Mode,Healthy,Machine is safe. Continue regular monitoring.
KHM,116,1949,0.0,12.71,1.78,24.03,Universal Analysis Mode,Healthy,Machine is safe. Continue regular monitoring.
KHM,116,1950,0.0,12.08,1.71,23.44,Universal Analysis Mode,Healthy,Machine is safe. Continue regular monitoring.
KHM,116,1951,0.0,11.2,1.71,23.26,Universal Analysis Mode,Healthy,Machine is safe. Continue regular monitoring.
KHM,116,1952,0.0,10.96,1.71,23.24,Universal Analysis Mode,Healthy,Machine is safe. Continue regular monitoring.
KHM,116,1953,0.0,12.27,1.93,24.57,Universal Analysis Mode,Healthy,Machine is safe. Continue regular monitoring.
KHM,116,1954,0.0,12.21,1.93,24.47,Universal Analysis Mode,Healthy,Machine is safe. Continue regular monitoring.
KHM,116,1955,0.0,12.27,1.93,24.12,Universal Analysis Mode,Healthy,Machine is safe. Continue regular monitoring.
KHM,116,1956,0.0,12.07,1.93,24.11,Universal Analysis Mode,Healthy,Machine is safe. Continue regular monitoring.
KHM,116,1957,0.0,11.48,1.9,23.84,Universal Analysis Mode,Healthy,Machine is safe. Continue regular monitoring.
KHM,116,1958,0.0,12.25,2.08,24.29,Universal Analysis Mode,Healthy,Machine is safe. Continue regular monitoring.
KHM,116,1959,0.0,12.14,2.08,24.32,Universal Analysis Mode,Healthy,Machine is safe. Continue regular monitoring.
KHM,116,1960,0.0,10.91,1.9,24.25,Universal Analysis Mode,Healthy,Machine is safe. Continue regular monitoring.
KHM,116,1961,0.0,10.24,1.8,24.19,Universal Analysis Mode,Healthy,Machine is safe. Continue regular monitoring.
KHM,116,1962,0.0,10.12,1.8,25.05,Universal Analysis Mode,Healthy,Machine is safe. Continue regular monitoring.
KHM,116,1963,0.0,9.99,1.8,25.27,Universal Analysis Mode,Healthy,Machine is safe. Continue regular monitoring.
KHM,116,1964,0.0,9.86,1.8,24.37,Universal Analysis Mode,Healthy,Machine is safe. Continue regular monitoring.
KHM,116,1965,0.0,9.71,1.8,25.27,Universal Analysis Mode,Healthy,Machine is safe. Continue regular monitoring.
KHM,116,1966,0.0,9.41,1.8,24.65,Universal Analysis Mode,Healthy,Machine is safe. Continue regular monitoring.
KHM,116,1967,0.0,9.16,1.8,24.56,Universal Analysis Mode,Healthy,Machine is safe. Continue regular monitoring.
KHM,116,1968,0.0,8.8,1.8,24.34,Universal Analysis Mode,Healthy,Machine is safe. Continue regular monitoring.
KHM,116,1969,0.0,8.35,1.8,24.48,Universal Analysis Mode,Healthy,Machine is safe. Continue regular monitoring.
KHM,116,1970,0.0,7.88,1.8,24.24,Universal Analysis Mode,Healthy,Machine is safe. Continue regular monitoring.
KHM,116,1971,0.0,9.41,2.24,24.56,Universal Analysis Mode,Healthy,Machine is safe. Continue regular monitoring.
KHM,116,1972,0.0,10.09,2.48,24.58,Universal Analysis Mode,Healthy,Machine is safe. Continue regular monitoring.
KHM,116,1973,0.0,12.59,3.29,24.82,Universal Analysis Mode,Healthy,Machine is safe. Continue regular monitoring.
KHM,116,1974,0.0,39.93,11.58,26.71,Universal Analysis Mode,Healthy,Machine is safe. Continue regular monitoring.
KHM,116,1975,0.0,36.44,11.53,26.94,Universal Analysis Mode,Healthy,Machine is safe. Continue regular monitoring.
KHM,116,1976,0.0,38.23,12.8,28.48,Universal Analysis Mode,Healthy,Machine is safe. Continue regular monitoring.
KHM,116,1977,0.0,39.04,13.92,29.64,Universal Analysis Mode,Healthy,Machine is safe. Continue regular monitoring.
KHM,116,1978,0.0,36.54,14.02,29.26,Universal Analysis Mode,Healthy,Machine is safe. Continue regular monitoring.
KHM,116,1979,0.0,74.02,31.61,31.63,Universal Analysis Mode,Warning,Maintenance inspection recommended soon.
KHM,116,1980,0.0,75.97,36.83,32.88,Universal Analysis Mode,Warning,Maintenance inspection recommended soon.
KHM,116,1981,0.0,67.14,35.93,33.39,Universal Analysis Mode,Warning,Maintenance inspection recommended soon.
KHM,116,1982,0.0,58.02,32.97,33.51,Universal Analysis Mode,Warning,Maintenance inspection recommended soon.
KHM,116,1983,0.0,50.39,29.55,33.15,Universal Analysis Mode,Warning,Maintenance inspection recommended soon.
KHM,116,1984,0.0,45.82,28.78,32.79,Universal Analysis Mode,Warning,Maintenance inspection recommended soon.
KHM,116,1985,0.0,43.43,27.56,32.54,Universal Analysis Mode,Warning,Maintenance inspection recommended soon.
KHM,116,1986,0.0,22.22,14.43,30.17,Universal Analysis Mode,Warning,Maintenance inspection recommended soon.
KHM,116,1987,0.0,27.46,18.44,29.29,Universal Analysis Mode,Healthy,Machine is safe. Continue regular monitoring.
KHM,116,1988,0.0,21.42,14.92,27.75,Universal Analysis Mode,Healthy,Machine is safe. Continue regular monitoring.
KHM,116,1989,0.0,24.87,18.23,28.26,Universal Analysis Mode,Healthy,Machine is safe. Continue regular monitoring.
KHM,116,1990,0.0,30.88,23.73,30.27,Universal Analysis Mode,Warning,Maintenance inspection recommended soon.
KHM,116,1991,0.0,24.95,20.0,30.2,Universal Analysis Mode,Warning,Maintenance inspection recommended soon.
KHM,116,1992,0.0,23.39,19.32,28.73,Universal Analysis Mode,Healthy,Machine is safe. Continue regular monitoring.
KHM,116,1993,0.0,20.01,16.97,28.4,Universal Analysis Mode,Healthy,Machine is safe. Continue regular monitoring.
KHM,116,1994,0.0,18.26,15.82,27.88,Universal Analysis Mode,Healthy,Machine is safe. Continue regular monitoring.
KHM,116,1995,0.0,19.1,17.02,27.83,Universal Analysis Mode,Healthy,Machine is safe. Continue regular monitoring.
KHM,116,1996,0.0,22.48,20.67,28.62,Universal Analysis Mode,Healthy,Machine is safe. Continue regular monitoring.
KHM,116,1997,0.0,20.38,19.09,28.47,Universal Analysis Mode,Healthy,Machine is safe. Continue regular monitoring.
KHM,116,1998,0.0,13.62,12.72,27.46,Universal Analysis Mode,Healthy,Machine is safe. Continue regular monitoring.
KHM,116,1999,0.0,18.56,17.97,28.21,Universal Analysis Mode,Healthy,Machine is safe. Continue regular monitoring.
KHM,116,2000,0.0,28.5,28.5,31.42,Universal Analysis Mode,Warning,Maintenance inspection recommended soon.
KHM,116,2001,0.0,23.7,24.44,31.37,Universal Analysis Mode,Warning,Maintenance inspection recommended soon.
KHM,116,2002,0.0,23.72,25.02,30.96,Universal Analysis Mode,Warning,Maintenance inspection recommended soon.
KHM,116,2003,0.0,26.54,28.83,33.08,Universal Analysis Mode,Warning,Maintenance inspection recommended soon.
KHM,116,2004,0.0,34.3,38.26,33.6,Universal Analysis Mode,Warning,Maintenance inspection recommended soon.
KHM,116,2005,0.0,47.26,54.52,34.87,Universal Analysis Mode,Warning,Maintenance inspection recommended soon.
KHM,116,2006,0.0,55.37,65.14,34.31,Universal Analysis Mode,Warning,Maintenance inspection recommended soon.
KHM,116,2007,0.0,60.12,72.39,34.29,Universal Analysis Mode,Warning,Maintenance inspection recommended soon.
KHM,116,2008,0.0,77.79,97.26,34.97,Universal Analysis Mode,Warning,Maintenance inspection recommended soon.
KHM,116,2009,0.0,49.5,61.67,31.85,Universal Analysis Mode,Warning,Maintenance inspection recommended soon.
KHM,116,2010,0.0,62.78,79.5,31.84,Universal Analysis Mode,Warning,Maintenance inspection recommended soon.
KHM,116,2011,0.0,85.17,111.26,31.31,Universal Analysis Mode,Warning,Maintenance inspection recommended soon.
KHM,116,2012,0.0,83.75,111.67,30.2,Universal Analysis Mode,Warning,Maintenance inspection recommended soon.
KHM,116,2013,0.0,80.32,108.66,30.45,Universal Analysis Mode,Warning,Maintenance inspection recommended soon.
KHM,116,2014,0.0,71.97,98.95,31.5,Universal Analysis Mode,Warning,Maintenance inspection recommended soon.
CMR,120,1932,49800.0,10.86,0.87,28.71,Universal Analysis Mode,Healthy,Machine is safe. Continue regular monitoring.
CMR,120,1933,49800.0,8.82,0.67,28.69,Universal Analysis Mode,Healthy,Machine is safe. Continue regular monitoring.
CMR,120,1934,49800.0,12.72,1.0,29.17,Universal Analysis Mode,Healthy,Machine is safe. Continue regular monitoring.
CMR,120,1935,49800.0,12.04,0.97,28.81,Universal Analysis Mode,Healthy,Machine is safe. Continue regular monitoring.
CMR,120,1936,49800.0,13.38,1.09,29.12,Universal Analysis Mode,Healthy,Machine is safe. Continue regular monitoring.
CMR,120,1937,49800.0,13.98,1.18,28.89,Universal Analysis Mode,Healthy,Machine is safe. Continue regular monitoring.
CMR,120,1938,49800.0,13.66,1.13,28.92,Universal Analysis Mode,Healthy,Machine is safe. Continue regular monitoring.
CMR,120,1939,49800.0,12.5,1.02,28.84,Universal Analysis Mode,Healthy,Machine is safe. Continue regular monitoring.
CMR,120,1940,49800.0,12.38,1.02,28.77,Universal Analysis Mode,Healthy,Machine is safe. Continue regular monitoring.
CMR,120,1941,49800.0,13.18,1.14,28.79,Universal Analysis Mode,Healthy,Machine is safe. Continue regular monitoring.
CMR,120,1942,49800.0,12.42,1.19,28.6,Universal Analysis Mode,Healthy,Machine is safe. Continue regular monitoring.
CMR,120,1943,49800.0,11.81,1.2,28.35,Universal Analysis Mode,Healthy,Machine is safe. Continue regular monitoring.
CMR,120,1944,49800.0,11.71,1.21,28.31,Universal Analysis Mode,Healthy,Machine is safe. Continue regular monitoring.
CMR,120,1945,49800.0,9.93,1.05,27.97,Universal Analysis Mode,Healthy,Machine is safe. Continue regular monitoring.
CMR,120,1946,49800.0,9.77,1.12,27.86,Universal Analysis Mode,Healthy,Machine is safe. Continue regular monitoring.
CMR,120,1947,49800.0,14.48,1.9,28.81,Universal Analysis Mode,Healthy,Machine is safe. Continue regular monitoring.
CMR,120,1948,49800.0,14.07,1.99,28.84,Universal Analysis Mode,Healthy,Machine is safe. Continue regular monitoring.
CMR,120,1949,49800.0,12.71,1.78,28.39,Universal Analysis Mode,Healthy,Machine is safe. Continue regular monitoring.
CMR,120,1950,49800.0,12.08,1.71,27.83,Universal Analysis Mode,Healthy,Machine is safe. Continue regular monitoring.
CMR,120,1951,49800.0,11.2,1.71,27.64,Universal Analysis Mode,Healthy,Machine is safe. Continue regular monitoring.
CMR,120,1952,49800.0,10.96,1.71,27.62,Universal Analysis Mode,Healthy,Machine is safe. Continue regular monitoring.
CMR,120,1953,49800.0,12.27,1.93,28.13,Universal Analysis Mode,Healthy,Machine is safe. Continue regular monitoring.
CMR,120,1954,49800.0,12.21,1.93,28.03,Universal Analysis Mode,Healthy,Machine is safe. Continue regular monitoring.
CMR,120,1955,49800.0,12.27,1.93,27.68,Universal Analysis Mode,Healthy,Machine is safe. Continue regular monitoring.
CMR,120,1956,49800.0,12.07,1.93,27.66,Universal Analysis Mode,Healthy,Machine is safe. Continue regular monitoring.
CMR,120,1957,49800.0,11.48,1.9,27.39,Universal Analysis Mode,Healthy,Machine is safe. Continue regular monitoring.
CMR,120,1958,49800.0,12.25,2.08,27.84,Universal Analysis Mode,Healthy,Machine is safe. Continue regular monitoring.
CMR,120,1959,49800.0,12.14,2.08,27.86,Universal Analysis Mode,Healthy,Machine is safe. Continue regular monitoring.
CMR,120,1960,0.0,10.91,1.9,24.25,Universal Analysis Mode,Healthy,Machine is safe. Continue regular monitoring.
CMR,120,1961,0.0,10.24,1.8,24.19,Universal Analysis Mode,Healthy,Machine is safe. Continue regular monitoring.
CMR,120,1962,0.0,10.12,1.8,25.05,Universal Analysis Mode,Healthy,Machine is safe. Continue regular monitoring.
CMR,120,1963,0.0,9.99,1.8,24.88,Universal Analysis Mode,Healthy,Machine is safe. Continue regular monitoring.
CMR,120,1964,0.0,9.86,1.8,23.96,Universal Analysis Mode,Healthy,Machine is safe. Continue regular monitoring.
CMR,120,1965,0.0,9.71,1.8,24.56,Universal Analysis Mode,Healthy,Machine is safe. Continue regular monitoring.
CMR,120,1966,0.0,9.41,1.8,24.3,Universal Analysis Mode,Healthy,Machine is safe. Continue regular monitoring.
CMR,120,1967,0.0,9.16,1.8,24.19,Universal Analysis Mode,Healthy,Machine is safe. Continue regular monitoring.
CMR,120,1968,0.0,8.8,1.8,23.96,Universal Analysis Mode,Healthy,Machine is safe. Continue regular monitoring.
CMR,120,1969,0.0,8.35,1.8,24.36,Universal Analysis Mode,Healthy,Machine is safe. Continue regular monitoring.
CMR,120,1970,0.0,7.88,1.8,24.13,Universal Analysis Mode,Healthy,Machine is safe. Continue regular monitoring.
CMR,120,1971,0.0,9.41,2.24,24.48,Universal Analysis Mode,Healthy,Machine is safe. Continue regular monitoring.
CMR,120,1972,0.0,10.09,2.48,24.52,Universal Analysis Mode,Healthy,Machine is safe. Continue regular monitoring.
CMR,120,1973,0.0,12.59,3.29,24.77,Universal Analysis Mode,Healthy,Machine is safe. Continue regular monitoring.
CMR,120,1974,0.0,39.93,11.58,26.67,Universal Analysis Mode,Healthy,Machine is safe. Continue regular monitoring.
CMR,120,1975,0.0,36.44,11.53,26.95,Universal Analysis Mode,Healthy,Machine is safe. Continue regular monitoring.
CMR,120,1976,0.0,38.23,12.8,28.57,Universal Analysis Mode,Healthy,Machine is safe. Continue regular monitoring.
CMR,120,1977,38000.0,39.04,13.92,35.33,Universal Analysis Mode,Warning,Maintenance inspection recommended soon.
CMR,120,1978,625000.0,36.54,14.02,48.85,Universal Analysis Mode,Warning,Maintenance inspection recommended soon.
CMR,120,1979,2004000.0,74.02,31.61,52.59,Universal Analysis Mode,Warning,Maintenance inspection recommended soon.
CMR,120,1980,2700000.0,75.97,36.83,54.1,Universal Analysis Mode,Warning,Maintenance inspection recommended soon.
CMR,120,1981,4340000.0,67.14,35.93,54.89,Universal Analysis Mode,Warning,Maintenance inspection recommended soon.
CMR,120,1982,5331000.0,58.02,32.97,55.07,Universal Analysis Mode,Warning,Maintenance inspection recommended soon.
CMR,120,1983,5689000.0,50.39,29.55,54.67,Universal Analysis Mode,Warning,Maintenance inspection recommended soon.
CMR,120,1984,7400000.0,45.82,28.78,54.46,Universal Analysis Mode,Warning,Maintenance inspection recommended soon.
CMR,120,1985,9170000.0,43.43,27.56,54.35,Universal Analysis Mode,Warning,Maintenance inspection recommended soon.
CMR,120,1986,8976000.0,22.22,14.43,55.17,Universal Analysis Mode,Warning,Maintenance inspection recommended soon.
CMR,120,1987,8350000.0,27.46,18.44,54.37,Universal Analysis Mode,Warning,Maintenance inspection recommended soon.
CMR,120,1988,8295000.0,21.42,14.92,52.65,Universal Analysis Mode,Warning,Maintenance inspection recommended soon.
CMR,120,1989,8115000.0,24.87,18.23,53.24,Universal Analysis Mode,Warning,Maintenance inspection recommended soon.
CMR,120,1990,7835000.0,30.88,23.73,56.04,Universal Analysis Mode,Warning,Maintenance inspection recommended soon.
CMR,120,1991,7235000.0,24.95,20.0,55.76,Universal Analysis Mode,Warning,Maintenance inspection recommended soon.
CMR,120,1992,6790000.0,23.39,19.32,54.16,Universal Analysis Mode,Warning,Maintenance inspection recommended soon.
CMR,120,1993,6600000.0,20.01,16.97,53.66,Universal Analysis Mode,Warning,Maintenance inspection recommended soon.
CMR,120,1994,5810000.0,18.26,15.82,52.94,Universal Analysis Mode,Warning,Maintenance inspection recommended soon.
CMR,120,1995,5380000.0,19.1,17.02,52.87,Universal Analysis Mode,Warning,Maintenance inspection recommended soon.
CMR,120,1996,5585000.0,22.48,20.67,53.82,Universal Analysis Mode,Warning,Maintenance inspection recommended soon.
CMR,120,1997,6275000.0,20.38,19.09,53.69,Universal Analysis Mode,Warning,Maintenance inspection recommended soon.
CMR,120,1998,5315000.0,13.62,12.72,52.25,Universal Analysis Mode,Warning,Maintenance inspection recommended soon.
CMR,120,1999,4800000.0,18.56,17.97,53.16,Universal Analysis Mode,Warning,Maintenance inspection recommended soon.
CMR,120,2000,4465000.0,28.5,28.5,56.58,Universal Analysis Mode,Warning,Maintenance inspection recommended soon.
CMR,120,2001,3816999.68,23.7,24.44,59.56,Universal Analysis Mode,Warning,Maintenance inspection recommended soon.
CMR,120,2002,3476995.16,23.72,25.02,59.07,Universal Analysis Mode,Warning,Maintenance inspection recommended soon.
CMR,120,2003,3336600.0,26.54,28.83,61.36,Universal Analysis Mode,Warning,Maintenance inspection recommended soon.
CMR,120,2004,3286255.69,34.3,38.26,62.08,Universal Analysis Mode,Warning,Maintenance inspection recommended soon.
CMR,120,2005,4099290.49,47.26,54.52,63.82,Universal Analysis Mode,Warning,Maintenance inspection recommended soon.
CMR,120,2006,4302856.45,55.37,65.14,63.29,Universal Analysis Mode,Warning,Maintenance inspection recommended soon.
CMR,120,2007,4124804.52,60.12,72.39,63.36,Universal Analysis Mode,Warning,Maintenance inspection recommended soon.
CMR,120,2008,4049991.97,77.79,97.26,64.26,Universal Analysis Mode,Warning,Maintenance inspection recommended soon.
CMR,120,2009,3829824.68,49.5,61.67,60.62,Universal Analysis Mode,Warning,Maintenance inspection recommended soon.
CMR,120,2010,3237000.0,62.78,79.5,60.47,Universal Analysis Mode,Warning,Maintenance inspection recommended soon.
CMR,120,2011,3070681.45,85.17,111.26,60.06,Universal Analysis Mode,Warning,Maintenance inspection recommended soon.
CMR,120,2012,3137400.0,83.75,111.67,58.57,Universal Analysis Mode,Warning,Maintenance inspection recommended soon.
CMR,120,2013,3125256.77,80.32,108.66,54.63,Universal Analysis Mode,Warning,Maintenance inspection recommended soon.
CMR,120,2014,4025340.97,71.97,98.95,55.87,Universal Analysis Mode,Warning,Maintenance inspection recommended soon.
CAN,124,1932,142623.0,10.86,0.87,30.27,Universal Analysis Mode,Warning,Maintenance inspection recommended soon.
CAN,124,1933,156421.0,8.82,0.67,30.3,Universal Analysis Mode,Warning,Maintenance inspection recommended soon.
CAN,124,1934,192760.0,12.72,1.0,33.58,Universal Analysis Mode,Warning,Maintenance inspection recommended soon.
CAN,124,1935,197678.0,12.04,0.97,33.2,Universal Analysis Mode,Warning,Maintenance inspection recommended soon.
CAN,124,1936,204918.0,13.38,1.09,33.77,Universal Analysis Mode,Warning,Maintenance inspection recommended soon.
CAN,124,1937,402186.0,13.98,1.18,36.66,Universal Analysis Mode,Warning,Maintenance inspection recommended soon.
CAN,124,1938,951639.0,13.66,1.13,41.76,Universal Analysis Mode,Warning,Maintenance inspection recommended soon.
CAN,124,1939,1070765.0,12.5,1.02,41.84,Universal Analysis Mode,Warning,Maintenance inspection recommended soon.
CAN,124,1940,1173634.0,12.38,1.02,42.25,Universal Analysis Mode,Warning,Maintenance inspection recommended soon.
CAN,124,1941,1384426.0,13.18,1.14,43.31,Universal Analysis Mode,Warning,Maintenance inspection recommended soon.
CAN,124,1942,1415984.0,12.42,1.19,43.22,Universal Analysis Mode,Warning,Maintenance inspection recommended soon.
CAN,124,1943,1373224.0,11.81,1.2,42.71,Universal Analysis Mode,Warning,Maintenance inspection recommended soon.
CAN,124,1944,1379645.0,11.71,1.21,42.69,Universal Analysis Mode,Warning,Maintenance inspection recommended soon.
CAN,124,1945,1158880.0,9.93,1.05,40.42,Universal Analysis Mode,Warning,Maintenance inspection recommended soon.
CAN,124,1946,1036339.0,9.77,1.12,39.77,Universal Analysis Mode,Warning,Maintenance inspection recommended soon.
CAN,124,1947,1050820.0,14.48,1.9,43.2,Universal Analysis Mode,Warning,Maintenance inspection recommended soon.
CAN,124,1948,1678552.0,14.07,1.99,44.86,Universal Analysis Mode,Warning,Maintenance inspection recommended soon.
CAN,124,1949,2910519.0,12.71,1.78,45.58,Universal Analysis Mode,Warning,Maintenance inspection recommended soon.
CAN,124,1950,3967760.0,12.08,1.71,45.75,Universal Analysis Mode,Warning,Maintenance inspection recommended soon.
CAN,124,1951,6504781.0,11.2,1.71,45.92,Universal Analysis Mode,Warning,Maintenance inspection recommended soon.
CAN,124,1952,8365710.0,10.96,1.71,46.11,Universal Analysis Mode,Warning,Maintenance inspection recommended soon.
CAN,124,1953,11100000.0,12.27,1.93,46.94,Universal Analysis Mode,Warning,Maintenance inspection recommended soon.
CAN,124,1954,13100000.0,12.21,1.93,46.99,Universal Analysis Mode,Warning,Maintenance inspection recommended soon.
CAN,124,1955,17700000.0,12.27,1.93,50.1,Universal Analysis Mode,Warning,Maintenance inspection recommended soon.
CAN,124,1956,23500000.0,12.07,1.93,50.33,Universal Analysis Mode,Warning,Maintenance inspection recommended soon.
CAN,124,1957,24800000.0,11.48,1.9,50.2,Universal Analysis Mode,Warning,Maintenance inspection recommended soon.
CAN,124,1958,22600000.0,12.25,2.08,50.84,Universal Analysis Mode,Warning,Maintenance inspection recommended soon.
CAN,124,1959,25200000.0,12.14,2.08,51.05,Universal Analysis Mode,Warning,Maintenance inspection recommended soon.
CAN,124,1960,25900000.0,10.91,1.9,51.1,Universal Analysis Mode,Warning,Maintenance inspection recommended soon.
CAN,124,1961,30200000.0,10.24,1.8,51.24,Universal Analysis Mode,Warning,Maintenance inspection recommended soon.
CAN,124,1962,33400000.0,10.12,1.8,52.37,Universal Analysis Mode,Warning,Maintenance inspection recommended soon.
CAN,124,1963,35200000.0,9.99,1.8,52.31,Universal Analysis Mode,Warning,Maintenance inspection recommended soon.
CAN,124,1964,37500000.0,9.86,1.8,51.5,Universal Analysis Mode,Warning,Maintenance inspection recommended soon.
CAN,124,1965,40500000.0,9.71,1.8,52.23,Universal Analysis Mode,Warning,Maintenance inspection recommended soon.
CAN,124,1966,43800000.0,9.41,1.8,51.59,Universal Analysis Mode,Warning,Maintenance inspection recommended soon.
CAN,124,1967,48000000.0,9.16,1.8,51.57,Universal Analysis Mode,Warning,Maintenance inspection recommended soon.
CAN,124,1968,51800000.0,8.8,1.8,51.42,Universal Analysis Mode,Warning,Maintenance inspection recommended soon.
CAN,124,1969,56100000.0,8.35,1.8,51.66,Universal Analysis Mode,Warning,Maintenance inspection recommended soon.
CAN,124,1970,62000000.0,7.88,1.8,51.56,Universal Analysis Mode,Warning,Maintenance inspection recommended soon.
CAN,124,1971,66200000.0,9.41,2.24,52.04,Universal Analysis Mode,Warning,Maintenance inspection recommended soon.
CAN,124,1972,75400000.0,10.09,2.48,52.21,Universal Analysis Mode,Warning,Maintenance inspection recommended soon.
CAN,124,1973,88100000.0,12.59,3.29,52.63,Universal Analysis Mode,Warning,Maintenance inspection recommended soon.
CAN,124,1974,82600000.0,39.93,11.58,54.92,Universal Analysis Mode,Warning,Maintenance inspection recommended soon.
CAN,124,1975,70200000.0,36.44,11.53,55.16,Universal Analysis Mode,Warning,Maintenance inspection recommended soon.
CAN,124,1976,64500000.0,38.23,12.8,56.8,Universal Analysis Mode,Warning,Maintenance inspection recommended soon.
CAN,124,1977,64700000.0,39.04,13.92,58.1,Universal Analysis Mode,Warning,Maintenance inspection recommended soon.
CAN,124,1978,64300000.0,36.54,14.02,57.74,Universal Analysis Mode,Warning,Maintenance inspection recommended soon.
CAN,124,1979,73300000.0,74.02,31.61,60.43,Universal Analysis Mode,Warning,Maintenance inspection recommended soon.
CAN,124,1980,70400000.0,75.97,36.83,61.74,Universal Analysis Mode,Warning,Maintenance inspection recommended soon.
CAN,124,1981,62900000.0,67.14,35.93,62.21,Universal Analysis Mode,Warning,Maintenance inspection recommended soon.
CAN,124,1982,62200000.0,58.02,32.97,62.29,Universal Analysis Mode,Warning,Maintenance inspection recommended soon.
CAN,124,1983,66400000.0,50.39,29.55,61.88,Universal Analysis Mode,Warning,Maintenance inspection recommended soon.
CAN,124,1984,70700000.0,45.82,28.78,65.06,Universal Analysis Mode,Warning,Maintenance inspection recommended soon.
CAN,124,1985,72000000.0,43.43,27.56,64.87,Universal Analysis Mode,Warning,Maintenance inspection recommended soon.
CAN,124,1986,72300000.0,22.22,14.43,62.35,Universal Analysis Mode,Warning,Maintenance inspection recommended soon.
CAN,124,1987,90200000.0,27.46,18.44,61.43,Universal Analysis Mode,Warning,Maintenance inspection recommended soon.
CAN,124,1988,95000000.0,21.42,14.92,59.83,Universal Analysis Mode,Warning,Maintenance inspection recommended soon.
CAN,124,1989,92500000.0,24.87,18.23,60.36,Universal Analysis Mode,Warning,Maintenance inspection recommended soon.
CAN,124,1990,92600000.0,30.88,23.73,67.09,Universal Analysis Mode,Warning,Maintenance inspection recommended soon.
CAN,124,1991,93000000.0,24.95,20.0,67.05,Universal Analysis Mode,Warning,Maintenance inspection recommended soon.
CAN,124,1992,97000000.0,23.39,19.32,65.55,Universal Analysis Mode,Warning,Maintenance inspection recommended soon.
CAN,124,1993,102000000.0,20.01,16.97,65.16,Universal Analysis Mode,Warning,Maintenance inspection recommended soon.
CAN,124,1994,106000000.0,18.26,15.82,64.61,Universal Analysis Mode,Warning,Maintenance inspection recommended soon.
CAN,124,1995,112000000.0,19.1,17.02,64.63,Universal Analysis Mode,Warning,Maintenance inspection recommended soon.
CAN,124,1996,115000000.0,22.48,20.67,65.5,Universal Analysis Mode,Warning,Maintenance inspection recommended soon.
CAN,124,1997,121000000.0,20.38,19.09,65.34,Universal Analysis Mode,Warning,Maintenance inspection recommended soon.
CAN,124,1998,125000000.0,13.62,12.72,64.18,Universal Analysis Mode,Warning,Maintenance inspection recommended soon.
CAN,124,1999,121000000.0,18.56,17.97,65.03,Universal Analysis Mode,Warning,Maintenance inspection recommended soon.
CAN,124,2000,127000000.0,28.5,28.5,68.51,Universal Analysis Mode,Warning,Maintenance inspection recommended soon.
CAN,124,2001,101000000.0,23.7,24.44,68.38,Universal Analysis Mode,Warning,Maintenance inspection recommended soon.
CAN,124,2002,108000000.0,23.72,25.02,68.01,Universal Analysis Mode,Warning,Maintenance inspection recommended soon.
CAN,124,2003,115000000.0,26.54,28.83,70.26,Universal Analysis Mode,Critical,Immediate maintenance required. High failure risk.
CAN,124,2004,119000000.0,34.3,38.26,70.87,Universal Analysis Mode,Critical,Immediate maintenance required. High failure risk.
CAN,124,2005,118000000.0,47.26,54.52,72.26,Universal Analysis Mode,Critical,Immediate maintenance required. High failure risk.
CAN,124,2006,126000000.0,55.37,65.14,71.7,Universal Analysis Mode,Critical,Immediate maintenance required. High failure risk.
CAN,124,2007,130880614.04,60.12,72.39,71.69,Universal Analysis Mode,Critical,Immediate maintenance required. High failure risk.
CAN,124,2008,128449581.23,77.79,97.26,72.45,Universal Analysis Mode,Critical,Immediate maintenance required. High failure risk.
CAN,124,2009,128458096.53,49.5,61.67,69.16,Universal Analysis Mode,Warning,Maintenance inspection recommended soon.
CAN,124,2010,136030263.72,62.78,79.5,68.33,Universal Analysis Mode,Warning,Maintenance inspection recommended soon.
CAN,124,2011,144627249.67,85.17,111.26,67.89,Universal Analysis Mode,Warning,Maintenance inspection recommended soon.
CAN,124,2012,156264372.24,83.75,111.67,66.74,Universal Analysis Mode,Warning,Maintenance inspection recommended soon.
CAN,124,2013,165591412.75,80.32,108.66,67.04,Universal Analysis Mode,Warning,Maintenance inspection recommended soon.
CAN,124,2014,179423942.42,71.97,98.95,59.5,Universal Analysis Mode,Warning,Maintenance inspection recommended soon.
CPV,132,1932,49800.0,10.86,0.87,28.72,Universal Analysis Mode,Healthy,Machine is safe. Continue regular monitoring.
CPV,132,1933,49800.0,8.82,0.67,28.7,Universal Analysis Mode,Healthy,Machine is safe. Continue regular monitoring.
CPV,132,1934,49800.0,12.72,1.0,29.18,Universal Analysis Mode,Healthy,Machine is safe. Continue regular monitoring.
CPV,132,1935,49800.0,12.04,0.97,28.82,Universal Analysis Mode,Healthy,Machine is safe. Continue regular monitoring.
CPV,132,1936,49800.0,13.38,1.09,29.13,Universal Analysis Mode,Healthy,Machine is safe. Continue regular monitoring.
CPV,132,1937,49800.0,13.98,1.18,28.9,Universal Analysis Mode,Healthy,Machine is safe. Continue regular monitoring.
CPV,132,1938,49800.0,13.66,1.13,28.93,Universal Analysis Mode,Healthy,Machine is safe. Continue regular monitoring.
CPV,132,1939,49800.0,12.5,1.02,28.85,Universal Analysis Mode,Healthy,Machine is safe. Continue regular monitoring.
CPV,132,1940,49800.0,12.38,1.02,28.78,Universal Analysis Mode,Healthy,Machine is safe. Continue regular monitoring.
CPV,132,1941,49800.0,13.18,1.14,28.8,Universal Analysis Mode,Healthy,Machine is safe. Continue regular monitoring.
CPV,132,1942,49800.0,12.42,1.19,28.61,Universal Analysis Mode,Healthy,Machine is safe. Continue regular monitoring.
CPV,132,1943,49800.0,11.81,1.2,28.36,Universal Analysis Mode,Healthy,Machine is safe. Continue regular monitoring.
CPV,132,1944,49800.0,11.71,1.21,28.32,Universal Analysis Mode,Healthy,Machine is safe. Continue regular monitoring.
CPV,132,1945,49800.0,9.93,1.05,27.98,Universal Analysis Mode,Healthy,Machine is safe. Continue regular monitoring.
CPV,132,1946,49800.0,9.77,1.12,27.87,Universal Analysis Mode,Healthy,Machine is safe. Continue regular monitoring.
CPV,132,1947,49800.0,14.48,1.9,28.82,Universal Analysis Mode,Healthy,Machine is safe. Continue regular monitoring.
CPV,132,1948,49800.0,14.07,1.99,28.84,Universal Analysis Mode,Healthy,Machine is safe. Continue regular monitoring.
CPV,132,1949,49800.0,12.71,1.78,28.4,Universal Analysis Mode,Healthy,Machine is safe. Continue regular monitoring.
CPV,132,1950,49800.0,12.08,1.71,27.09,Universal Analysis Mode,Healthy,Machine is safe. Continue regular monitoring.
CPV,132,1951,49800.0,11.2,1.71,26.9,Universal Analysis Mode,Healthy,Machine is safe. Continue regular monitoring.
CPV,132,1952,49800.0,10.96,1.71,26.88,Universal Analysis Mode,Healthy,Machine is safe. Continue regular monitoring.
CPV,132,1953,49800.0,12.27,1.93,27.39,Universal Analysis Mode,Healthy,Machine is safe. Continue regular monitoring.
CPV,132,1954,49800.0,12.21,1.93,27.28,Universal Analysis Mode,Healthy,Machine is safe. Continue regular monitoring.
CPV,132,1955,49800.0,12.27,1.93,26.93,Universal Analysis Mode,Healthy,Machine is safe. Continue regular monitoring.
CPV,132,1956,49800.0,12.07,1.93,26.91,Universal Analysis Mode,Healthy,Machine is safe. Continue regular monitoring.
CPV,132,1957,49800.0,11.48,1.9,26.64,Universal Analysis Mode,Healthy,Machine is safe. Continue regular monitoring.
CPV,132,1958,49800.0,12.25,2.08,27.08,Universal Analysis Mode,Healthy,Machine is safe. Continue regular monitoring.
CPV,132,1959,49800.0,12.14,2.08,27.1,Universal Analysis Mode,Healthy,Machine is safe. Continue regular monitoring.
CPV,132,1960,49800.0,10.91,1.9,27.04,Universal Analysis Mode,Healthy,Machine is safe. Continue regular monitoring.
CPV,132,1961,49800.0,10.24,1.8,26.98,Universal Analysis Mode,Healthy,Machine is safe. Continue regular monitoring.
CPV,132,1962,49800.0,10.12,1.8,27.84,Universal Analysis Mode,Healthy,Machine is safe. Continue regular monitoring.
CPV,132,1963,49800.0,9.99,1.8,27.67,Universal Analysis Mode,Healthy,Machine is safe. Continue regular monitoring.
CPV,132,1964,49800.0,9.86,1.8,26.75,Universal Analysis Mode,Healthy,Machine is safe. Continue regular monitoring.
CPV,132,1965,49800.0,9.71,1.8,27.36,Universal Analysis Mode,Healthy,Machine is safe. Continue regular monitoring.
CPV,132,1966,49800.0,9.41,1.8,26.71,Universal Analysis Mode,Healthy,Machine is safe. Continue regular monitoring.
CPV,132,1967,49800.0,9.16,1.8,26.59,Universal Analysis Mode,Healthy,Machine is safe. Continue regular monitoring.
CPV,132,1968,49800.0,8.8,1.8,26.35,Universal Analysis Mode,Healthy,Machine is safe. Continue regular monitoring.
CPV,132,1969,49800.0,8.35,1.8,26.47,Universal Analysis Mode,Healthy,Machine is safe. Continue regular monitoring.
CPV,132,1970,49800.0,7.88,1.8,26.22,Universal Analysis Mode,Healthy,Machine is safe. Continue regular monitoring.
CPV,132,1971,49800.0,9.41,2.24,26.55,Universal Analysis Mode,Healthy,Machine is safe. Continue regular monitoring.
CPV,132,1972,49800.0,10.09,2.48,26.56,Universal Analysis Mode,Healthy,Machine is safe. Continue regular monitoring.
CPV,132,1973,49800.0,12.59,3.29,26.79,Universal Analysis Mode,Healthy,Machine is safe. Continue regular monitoring.
CPV,132,1974,49800.0,39.93,11.58,28.66,Universal Analysis Mode,Healthy,Machine is safe. Continue regular monitoring.
CPV,132,1975,0.0,36.44,11.53,25.38,Universal Analysis Mode,Healthy,Machine is safe. Continue regular monitoring.
CPV,132,1976,0.0,38.23,12.8,26.96,Universal Analysis Mode,Healthy,Machine is safe. Continue regular monitoring.
CPV,132,1977,0.0,39.04,13.92,28.16,Universal Analysis Mode,Healthy,Machine is safe. Continue regular monitoring.
CPV,132,1978,0.0,36.54,14.02,27.82,Universal Analysis Mode,Healthy,Machine is safe. Continue regular monitoring.
CPV,132,1979,0.0,74.02,31.61,30.19,Universal Analysis Mode,Warning,Maintenance inspection recommended soon.
CPV,132,1980,0.0,75.97,36.83,31.42,Universal Analysis Mode,Warning,Maintenance inspection recommended soon.
CPV,132,1981,0.0,67.14,35.93,31.9,Universal Analysis Mode,Warning,Maintenance inspection recommended soon.
CPV,132,1982,0.0,58.02,32.97,31.99,Universal Analysis Mode,Warning,Maintenance inspection recommended soon.
CPV,132,1983,0.0,50.39,29.55,31.59,Universal Analysis Mode,Warning,Maintenance inspection recommended soon.
CPV,132,1984,0.0,45.82,28.78,31.21,Universal Analysis Mode,Warning,Maintenance inspection recommended soon.
CPV,132,1985,0.0,43.43,27.56,30.94,Universal Analysis Mode,Warning,Maintenance inspection recommended soon.
CPV,132,1986,0.0,22.22,14.43,28.54,Universal Analysis Mode,Healthy,Machine is safe. Continue regular monitoring.
CPV,132,1987,0.0,27.46,18.44,27.6,Universal Analysis Mode,Healthy,Machine is safe. Continue regular monitoring.
CPV,132,1988,0.0,21.42,14.92,26.02,Universal Analysis Mode,Healthy,Machine is safe. Continue regular monitoring.
CPV,132,1989,0.0,24.87,18.23,26.48,Universal Analysis Mode,Healthy,Machine is safe. Continue regular monitoring.
CPV,132,1990,0.0,30.88,23.73,28.45,Universal Analysis Mode,Healthy,Machine is safe. Continue regular monitoring.
CPV,132,1991,0.0,24.95,20.0,28.33,Universal Analysis Mode,Healthy,Machine is safe. Continue regular monitoring.
CPV,132,1992,0.0,23.39,19.32,26.79,Universal Analysis Mode,Healthy,Machine is safe. Continue regular monitoring.
CPV,132,1993,0.0,20.01,16.97,26.38,Universal Analysis Mode,Healthy,Machine is safe. Continue regular monitoring.
CPV,132,1994,0.0,18.26,15.82,25.82,Universal Analysis Mode,Healthy,Machine is safe. Continue regular monitoring.
CPV,132,1995,0.0,19.1,17.02,25.74,Universal Analysis Mode,Healthy,Machine is safe. Continue regular monitoring.
CPV,132,1996,0.0,22.48,20.67,26.51,Universal Analysis Mode,Healthy,Machine is safe. Continue regular monitoring.
CPV,132,1997,0.0,20.38,19.09,26.33,Universal Analysis Mode,Healthy,Machine is safe. Continue regular monitoring.
CPV,132,1998,0.0,13.62,12.72,25.29,Universal Analysis Mode,Healthy,Machine is safe. Continue regular monitoring.
CPV,132,1999,0.0,18.56,17.97,26.03,Universal Analysis Mode,Healthy,Machine is safe. Continue regular monitoring.
CPV,132,2000,0.0,28.5,28.5,29.2,Universal Analysis Mode,Healthy,Machine is safe. Continue regular monitoring.
CPV,132,2001,0.0,23.7,24.44,29.13,Universal Analysis Mode,Healthy,Machine is safe. Continue regular monitoring.
CPV,132,2002,0.0,23.72,25.02,28.71,Universal Analysis Mode,Healthy,Machine is safe. Continue regular monitoring.
CPV,132,2003,0.0,26.54,28.83,30.81,Universal Analysis Mode,Warning,Maintenance inspection recommended soon.
CPV,132,2004,0.0,34.3,38.26,31.31,Universal Analysis Mode,Warning,Maintenance inspection recommended soon.
CPV,132,2005,0.0,47.26,54.52,32.55,Universal Analysis Mode,Warning,Maintenance inspection recommended soon.
CPV,132,2006,0.0,55.37,65.14,31.97,Universal Analysis Mode,Warning,Maintenance inspection recommended soon.
CPV,132,2007,0.0,60.12,72.39,31.92,Universal Analysis Mode,Warning,Maintenance inspection recommended soon.
CPV,132,2008,0.0,77.79,97.26,32.58,Universal Analysis Mode,Warning,Maintenance inspection recommended soon.
CPV,132,2009,0.0,49.5,61.67,29.49,Universal Analysis Mode,Healthy,Machine is safe. Continue regular monitoring.
CPV,132,2010,0.0,62.78,79.5,30.71,Universal Analysis Mode,Warning,Maintenance inspection recommended soon.
CPV,132,2011,0.0,85.17,111.26,30.17,Universal Analysis Mode,Warning,Maintenance inspection recommended soon.
CPV,132,2012,0.0,83.75,111.67,29.04,Universal Analysis Mode,Healthy,Machine is safe. Continue regular monitoring.
CPV,132,2013,0.0,80.32,108.66,29.27,Universal Analysis Mode,Healthy,Machine is safe. Continue regular monitoring.
CPV,132,2014,0.0,71.97,98.95,30.31,Universal Analysis Mode,Warning,Maintenance inspection recommended soon.
CAF,140,1932,0.0,10.86,0.87,24.37,Universal Analysis Mode,Healthy,Machine is safe. Continue regular monitoring.
CAF,140,1933,0.0,8.82,0.67,24.35,Universal Analysis Mode,Healthy,Machine is safe. Continue regular monitoring.
CAF,140,1934,0.0,12.72,1.0,24.83,Universal Analysis Mode,Healthy,Machine is safe. Continue regular monitoring.
CAF,140,1935,0.0,12.04,0.97,24.48,Universal Analysis Mode,Healthy,Machine is safe. Continue regular monitoring.
CAF,140,1936,0.0,13.38,1.09,24.78,Universal Analysis Mode,Healthy,Machine is safe. Continue regular monitoring.
CAF,140,1937,0.0,13.98,1.18,24.55,Universal Analysis Mode,Healthy,Machine is safe. Continue regular monitoring.
CAF,140,1938,0.0,13.66,1.13,24.58,Universal Analysis Mode,Healthy,Machine is safe. Continue regular monitoring.
CAF,140,1939,0.0,12.5,1.02,24.51,Universal Analysis Mode,Healthy,Machine is safe. Continue regular monitoring.
CAF,140,1940,0.0,12.38,1.02,24.43,Universal Analysis Mode,Healthy,Machine is safe. Continue regular monitoring.
CAF,140,1941,0.0,13.18,1.14,24.46,Universal Analysis Mode,Healthy,Machine is safe. Continue regular monitoring.
CAF,140,1942,0.0,12.42,1.19,24.27,Universal Analysis Mode,Healthy,Machine is safe. Continue regular monitoring.
CAF,140,1943,0.0,11.81,1.2,24.02,Universal Analysis Mode,Healthy,Machine is safe. Continue regular monitoring.
CAF,140,1944,0.0,11.71,1.21,23.98,Universal Analysis Mode,Healthy,Machine is safe. Continue regular monitoring.
CAF,140,1945,0.0,9.93,1.05,23.63,Universal Analysis Mode,Healthy,Machine is safe. Continue regular monitoring.
CAF,140,1946,0.0,9.77,1.12,23.53,Universal Analysis Mode,Healthy,Machine is safe. Continue regular monitoring.
CAF,140,1947,0.0,14.48,1.9,24.48,Universal Analysis Mode,Healthy,Machine is safe. Continue regular monitoring.
CAF,140,1948,0.0,14.07,1.99,24.5,Universal Analysis Mode,Healthy,Machine is safe. Continue regular monitoring.
CAF,140,1949,0.0,12.71,1.78,24.05,Universal Analysis Mode,Healthy,Machine is safe. Continue regular monitoring.
CAF,140,1950,0.0,12.08,1.71,23.08,Universal Analysis Mode,Healthy,Machine is safe. Continue regular monitoring.
CAF,140,1951,0.0,11.2,1.71,22.89,Universal Analysis Mode,Healthy,Machine is safe. Continue regular monitoring.
CAF,140,1952,0.0,10.96,1.71,22.87,Universal Analysis Mode,Healthy,Machine is safe. Continue regular monitoring.
CAF,140,1953,0.0,12.27,1.93,23.38,Universal Analysis Mode,Healthy,Machine is safe. Continue regular monitoring.
CAF,140,1954,0.0,12.21,1.93,23.27,Universal Analysis Mode,Healthy,Machine is safe. Continue regular monitoring.
CAF,140,1955,0.0,12.27,1.93,22.93,Universal Analysis Mode,Healthy,Machine is safe. Continue regular monitoring.
CAF,140,1956,0.0,12.07,1.93,22.91,Universal Analysis Mode,Healthy,Machine is safe. Continue regular monitoring.
CAF,140,1957,0.0,11.48,1.9,22.64,Universal Analysis Mode,Healthy,Machine is safe. Continue regular monitoring.
CAF,140,1958,0.0,12.25,2.08,23.08,Universal Analysis Mode,Healthy,Machine is safe. Continue regular monitoring.
CAF,140,1959,0.0,12.14,2.08,23.1,Universal Analysis Mode,Healthy,Machine is safe. Continue regular monitoring.
CAF,140,1960,0.0,10.91,1.9,23.84,Universal Analysis Mode,Healthy,Machine is safe. Continue regular monitoring.
CAF,140,1961,0.0,10.24,1.8,23.79,Universal Analysis Mode,Healthy,Machine is safe. Continue regular monitoring.
CAF,140,1962,0.0,10.12,1.8,24.65,Universal Analysis Mode,Healthy,Machine is safe. Continue regular monitoring.
CAF,140,1963,0.0,9.99,1.8,24.48,Universal Analysis Mode,Healthy,Machine is safe. Continue regular monitoring.
CAF,140,1964,0.0,9.86,1.8,23.56,Universal Analysis Mode,Healthy,Machine is safe. Continue regular monitoring.
CAF,140,1965,0.0,9.71,1.8,24.17,Universal Analysis Mode,Healthy,Machine is safe. Continue regular monitoring.
CAF,140,1966,0.0,9.41,1.8,23.53,Universal Analysis Mode,Healthy,Machine is safe. Continue regular monitoring.
CAF,140,1967,0.0,9.16,1.8,23.41,Universal Analysis Mode,Healthy,Machine is safe. Continue regular monitoring.
CAF,140,1968,0.0,8.8,1.8,23.17,Universal Analysis Mode,Healthy,Machine is safe. Continue regular monitoring.
CAF,140,1969,0.0,8.35,1.8,23.28,Universal Analysis Mode,Healthy,Machine is safe. Continue regular monitoring.
CAF,140,1970,0.0,7.88,1.8,23.03,Universal Analysis Mode,Healthy,Machine is safe. Continue regular monitoring.
CAF,140,1971,0.0,9.41,2.24,23.37,Universal Analysis Mode,Healthy,Machine is safe. Continue regular monitoring.
CAF,140,1972,0.0,10.09,2.48,23.38,Universal Analysis Mode,Healthy,Machine is safe. Continue regular monitoring.
CAF,140,1973,0.0,12.59,3.29,23.61,Universal Analysis Mode,Healthy,Machine is safe. Continue regular monitoring.
CAF,140,1974,0.0,39.93,11.58,25.49,Universal Analysis Mode,Healthy,Machine is safe. Continue regular monitoring.
CAF,140,1975,0.0,36.44,11.53,25.76,Universal Analysis Mode,Healthy,Machine is safe. Continue regular monitoring.
CAF,140,1976,0.0,38.23,12.8,27.35,Universal Analysis Mode,Healthy,Machine is safe. Continue regular monitoring.
CAF,140,1977,0.0,39.04,13.92,28.55,Universal Analysis Mode,Healthy,Machine is safe. Continue regular monitoring.
CAF,140,1978,0.0,36.54,14.02,28.21,Universal Analysis Mode,Healthy,Machine is safe. Continue regular monitoring.
CAF,140,1979,0.0,74.02,31.61,30.59,Universal Analysis Mode,Warning,Maintenance inspection recommended soon.
CAF,140,1980,0.0,75.97,36.83,31.82,Universal Analysis Mode,Warning,Maintenance inspection recommended soon.
CAF,140,1981,0.0,67.14,35.93,32.31,Universal Analysis Mode,Warning,Maintenance inspection recommended soon.
CAF,140,1982,0.0,58.02,32.97,32.4,Universal Analysis Mode,Warning,Maintenance inspection recommended soon.
CAF,140,1983,0.0,50.39,29.55,32.0,Universal Analysis Mode,Warning,Maintenance inspection recommended soon.
CAF,140,1984,0.0,45.82,28.78,31.63,Universal Analysis Mode,Warning,Maintenance inspection recommended soon.
CAF,140,1985,0.0,43.43,27.56,31.37,Universal Analysis Mode,Warning,Maintenance inspection recommended soon.
CAF,140,1986,0.0,22.22,14.43,28.97,Universal Analysis Mode,Healthy,Machine is safe. Continue regular monitoring.
CAF,140,1987,0.0,27.46,18.44,28.04,Universal Analysis Mode,Healthy,Machine is safe. Continue regular monitoring.
CAF,140,1988,0.0,21.42,14.92,26.46,Universal Analysis Mode,Healthy,Machine is safe. Continue regular monitoring.
CAF,140,1989,0.0,24.87,18.23,26.93,Universal Analysis Mode,Healthy,Machine is safe. Continue regular monitoring.
CAF,140,1990,0.0,30.88,23.73,28.91,Universal Analysis Mode,Healthy,Machine is safe. Continue regular monitoring.
CAF,140,1991,0.0,24.95,20.0,28.8,Universal Analysis Mode,Healthy,Machine is safe. Continue regular monitoring.
CAF,140,1992,0.0,23.39,19.32,27.27,Universal Analysis Mode,Healthy,Machine is safe. Continue regular monitoring.
CAF,140,1993,0.0,20.01,16.97,26.86,Universal Analysis Mode,Healthy,Machine is safe. Continue regular monitoring.
CAF,140,1994,0.0,18.26,15.82,26.31,Universal Analysis Mode,Healthy,Machine is safe. Continue regular monitoring.
CAF,140,1995,0.0,19.1,17.02,26.24,Universal Analysis Mode,Healthy,Machine is safe. Continue regular monitoring.
CAF,140,1996,0.0,22.48,20.67,27.01,Universal Analysis Mode,Healthy,Machine is safe. Continue regular monitoring.
CAF,140,1997,0.0,20.38,19.09,26.84,Universal Analysis Mode,Healthy,Machine is safe. Continue regular monitoring.
CAF,140,1998,0.0,13.62,12.72,25.81,Universal Analysis Mode,Healthy,Machine is safe. Continue regular monitoring.
CAF,140,1999,0.0,18.56,17.97,26.55,Universal Analysis Mode,Healthy,Machine is safe. Continue regular monitoring.
CAF,140,2000,0.0,28.5,28.5,29.72,Universal Analysis Mode,Healthy,Machine is safe. Continue regular monitoring.
CAF,140,2001,0.0,23.7,24.44,29.66,Universal Analysis Mode,Healthy,Machine is safe. Continue regular monitoring.
CAF,140,2002,0.0,23.72,25.02,29.24,Universal Analysis Mode,Healthy,Machine is safe. Continue regular monitoring.
CAF,140,2003,0.0,26.54,28.83,31.35,Universal Analysis Mode,Warning,Maintenance inspection recommended soon.
CAF,140,2004,0.0,34.3,38.26,31.85,Universal Analysis Mode,Warning,Maintenance inspection recommended soon.
CAF,140,2005,0.0,47.26,54.52,33.1,Universal Analysis Mode,Warning,Maintenance inspection recommended soon.
CAF,140,2006,0.0,55.37,65.14,32.52,Universal Analysis Mode,Warning,Maintenance inspection recommended soon.
CAF,140,2007,0.0,60.12,72.39,32.48,Universal Analysis Mode,Warning,Maintenance inspection recommended soon.
CAF,140,2008,0.0,77.79,97.26,33.15,Universal Analysis Mode,Warning,Maintenance inspection recommended soon.
CAF,140,2009,0.0,49.5,61.67,30.03,Universal Analysis Mode,Warning,Maintenance inspection recommended soon.
CAF,140,2010,0.0,62.78,79.5,31.01,Universal Analysis Mode,Warning,Maintenance inspection recommended soon.
CAF,140,2011,0.0,85.17,111.26,30.47,Universal Analysis Mode,Warning,Maintenance inspection recommended soon.
CAF,140,2012,0.0,83.75,111.67,29.34,Universal Analysis Mode,Healthy,Machine is safe. Continue regular monitoring.
CAF,140,2013,0.0,80.32,108.66,29.58,Universal Analysis Mode,Healthy,Machine is safe. Continue regular monitoring.
CAF,140,2014,0.0,71.97,98.95,30.63,Universal Analysis Mode,Warning,Maintenance inspection recommended soon.
TCD,148,1932,49800.0,10.86,0.87,28.73,Universal Analysis Mode,Healthy,Machine is safe. Continue regular monitoring.
TCD,148,1933,49800.0,8.82,0.67,28.71,Universal Analysis Mode,Healthy,Machine is safe. Continue regular monitoring.
TCD,148,1934,49800.0,12.72,1.0,29.19,Universal Analysis Mode,Healthy,Machine is safe. Continue regular monitoring.
TCD,148,1935,49800.0,12.04,0.97,28.84,Universal Analysis Mode,Healthy,Machine is safe. Continue regular monitoring.
TCD,148,1936,49800.0,13.38,1.09,29.15,Universal Analysis Mode,Healthy,Machine is safe. Continue regular monitoring.
TCD,148,1937,49800.0,13.98,1.18,28.91,Universal Analysis Mode,Healthy,Machine is safe. Continue regular monitoring.
TCD,148,1938,49800.0,13.66,1.13,28.94,Universal Analysis Mode,Healthy,Machine is safe. Continue regular monitoring.
TCD,148,1939,49800.0,12.5,1.02,28.87,Universal Analysis Mode,Healthy,Machine is safe. Continue regular monitoring.
TCD,148,1940,49800.0,12.38,1.02,28.79,Universal Analysis Mode,Healthy,Machine is safe. Continue regular monitoring.
TCD,148,1941,49800.0,13.18,1.14,28.82,Universal Analysis Mode,Healthy,Machine is safe. Continue regular monitoring.
TCD,148,1942,49800.0,12.42,1.19,28.63,Universal Analysis Mode,Healthy,Machine is safe. Continue regular monitoring.
TCD,148,1943,49800.0,11.81,1.2,28.38,Universal Analysis Mode,Healthy,Machine is safe. Continue regular monitoring.
TCD,148,1944,49800.0,11.71,1.21,28.34,Universal Analysis Mode,Healthy,Machine is safe. Continue regular monitoring.
TCD,148,1945,49800.0,9.93,1.05,27.99,Universal Analysis Mode,Healthy,Machine is safe. Continue regular monitoring.
TCD,148,1946,49800.0,9.77,1.12,27.89,Universal Analysis Mode,Healthy,Machine is safe. Continue regular monitoring.
TCD,148,1947,49800.0,14.48,1.9,28.84,Universal Analysis Mode,Healthy,Machine is safe. Continue regular monitoring.
TCD,148,1948,49800.0,14.07,1.99,28.86,Universal Analysis Mode,Healthy,Machine is safe. Continue regular monitoring.
TCD,148,1949,49800.0,12.71,1.78,28.41,Universal Analysis Mode,Healthy,Machine is safe. Continue regular monitoring.
TCD,148,1950,49800.0,12.08,1.71,27.61,Universal Analysis Mode,Healthy,Machine is safe. Continue regular monitoring.
TCD,148,1951,49800.0,11.2,1.71,27.42,Universal Analysis Mode,Healthy,Machine is safe. Continue regular monitoring.
TCD,148,1952,49800.0,10.96,1.71,27.4,Universal Analysis Mode,Healthy,Machine is safe. Continue regular monitoring.
TCD,148,1953,49800.0,12.27,1.93,27.91,Universal Analysis Mode,Healthy,Machine is safe. Continue regular monitoring.
TCD,148,1954,49800.0,12.21,1.93,27.81,Universal Analysis Mode,Healthy,Machine is safe. Continue regular monitoring.
TCD,148,1955,49800.0,12.27,1.93,27.46,Universal Analysis Mode,Healthy,Machine is safe. Continue regular monitoring.
TCD,148,1956,49800.0,12.07,1.93,27.45,Universal Analysis Mode,Healthy,Machine is safe. Continue regular monitoring.
TCD,148,1957,49800.0,11.48,1.9,27.18,Universal Analysis Mode,Healthy,Machine is safe. Continue regular monitoring.
TCD,148,1958,49800.0,12.25,2.08,27.63,Universal Analysis Mode,Healthy,Machine is safe. Continue regular monitoring.
TCD,148,1959,49800.0,12.14,2.08,27.66,Universal Analysis Mode,Healthy,Machine is safe. Continue regular monitoring.
TCD,148,1960,0.0,10.91,1.9,24.06,Universal Analysis Mode,Healthy,Machine is safe. Continue regular monitoring.
TCD,148,1961,0.0,10.24,1.8,24.0,Universal Analysis Mode,Healthy,Machine is safe. Continue regular monitoring.
TCD,148,1962,0.0,10.12,1.8,24.87,Universal Analysis Mode,Healthy,Machine is safe. Continue regular monitoring.
TCD,148,1963,0.0,9.99,1.8,24.7,Universal Analysis Mode,Healthy,Machine is safe. Continue regular monitoring.
TCD,148,1964,0.0,9.86,1.8,23.79,Universal Analysis Mode,Healthy,Machine is safe. Continue regular monitoring.
TCD,148,1965,0.0,9.71,1.8,24.39,Universal Analysis Mode,Healthy,Machine is safe. Continue regular monitoring.
TCD,148,1966,0.0,9.41,1.8,23.75,Universal Analysis Mode,Healthy,Machine is safe. Continue regular monitoring.
TCD,148,1967,0.0,9.16,1.8,23.64,Universal Analysis Mode,Healthy,Machine is safe. Continue regular monitoring.
TCD,148,1968,0.0,8.8,1.8,23.4,Universal Analysis Mode,Healthy,Machine is safe. Continue regular monitoring.
TCD,148,1969,0.0,8.35,1.8,23.52,Universal Analysis Mode,Healthy,Machine is safe. Continue regular monitoring.
TCD,148,1970,0.0,7.88,1.8,23.27,Universal Analysis Mode,Healthy,Machine is safe. Continue regular monitoring.
TCD,148,1971,0.0,9.41,2.24,23.61,Universal Analysis Mode,Healthy,Machine is safe. Continue regular monitoring.
TCD,148,1972,0.0,10.09,2.48,23.62,Universal Analysis Mode,Healthy,Machine is safe. Continue regular monitoring.
TCD,148,1973,0.0,12.59,3.29,23.85,Universal Analysis Mode,Healthy,Machine is safe. Continue regular monitoring.
TCD,148,1974,0.0,39.93,11.58,25.73,Universal Analysis Mode,Healthy,Machine is safe. Continue regular monitoring.
TCD,148,1975,0.0,36.44,11.53,26.0,Universal Analysis Mode,Healthy,Machine is safe. Continue regular monitoring.
TCD,148,1976,0.0,38.23,12.8,27.59,Universal Analysis Mode,Healthy,Machine is safe. Continue regular monitoring.
TCD,148,1977,0.0,39.04,13.92,28.79,Universal Analysis Mode,Healthy,Machine is safe. Continue regular monitoring.
TCD,148,1978,0.0,36.54,14.02,28.46,Universal Analysis Mode,Healthy,Machine is safe. Continue regular monitoring.
TCD,148,1979,0.0,74.02,31.61,30.85,Universal Analysis Mode,Warning,Maintenance inspection recommended soon.
TCD,148,1980,0.0,75.97,36.83,32.08,Universal Analysis Mode,Warning,Maintenance inspection recommended soon.
TCD,148,1981,0.0,67.14,35.93,32.56,Universal Analysis Mode,Warning,Maintenance inspection recommended soon.
TCD,148,1982,0.0,58.02,32.97,32.66,Universal Analysis Mode,Warning,Maintenance inspection recommended soon.
TCD,148,1983,0.0,50.39,29.55,32.27,Universal Analysis Mode,Warning,Maintenance inspection recommended soon.
TCD,148,1984,0.0,45.82,28.78,31.89,Universal Analysis Mode,Warning,Maintenance inspection recommended soon.
TCD,148,1985,0.0,43.43,27.56,31.62,Universal Analysis Mode,Warning,Maintenance inspection recommended soon.
TCD,148,1986,0.0,22.22,14.43,29.22,Universal Analysis Mode,Healthy,Machine is safe. Continue regular monitoring.
TCD,148,1987,0.0,27.46,18.44,28.3,Universal Analysis Mode,Healthy,Machine is safe. Continue regular monitoring.
TCD,148,1988,0.0,21.42,14.92,26.72,Universal Analysis Mode,Healthy,Machine is safe. Continue regular monitoring.
TCD,148,1989,0.0,24.87,18.23,27.17,Universal Analysis Mode,Healthy,Machine is safe. Continue regular monitoring.
TCD,148,1990,0.0,30.88,23.73,29.14,Universal Analysis Mode,Healthy,Machine is safe. Continue regular monitoring.
TCD,148,1991,0.0,24.95,20.0,29.02,Universal Analysis Mode,Healthy,Machine is safe. Continue regular monitoring.
TCD,148,1992,0.0,23.39,19.32,27.88,Universal Analysis Mode,Healthy,Machine is safe. Continue regular monitoring.
TCD,148,1993,0.0,20.01,16.97,27.48,Universal Analysis Mode,Healthy,Machine is safe. Continue regular monitoring.
TCD,148,1994,0.0,18.26,15.82,27.2,Universal Analysis Mode,Healthy,Machine is safe. Continue regular monitoring.
TCD,148,1995,0.0,19.1,17.02,27.17,Universal Analysis Mode,Healthy,Machine is safe. Continue regular monitoring.
TCD,148,1996,0.0,22.48,20.67,27.98,Universal Analysis Mode,Healthy,Machine is safe. Continue regular monitoring.
TCD,148,1997,0.0,20.38,19.09,27.83,Universal Analysis Mode,Healthy,Machine is safe. Continue regular monitoring.
TCD,148,1998,0.0,13.62,12.72,26.83,Universal Analysis Mode,Healthy,Machine is safe. Continue regular monitoring.
TCD,148,1999,0.0,18.56,17.97,27.6,Universal Analysis Mode,Healthy,Machine is safe. Continue regular monitoring.
TCD,148,2000,0.0,28.5,28.5,30.8,Universal Analysis Mode,Warning,Maintenance inspection recommended soon.
TCD,148,2001,0.0,23.7,24.44,30.77,Universal Analysis Mode,Warning,Maintenance inspection recommended soon.
TCD,148,2002,0.0,23.72,25.02,30.39,Universal Analysis Mode,Warning,Maintenance inspection recommended soon.
TCD,148,2003,1796210.8,26.54,28.83,52.65,Universal Analysis Mode,Warning,Maintenance inspection recommended soon.
TCD,148,2004,8495254.01,34.3,38.26,58.83,Universal Analysis Mode,Warning,Maintenance inspection recommended soon.
TCD,148,2005,8797544.99,47.26,54.52,60.37,Universal Analysis Mode,Warning,Maintenance inspection recommended soon.
TCD,148,2006,7864306.94,55.37,65.14,59.82,Universal Analysis Mode,Warning,Maintenance inspection recommended soon.
TCD,148,2007,7181296.45,60.12,72.39,59.81,Universal Analysis Mode,Warning,Maintenance inspection recommended soon.
TCD,148,2008,6323919.73,77.79,97.26,60.58,Universal Analysis Mode,Warning,Maintenance inspection recommended soon.
TCD,148,2009,5727000.0,49.5,61.67,57.11,Universal Analysis Mode,Warning,Maintenance inspection recommended soon.
TCD,148,2010,6283259.03,62.78,79.5,60.02,Universal Analysis Mode,Warning,Maintenance inspection recommended soon.
TCD,148,2011,6158144.99,85.17,111.26,59.68,Universal Analysis Mode,Warning,Maintenance inspection recommended soon.
TCD,148,2012,5203283.78,83.75,111.67,56.0,Universal Analysis Mode,Warning,Maintenance inspection recommended soon.
TCD,148,2013,4875761.13,80.32,108.66,51.83,Universal Analysis Mode,Warning,Maintenance inspection recommended soon.
TCD,148,2014,5150411.62,71.97,98.95,52.86,Universal Analysis Mode,Warning,Maintenance inspection recommended soon.
CHL,152,1932,49800.0,10.86,0.87,29.12,Universal Analysis Mode,Healthy,Machine is safe. Continue regular monitoring.
CHL,152,1933,49800.0,8.82,0.67,29.12,Universal Analysis Mode,Healthy,Machine is safe. Continue regular monitoring.
CHL,152,1934,49800.0,12.72,1.0,29.6,Universal Analysis Mode,Healthy,Machine is safe. Continue regular monitoring.
CHL,152,1935,49800.0,12.04,0.97,29.26,Universal Analysis Mode,Healthy,Machine is safe. Continue regular monitoring.
CHL,152,1936,49800.0,13.38,1.09,29.57,Universal Analysis Mode,Healthy,Machine is safe. Continue regular monitoring.
CHL,152,1937,49800.0,13.98,1.18,29.34,Universal Analysis Mode,Healthy,Machine is safe. Continue regular monitoring.
CHL,152,1938,49800.0,13.66,1.13,29.37,Universal Analysis Mode,Healthy,Machine is safe. Continue regular monitoring.
CHL,152,1939,49800.0,12.5,1.02,29.31,Universal Analysis Mode,Healthy,Machine is safe. Continue regular monitoring.
CHL,152,1940,49800.0,12.38,1.02,29.24,Universal Analysis Mode,Healthy,Machine is safe. Continue regular monitoring.
CHL,152,1941,49800.0,13.18,1.14,29.27,Universal Analysis Mode,Healthy,Machine is safe. Continue regular monitoring.
CHL,152,1942,49800.0,12.42,1.19,29.09,Universal Analysis Mode,Healthy,Machine is safe. Continue regular monitoring.
CHL,152,1943,49800.0,11.81,1.2,28.84,Universal Analysis Mode,Healthy,Machine is safe. Continue regular monitoring.
CHL,152,1944,49800.0,11.71,1.21,28.81,Universal Analysis Mode,Healthy,Machine is safe. Continue regular monitoring.
CHL,152,1945,49800.0,9.93,1.05,28.47,Universal Analysis Mode,Healthy,Machine is safe. Continue regular monitoring.
CHL,152,1946,49800.0,9.77,1.12,28.36,Universal Analysis Mode,Healthy,Machine is safe. Continue regular monitoring.
CHL,152,1947,49800.0,14.48,1.9,29.31,Universal Analysis Mode,Healthy,Machine is safe. Continue regular monitoring.
CHL,152,1948,49800.0,14.07,1.99,29.34,Universal Analysis Mode,Healthy,Machine is safe. Continue regular monitoring.
CHL,152,1949,49800.0,12.71,1.78,28.89,Universal Analysis Mode,Healthy,Machine is safe. Continue regular monitoring.
CHL,152,1950,85929.0,12.08,1.71,29.22,Universal Analysis Mode,Healthy,Machine is safe. Continue regular monitoring.
CHL,152,1951,103689.0,11.2,1.71,29.53,Universal Analysis Mode,Healthy,Machine is safe. Continue regular monitoring.
CHL,152,1952,123770.0,10.96,1.71,29.67,Universal Analysis Mode,Healthy,Machine is safe. Continue regular monitoring.
CHL,152,1953,171858.0,12.27,1.93,33.26,Universal Analysis Mode,Warning,Maintenance inspection recommended soon.
CHL,152,1954,237158.0,12.21,1.93,34.13,Universal Analysis Mode,Warning,Maintenance inspection recommended soon.
CHL,152,1955,352049.0,12.27,1.93,41.62,Universal Analysis Mode,Warning,Maintenance inspection recommended soon.
CHL,152,1956,483880.0,12.07,1.93,43.47,Universal Analysis Mode,Warning,Maintenance inspection recommended soon.
CHL,152,1957,592486.0,11.48,1.9,44.6,Universal Analysis Mode,Warning,Maintenance inspection recommended soon.
CHL,152,1958,760656.0,12.25,2.08,46.64,Universal Analysis Mode,Warning,Maintenance inspection recommended soon.
CHL,152,1959,878142.0,12.14,2.08,47.25,Universal Analysis Mode,Warning,Maintenance inspection recommended soon.
CHL,152,1960,987842.0,10.91,1.9,47.38,Universal Analysis Mode,Warning,Maintenance inspection recommended soon.
CHL,152,1961,1265437.0,10.24,1.8,47.72,Universal Analysis Mode,Warning,Maintenance inspection recommended soon.
CHL,152,1962,1596995.0,10.12,1.8,48.96,Universal Analysis Mode,Warning,Maintenance inspection recommended soon.
CHL,152,1963,1804098.0,9.99,1.8,48.47,Universal Analysis Mode,Warning,Maintenance inspection recommended soon.
CHL,152,1964,1869809.0,9.86,1.8,47.23,Universal Analysis Mode,Warning,Maintenance inspection recommended soon.
CHL,152,1965,1735519.0,9.71,1.8,47.82,Universal Analysis Mode,Warning,Maintenance inspection recommended soon.
CHL,152,1966,1697814.0,9.41,1.8,47.18,Universal Analysis Mode,Warning,Maintenance inspection recommended soon.
CHL,152,1967,1689754.0,9.16,1.8,47.09,Universal Analysis Mode,Warning,Maintenance inspection recommended soon.
CHL,152,1968,1870902.0,8.8,1.8,47.21,Universal Analysis Mode,Warning,Maintenance inspection recommended soon.
CHL,152,1969,1823770.0,8.35,1.8,47.41,Universal Analysis Mode,Warning,Maintenance inspection recommended soon.
CHL,152,1970,1468000.0,7.88,1.8,47.81,Universal Analysis Mode,Warning,Maintenance inspection recommended soon.
CHL,152,1971,1402000.0,9.41,2.24,48.2,Universal Analysis Mode,Warning,Maintenance inspection recommended soon.
CHL,152,1972,1417000.0,10.09,2.48,48.26,Universal Analysis Mode,Warning,Maintenance inspection recommended soon.
CHL,152,1973,1276000.0,12.59,3.29,48.49,Universal Analysis Mode,Warning,Maintenance inspection recommended soon.
CHL,152,1974,1110000.0,39.93,11.58,50.67,Universal Analysis Mode,Warning,Maintenance inspection recommended soon.
CHL,152,1975,994000.0,36.44,11.53,50.96,Universal Analysis Mode,Warning,Maintenance inspection recommended soon.
CHL,152,1976,938000.0,38.23,12.8,52.65,Universal Analysis Mode,Warning,Maintenance inspection recommended soon.
CHL,152,1977,928000.0,39.04,13.92,53.94,Universal Analysis Mode,Warning,Maintenance inspection recommended soon.
CHL,152,1978,780000.0,36.54,14.02,53.47,Universal Analysis Mode,Warning,Maintenance inspection recommended soon.
CHL,152,1979,1010000.0,74.02,31.61,56.27,Universal Analysis Mode,Warning,Maintenance inspection recommended soon.
CHL,152,1980,1604000.0,75.97,36.83,57.86,Universal Analysis Mode,Warning,Maintenance inspection recommended soon.
CHL,152,1981,1950000.0,67.14,35.93,58.46,Universal Analysis Mode,Warning,Maintenance inspection recommended soon.
CHL,152,1982,2003000.0,58.02,32.97,58.53,Universal Analysis Mode,Warning,Maintenance inspection recommended soon.
CHL,152,1983,1919000.0,50.39,29.55,58.01,Universal Analysis Mode,Warning,Maintenance inspection recommended soon.
CHL,152,1984,1879000.0,45.82,28.78,57.6,Universal Analysis Mode,Warning,Maintenance inspection recommended soon.
CHL,152,1985,1591000.0,43.43,27.56,57.18,Universal Analysis Mode,Warning,Maintenance inspection recommended soon.
CHL,152,1986,1485000.0,22.22,14.43,51.55,Universal Analysis Mode,Warning,Maintenance inspection recommended soon.
CHL,152,1987,1319000.0,27.46,18.44,50.47,Universal Analysis Mode,Warning,Maintenance inspection recommended soon.
CHL,152,1988,1057000.0,21.42,14.92,48.61,Universal Analysis Mode,Warning,Maintenance inspection recommended soon.
CHL,152,1989,946000.0,24.87,18.23,49.05,Universal Analysis Mode,Warning,Maintenance inspection recommended soon.
CHL,152,1990,842000.0,30.88,23.73,50.41,Universal Analysis Mode,Warning,Maintenance inspection recommended soon.
CHL,152,1991,755000.0,24.95,20.0,50.26,Universal Analysis Mode,Warning,Maintenance inspection recommended soon.
CHL,152,1992,733000.0,23.39,19.32,48.64,Universal Analysis Mode,Warning,Maintenance inspection recommended soon.
CHL,152,1993,700000.0,20.01,16.97,47.56,Universal Analysis Mode,Warning,Maintenance inspection recommended soon.
CHL,152,1994,600000.0,18.26,15.82,46.92,Universal Analysis Mode,Warning,Maintenance inspection recommended soon.
CHL,152,1995,499000.0,19.1,17.02,46.77,Universal Analysis Mode,Warning,Maintenance inspection recommended soon.
CHL,152,1996,361000.0,22.48,20.67,47.25,Universal Analysis Mode,Warning,Maintenance inspection recommended soon.
CHL,152,1997,270000.0,20.38,19.09,43.07,Universal Analysis Mode,Warning,Maintenance inspection recommended soon.
CHL,152,1998,242000.0,13.62,12.72,41.05,Universal Analysis Mode,Warning,Maintenance inspection recommended soon.
CHL,152,1999,239000.0,18.56,17.97,42.07,Universal Analysis Mode,Warning,Maintenance inspection recommended soon.
CHL,152,2000,269000.0,28.5,28.5,46.78,Universal Analysis Mode,Warning,Maintenance inspection recommended soon.
CHL,152,2001,330771.6,23.7,24.44,47.19,Universal Analysis Mode,Warning,Maintenance inspection recommended soon.
CHL,152,2002,298800.0,23.72,25.02,46.4,Universal Analysis Mode,Warning,Maintenance inspection recommended soon.
CHL,152,2003,298800.0,26.54,28.83,48.86,Universal Analysis Mode,Warning,Maintenance inspection recommended soon.
CHL,152,2004,278373.53,34.3,38.26,49.34,Universal Analysis Mode,Warning,Maintenance inspection recommended soon.
CHL,152,2005,220075.16,47.26,54.52,50.7,Universal Analysis Mode,Warning,Maintenance inspection recommended soon.
CHL,152,2006,148991.64,55.37,65.14,49.56,Universal Analysis Mode,Warning,Maintenance inspection recommended soon.
CHL,152,2007,127004.44,60.12,72.39,49.34,Universal Analysis Mode,Warning,Maintenance inspection recommended soon.
CHL,152,2008,153985.58,77.79,97.26,50.62,Universal Analysis Mode,Warning,Maintenance inspection recommended soon.
CHL,152,2009,183457.22,49.5,61.67,46.94,Universal Analysis Mode,Warning,Maintenance inspection recommended soon.
CHL,152,2010,207386.12,62.78,79.5,47.06,Universal Analysis Mode,Warning,Maintenance inspection recommended soon.
CHL,152,2011,228397.74,85.17,111.26,46.52,Universal Analysis Mode,Warning,Maintenance inspection recommended soon.
CHL,152,2012,302882.11,83.75,111.67,45.56,Universal Analysis Mode,Warning,Maintenance inspection recommended soon.
CHL,152,2013,331954.35,80.32,108.66,45.88,Universal Analysis Mode,Warning,Maintenance inspection recommended soon.
CHL,152,2014,331954.35,71.97,98.95,53.96,Universal Analysis Mode,Warning,Maintenance inspection recommended soon.
CHN,156,1932,49800.0,10.86,0.87,33.31,Universal Analysis Mode,Warning,Maintenance inspection recommended soon.
CHN,156,1933,49800.0,8.82,0.67,33.29,Universal Analysis Mode,Warning,Maintenance inspection recommended soon.
CHN,156,1934,49800.0,12.72,1.0,33.77,Universal Analysis Mode,Warning,Maintenance inspection recommended soon.
CHN,156,1935,49800.0,12.04,0.97,33.42,Universal Analysis Mode,Warning,Maintenance inspection recommended soon.
CHN,156,1936,49800.0,13.38,1.09,33.73,Universal Analysis Mode,Warning,Maintenance inspection recommended soon.
CHN,156,1937,49800.0,13.98,1.18,33.49,Universal Analysis Mode,Warning,Maintenance inspection recommended soon.
CHN,156,1938,49800.0,13.66,1.13,33.52,Universal Analysis Mode,Warning,Maintenance inspection recommended soon.
CHN,156,1939,49800.0,12.5,1.02,33.45,Universal Analysis Mode,Warning,Maintenance inspection recommended soon.
CHN,156,1940,49800.0,12.38,1.02,33.37,Universal Analysis Mode,Warning,Maintenance inspection recommended soon.
CHN,156,1941,11885.0,13.18,1.14,31.39,Universal Analysis Mode,Warning,Maintenance inspection recommended soon.
CHN,156,1942,46448.0,12.42,1.19,31.0,Universal Analysis Mode,Warning,Maintenance inspection recommended soon.
CHN,156,1943,61066.0,11.81,1.2,31.32,Universal Analysis Mode,Warning,Maintenance inspection recommended soon.
CHN,156,1944,68989.0,11.71,1.21,31.28,Universal Analysis Mode,Warning,Maintenance inspection recommended soon.
CHN,156,1945,66120.0,9.93,1.05,30.97,Universal Analysis Mode,Warning,Maintenance inspection recommended soon.
CHN,156,1946,70082.0,9.77,1.12,30.87,Universal Analysis Mode,Warning,Maintenance inspection recommended soon.
CHN,156,1947,51093.0,14.48,1.9,31.73,Universal Analysis Mode,Warning,Maintenance inspection recommended soon.
CHN,156,1948,72814.0,14.07,1.99,32.9,Universal Analysis Mode,Warning,Maintenance inspection recommended soon.
CHN,156,1949,99727.0,12.71,1.78,32.6,Universal Analysis Mode,Warning,Maintenance inspection recommended soon.
CHN,156,1950,109290.0,12.08,1.71,32.46,Universal Analysis Mode,Warning,Maintenance inspection recommended soon.
CHN,156,1951,122951.0,11.2,1.71,32.31,Universal Analysis Mode,Warning,Maintenance inspection recommended soon.
CHN,156,1952,136612.0,10.96,1.71,32.35,Universal Analysis Mode,Warning,Maintenance inspection recommended soon.
CHN,156,1953,204918.0,12.27,1.93,35.15,Universal Analysis Mode,Warning,Maintenance inspection recommended soon.
CHN,156,1954,409836.0,12.21,1.93,37.68,Universal Analysis Mode,Warning,Maintenance inspection recommended soon.
CHN,156,1955,478142.0,12.27,1.93,37.88,Universal Analysis Mode,Warning,Maintenance inspection recommended soon.
CHN,156,1956,642077.0,12.07,1.93,39.03,Universal Analysis Mode,Warning,Maintenance inspection recommended soon.
CHN,156,1957,683060.0,11.48,1.9,38.85,Universal Analysis Mode,Warning,Maintenance inspection recommended soon.
CHN,156,1958,819672.0,12.25,2.08,40.07,Universal Analysis Mode,Warning,Maintenance inspection recommended soon.
CHN,156,1959,2094262.0,12.14,2.08,42.43,Universal Analysis Mode,Warning,Maintenance inspection recommended soon.
CHN,156,1960,3409699.0,10.91,1.9,42.79,Universal Analysis Mode,Warning,Maintenance inspection recommended soon.
CHN,156,1961,6658880.0,10.24,1.8,42.97,Universal Analysis Mode,Warning,Maintenance inspection recommended soon.
CHN,156,1962,6980874.0,10.12,1.8,43.85,Universal Analysis Mode,Warning,Maintenance inspection recommended soon.
CHN,156,1963,7500000.0,9.99,1.8,43.7,Universal Analysis Mode,Warning,Maintenance inspection recommended soon.
CHN,156,1964,8500000.0,9.86,1.8,42.83,Universal Analysis Mode,Warning,Maintenance inspection recommended soon.
CHN,156,1965,10000000.0,9.71,1.8,43.48,Universal Analysis Mode,Warning,Maintenance inspection recommended soon.
CHN,156,1966,13000000.0,9.41,1.8,44.09,Universal Analysis Mode,Warning,Maintenance inspection recommended soon.
CHN,156,1967,11000000.0,9.16,1.8,42.74,Universal Analysis Mode,Warning,Maintenance inspection recommended soon.
CHN,156,1968,15000000.0,8.8,1.8,43.77,Universal Analysis Mode,Warning,Maintenance inspection recommended soon.
CHN,156,1969,19800000.0,8.35,1.8,44.05,Universal Analysis Mode,Warning,Maintenance inspection recommended soon.
CHN,156,1970,30700000.0,7.88,1.8,48.08,Universal Analysis Mode,Warning,Maintenance inspection recommended soon.
CHN,156,1971,39400000.0,9.41,2.24,49.13,Universal Analysis Mode,Warning,Maintenance inspection recommended soon.
CHN,156,1972,45700000.0,10.09,2.48,49.65,Universal Analysis Mode,Warning,Maintenance inspection recommended soon.
CHN,156,1973,53600000.0,12.59,3.29,50.85,Universal Analysis Mode,Warning,Maintenance inspection recommended soon.
CHN,156,1974,64900000.0,39.93,11.58,54.88,Universal Analysis Mode,Warning,Maintenance inspection recommended soon.
CHN,156,1975,77100000.0,36.44,11.53,55.28,Universal Analysis Mode,Warning,Maintenance inspection recommended soon.
CHN,156,1976,87200000.0,38.23,12.8,57.03,Universal Analysis Mode,Warning,Maintenance inspection recommended soon.
CHN,156,1977,93600000.0,39.04,13.92,58.39,Universal Analysis Mode,Warning,Maintenance inspection recommended soon.
CHN,156,1978,104000000.0,36.54,14.02,58.11,Universal Analysis Mode,Warning,Maintenance inspection recommended soon.
CHN,156,1979,106000000.0,74.02,31.61,60.84,Universal Analysis Mode,Warning,Maintenance inspection recommended soon.
CHN,156,1980,106000000.0,75.97,36.83,62.16,Universal Analysis Mode,Warning,Maintenance inspection recommended soon.
CHN,156,1981,101000000.0,67.14,35.93,62.58,Universal Analysis Mode,Warning,Maintenance inspection recommended soon.
CHN,156,1982,102000000.0,58.02,32.97,62.6,Universal Analysis Mode,Warning,Maintenance inspection recommended soon.
CHN,156,1983,106000000.0,50.39,29.55,62.15,Universal Analysis Mode,Warning,Maintenance inspection recommended soon.
CHN,156,1984,115000000.0,45.82,28.78,61.78,Universal Analysis Mode,Warning,Maintenance inspection recommended soon.
CHN,156,1985,125000000.0,43.43,27.56,61.51,Universal Analysis Mode,Warning,Maintenance inspection recommended soon.
CHN,156,1986,131000000.0,22.22,14.43,62.51,Universal Analysis Mode,Warning,Maintenance inspection recommended soon.
CHN,156,1987,134000000.0,27.46,18.44,61.57,Universal Analysis Mode,Warning,Maintenance inspection recommended soon.
CHN,156,1988,137000000.0,21.42,14.92,59.85,Universal Analysis Mode,Warning,Maintenance inspection recommended soon.
CHN,156,1989,138000000.0,24.87,18.23,60.39,Universal Analysis Mode,Warning,Maintenance inspection recommended soon.
CHN,156,1990,138000000.0,30.88,23.73,66.87,Universal Analysis Mode,Warning,Maintenance inspection recommended soon.
CHN,156,1991,141000000.0,24.95,20.0,66.7,Universal Analysis Mode,Warning,Maintenance inspection recommended soon.
CHN,156,1992,142000000.0,23.39,19.32,65.04,Universal Analysis Mode,Warning,Maintenance inspection recommended soon.
CHN,156,1993,144000000.0,20.01,16.97,64.51,Universal Analysis Mode,Warning,Maintenance inspection recommended soon.
CHN,156,1994,146000000.0,18.26,15.82,63.92,Universal Analysis Mode,Warning,Maintenance inspection recommended soon.
CHN,156,1995,149000000.0,19.1,17.02,58.55,Universal Analysis Mode,Warning,Maintenance inspection recommended soon.
CHN,156,1996,159000000.0,22.48,20.67,57.99,Universal Analysis Mode,Warning,Maintenance inspection recommended soon.
CHN,156,1997,160000000.0,20.38,19.09,57.6,Universal Analysis Mode,Warning,Maintenance inspection recommended soon.
CHN,156,1998,160000000.0,13.62,12.72,56.34,Universal Analysis Mode,Warning,Maintenance inspection recommended soon.
CHN,156,1999,160000000.0,18.56,17.97,57.12,Universal Analysis Mode,Warning,Maintenance inspection recommended soon.
CHN,156,2000,163000000.0,28.5,28.5,60.58,Universal Analysis Mode,Warning,Maintenance inspection recommended soon.
CHN,156,2001,164000000.0,23.7,24.44,60.47,Universal Analysis Mode,Warning,Maintenance inspection recommended soon.
CHN,156,2002,169000000.0,23.72,25.02,60.06,Universal Analysis Mode,Warning,Maintenance inspection recommended soon.
CHN,156,2003,170000000.0,26.54,28.83,62.28,Universal Analysis Mode,Warning,Maintenance inspection recommended soon.
CHN,156,2004,174000000.0,34.3,38.26,62.87,Universal Analysis Mode,Warning,Maintenance inspection recommended soon.
CHN,156,2005,180000000.0,47.26,54.52,64.31,Universal Analysis Mode,Warning,Maintenance inspection recommended soon.
CHN,156,2006,183000000.0,55.37,65.14,63.71,Universal Analysis Mode,Warning,Maintenance inspection recommended soon.
CHN,156,2007,185695236.0,60.12,72.39,57.77,Universal Analysis Mode,Warning,Maintenance inspection recommended soon.
CHN,156,2008,188751062.11,77.79,97.26,58.51,Universal Analysis Mode,Warning,Maintenance inspection recommended soon.
CHN,156,2009,189183626.9,49.5,61.67,55.13,Universal Analysis Mode,Warning,Maintenance inspection recommended soon.
CHN,156,2010,203102341.45,62.78,79.5,53.99,Universal Analysis Mode,Warning,Maintenance inspection recommended soon.
CHN,156,2011,202122523.46,85.17,111.26,53.48,Universal Analysis Mode,Warning,Maintenance inspection recommended soon.
CHN,156,2012,203440374.88,83.75,111.67,52.3,Universal Analysis Mode,Warning,Maintenance inspection recommended soon.
CHN,156,2013,207372930.49,80.32,108.66,57.35,Universal Analysis Mode,Warning,Maintenance inspection recommended soon.
CHN,156,2014,208614792.09,71.97,98.95,59.26,Universal Analysis Mode,Warning,Maintenance inspection recommended soon.
COL,170,1932,2242350.0,10.86,0.87,43.59,Universal Analysis Mode,Warning,Maintenance inspection recommended soon.
COL,170,1933,1797541.0,8.82,0.67,42.22,Universal Analysis Mode,Warning,Maintenance inspection recommended soon.
COL,170,1934,2368989.0,12.72,1.0,44.65,Universal Analysis Mode,Warning,Maintenance inspection recommended soon.
COL,170,1935,2404098.0,12.04,0.97,44.24,Universal Analysis Mode,Warning,Maintenance inspection recommended soon.
COL,170,1936,2562295.0,13.38,1.09,44.94,Universal Analysis Mode,Warning,Maintenance inspection recommended soon.
COL,170,1937,2814071.0,13.98,1.18,45.12,Universal Analysis Mode,Warning,Maintenance inspection recommended soon.
COL,170,1938,2948361.0,13.66,1.13,45.18,Universal Analysis Mode,Warning,Maintenance inspection recommended soon.
COL,170,1939,3259153.0,12.5,1.02,45.11,Universal Analysis Mode,Warning,Maintenance inspection recommended soon.
COL,170,1940,3496311.0,12.38,1.02,45.22,Universal Analysis Mode,Warning,Maintenance inspection recommended soon.
COL,170,1941,3354235.0,13.18,1.14,45.37,Universal Analysis Mode,Warning,Maintenance inspection recommended soon.
COL,170,1942,1432650.0,12.42,1.19,43.13,Universal Analysis Mode,Warning,Maintenance inspection recommended soon.
COL,170,1943,1811612.0,11.81,1.2,43.51,Universal Analysis Mode,Warning,Maintenance inspection recommended soon.
COL,170,1944,3045219.0,11.71,1.21,44.74,Universal Analysis Mode,Warning,Maintenance inspection recommended soon.
COL,170,1945,3066803.0,9.93,1.05,44.08,Universal Analysis Mode,Warning,Maintenance inspection recommended soon.
COL,170,1946,3021585.0,9.77,1.12,44.06,Universal Analysis Mode,Warning,Maintenance inspection recommended soon.
COL,170,1947,3387158.0,14.48,1.9,46.11,Universal Analysis Mode,Warning,Maintenance inspection recommended soon.
COL,170,1948,3250273.0,14.07,1.99,46.14,Universal Analysis Mode,Warning,Maintenance inspection recommended soon.
COL,170,1949,4060383.0,12.71,1.78,45.81,Universal Analysis Mode,Warning,Maintenance inspection recommended soon.
COL,170,1950,4653005.0,12.08,1.71,45.72,Universal Analysis Mode,Warning,Maintenance inspection recommended soon.
COL,170,1951,5245628.0,11.2,1.71,45.62,Universal Analysis Mode,Warning,Maintenance inspection recommended soon.
COL,170,1952,5284563.0,10.96,1.71,45.62,Universal Analysis Mode,Warning,Maintenance inspection recommended soon.
COL,170,1953,5386749.0,12.27,1.93,46.26,Universal Analysis Mode,Warning,Maintenance inspection recommended soon.
COL,170,1954,5461885.0,12.21,1.93,46.2,Universal Analysis Mode,Warning,Maintenance inspection recommended soon.
COL,170,1955,5425000.0,12.27,1.93,48.68,Universal Analysis Mode,Warning,Maintenance inspection recommended soon.
COL,170,1956,6143169.0,12.07,1.93,48.82,Universal Analysis Mode,Warning,Maintenance inspection recommended soon.
COL,170,1957,6390984.0,11.48,1.9,48.59,Universal Analysis Mode,Warning,Maintenance inspection recommended soon.
COL,170,1958,6407240.0,12.25,2.08,49.19,Universal Analysis Mode,Warning,Maintenance inspection recommended soon.
COL,170,1959,7319126.0,12.14,2.08,49.38,Universal Analysis Mode,Warning,Maintenance inspection recommended soon.
COL,170,1960,7618852.0,10.91,1.9,49.32,Universal Analysis Mode,Warning,Maintenance inspection recommended soon.
COL,170,1961,7274180.0,10.24,1.8,49.12,Universal Analysis Mode,Warning,Maintenance inspection recommended soon.
COL,170,1962,7092623.0,10.12,1.8,50.01,Universal Analysis Mode,Warning,Maintenance inspection recommended soon.
COL,170,1963,8243579.0,9.99,1.8,49.99,Universal Analysis Mode,Warning,Maintenance inspection recommended soon.
COL,170,1964,8551366.0,9.86,1.8,49.21,Universal Analysis Mode,Warning,Maintenance inspection recommended soon.
COL,170,1965,9927596.0,9.71,1.8,50.0,Universal Analysis Mode,Warning,Maintenance inspection recommended soon.
COL,170,1966,9758197.0,9.41,1.8,49.4,Universal Analysis Mode,Warning,Maintenance inspection recommended soon.
COL,170,1967,9409426.0,9.16,1.8,49.3,Universal Analysis Mode,Warning,Maintenance inspection recommended soon.
COL,170,1968,8665984.0,8.8,1.8,49.02,Universal Analysis Mode,Warning,Maintenance inspection recommended soon.
COL,170,1969,10500000.0,8.35,1.8,49.33,Universal Analysis Mode,Warning,Maintenance inspection recommended soon.
COL,170,1970,11300000.0,7.88,1.8,49.46,Universal Analysis Mode,Warning,Maintenance inspection recommended soon.
COL,170,1971,11100000.0,9.41,2.24,49.95,Universal Analysis Mode,Warning,Maintenance inspection recommended soon.
COL,170,1972,10100000.0,10.09,2.48,50.01,Universal Analysis Mode,Warning,Maintenance inspection recommended soon.
COL,170,1973,9493000.0,12.59,3.29,50.36,Universal Analysis Mode,Warning,Maintenance inspection recommended soon.
COL,170,1974,8686000.0,39.93,11.58,52.86,Universal Analysis Mode,Warning,Maintenance inspection recommended soon.
COL,170,1975,8102000.0,36.44,11.53,53.12,Universal Analysis Mode,Warning,Maintenance inspection recommended soon.
COL,170,1976,7553000.0,38.23,12.8,54.79,Universal Analysis Mode,Warning,Maintenance inspection recommended soon.
COL,170,1977,7106000.0,39.04,13.92,56.09,Universal Analysis Mode,Warning,Maintenance inspection recommended soon.
COL,170,1978,6755000.0,36.54,14.02,55.78,Universal Analysis Mode,Warning,Maintenance inspection recommended soon.
COL,170,1979,6410000.0,74.02,31.61,58.61,Universal Analysis Mode,Warning,Maintenance inspection recommended soon.
COL,170,1980,6501000.0,75.97,36.83,60.04,Universal Analysis Mode,Warning,Maintenance inspection recommended soon.
COL,170,1981,6912000.0,67.14,35.93,60.6,Universal Analysis Mode,Warning,Maintenance inspection recommended soon.
COL,170,1982,7320000.0,58.02,32.97,60.72,Universal Analysis Mode,Warning,Maintenance inspection recommended soon.
COL,170,1983,7851000.0,50.39,29.55,60.35,Universal Analysis Mode,Warning,Maintenance inspection recommended soon.
COL,170,1984,8653000.0,45.82,28.78,60.03,Universal Analysis Mode,Warning,Maintenance inspection recommended soon.
COL,170,1985,8887000.0,43.43,27.56,59.73,Universal Analysis Mode,Warning,Maintenance inspection recommended soon.
COL,170,1986,15300000.0,22.22,14.43,60.81,Universal Analysis Mode,Warning,Maintenance inspection recommended soon.
COL,170,1987,19400000.0,27.46,18.44,60.06,Universal Analysis Mode,Warning,Maintenance inspection recommended soon.
COL,170,1988,19000000.0,21.42,14.92,58.34,Universal Analysis Mode,Warning,Maintenance inspection recommended soon.
COL,170,1989,20300000.0,24.87,18.23,58.97,Universal Analysis Mode,Warning,Maintenance inspection recommended soon.
COL,170,1990,22300000.0,30.88,23.73,61.97,Universal Analysis Mode,Warning,Maintenance inspection recommended soon.
COL,170,1991,21500000.0,24.95,20.0,61.73,Universal Analysis Mode,Warning,Maintenance inspection recommended soon.
COL,170,1992,22200000.0,23.39,19.32,60.14,Universal Analysis Mode,Warning,Maintenance inspection recommended soon.
COL,170,1993,22900000.0,20.01,16.97,59.71,Universal Analysis Mode,Warning,Maintenance inspection recommended soon.
COL,170,1994,23000000.0,18.26,15.82,59.09,Universal Analysis Mode,Warning,Maintenance inspection recommended soon.
COL,170,1995,29500000.0,19.1,17.02,59.31,Universal Analysis Mode,Warning,Maintenance inspection recommended soon.
COL,170,1996,31800000.0,22.48,20.67,60.24,Universal Analysis Mode,Warning,Maintenance inspection recommended soon.
COL,170,1997,33200000.0,20.38,19.09,60.12,Universal Analysis Mode,Warning,Maintenance inspection recommended soon.
COL,170,1998,38500000.0,13.62,12.72,58.94,Universal Analysis Mode,Warning,Maintenance inspection recommended soon.
COL,170,1999,41600000.0,18.56,17.97,59.89,Universal Analysis Mode,Warning,Maintenance inspection recommended soon.
COL,170,2000,35300000.0,28.5,28.5,63.36,Universal Analysis Mode,Warning,Maintenance inspection recommended soon.
COL,170,2001,31100000.0,23.7,24.44,63.41,Universal Analysis Mode,Warning,Maintenance inspection recommended soon.
COL,170,2002,28700000.0,23.72,25.02,62.93,Universal Analysis Mode,Warning,Maintenance inspection recommended soon.
COL,170,2003,26900000.0,26.54,28.83,65.18,Universal Analysis Mode,Warning,Maintenance inspection recommended soon.
COL,170,2004,26300000.0,34.3,38.26,65.78,Universal Analysis Mode,Warning,Maintenance inspection recommended soon.
COL,170,2005,26200000.0,47.26,54.52,67.32,Universal Analysis Mode,Warning,Maintenance inspection recommended soon.
COL,170,2006,26400000.0,55.37,65.14,66.68,Universal Analysis Mode,Warning,Maintenance inspection recommended soon.
COL,170,2007,26450530.47,60.12,72.39,70.4,Universal Analysis Mode,Critical,Immediate maintenance required. High failure risk.
COL,170,2008,29300164.66,77.79,97.26,71.51,Universal Analysis Mode,Critical,Immediate maintenance required. High failure risk.
COL,170,2009,33398155.36,49.5,61.67,68.15,Universal Analysis Mode,Warning,Maintenance inspection recommended soon.
COL,170,2010,39119205.76,62.78,79.5,67.42,Universal Analysis Mode,Warning,Maintenance inspection recommended soon.
COL,170,2011,45529870.12,85.17,111.26,67.08,Universal Analysis Mode,Warning,Maintenance inspection recommended soon.
COL,170,2012,47022085.28,83.75,111.67,65.8,Universal Analysis Mode,Warning,Maintenance inspection recommended soon.
COL,170,2013,49961665.74,80.32,108.66,56.37,Universal Analysis Mode,Warning,Maintenance inspection recommended soon.
COL,170,2014,49299353.13,71.97,98.95,58.73,Universal Analysis Mode,Warning,Maintenance inspection recommended soon.
COM,174,1932,49800.0,10.86,0.87,28.76,Universal Analysis Mode,Healthy,Machine is safe. Continue regular monitoring.
COM,174,1933,49800.0,8.82,0.67,28.74,Universal Analysis Mode,Healthy,Machine is safe. Continue regular monitoring.
COM,174,1934,49800.0,12.72,1.0,29.22,Universal Analysis Mode,Healthy,Machine is safe. Continue regular monitoring.
COM,174,1935,49800.0,12.04,0.97,28.87,Universal Analysis Mode,Healthy,Machine is safe. Continue regular monitoring.
COM,174,1936,49800.0,13.38,1.09,29.17,Universal Analysis Mode,Healthy,Machine is safe. Continue regular monitoring.
COM,174,1937,49800.0,13.98,1.18,28.94,Universal Analysis Mode,Healthy,Machine is safe. Continue regular monitoring.
COM,174,1938,49800.0,13.66,1.13,28.97,Universal Analysis Mode,Healthy,Machine is safe. Continue regular monitoring.
COM,174,1939,49800.0,12.5,1.02,28.89,Universal Analysis Mode,Healthy,Machine is safe. Continue regular monitoring.
COM,174,1940,49800.0,12.38,1.02,28.82,Universal Analysis Mode,Healthy,Machine is safe. Continue regular monitoring.
COM,174,1941,49800.0,13.18,1.14,28.84,Universal Analysis Mode,Healthy,Machine is safe. Continue regular monitoring.
COM,174,1942,49800.0,12.42,1.19,28.66,Universal Analysis Mode,Healthy,Machine is safe. Continue regular monitoring.
COM,174,1943,49800.0,11.81,1.2,28.41,Universal Analysis Mode,Healthy,Machine is safe. Continue regular monitoring.
COM,174,1944,49800.0,11.71,1.21,28.36,Universal Analysis Mode,Healthy,Machine is safe. Continue regular monitoring.
COM,174,1945,49800.0,9.93,1.05,28.02,Universal Analysis Mode,Healthy,Machine is safe. Continue regular monitoring.
COM,174,1946,49800.0,9.77,1.12,27.91,Universal Analysis Mode,Healthy,Machine is safe. Continue regular monitoring.
COM,174,1947,49800.0,14.48,1.9,28.86,Universal Analysis Mode,Healthy,Machine is safe. Continue regular monitoring.
COM,174,1948,49800.0,14.07,1.99,28.89,Universal Analysis Mode,Healthy,Machine is safe. Continue regular monitoring.
COM,174,1949,49800.0,12.71,1.78,28.44,Universal Analysis Mode,Healthy,Machine is safe. Continue regular monitoring.
COM,174,1950,49800.0,12.08,1.71,27.14,Universal Analysis Mode,Healthy,Machine is safe. Continue regular monitoring.
COM,174,1951,49800.0,11.2,1.71,26.94,Universal Analysis Mode,Healthy,Machine is safe. Continue regular monitoring.
COM,174,1952,49800.0,10.96,1.71,26.92,Universal Analysis Mode,Healthy,Machine is safe. Continue regular monitoring.
COM,174,1953,49800.0,12.27,1.93,27.43,Universal Analysis Mode,Healthy,Machine is safe. Continue regular monitoring.
COM,174,1954,49800.0,12.21,1.93,27.32,Universal Analysis Mode,Healthy,Machine is safe. Continue regular monitoring.
COM,174,1955,49800.0,12.27,1.93,26.97,Universal Analysis Mode,Healthy,Machine is safe. Continue regular monitoring.
COM,174,1956,49800.0,12.07,1.93,26.95,Universal Analysis Mode,Healthy,Machine is safe. Continue regular monitoring.
COM,174,1957,49800.0,11.48,1.9,26.68,Universal Analysis Mode,Healthy,Machine is safe. Continue regular monitoring.
COM,174,1958,49800.0,12.25,2.08,27.12,Universal Analysis Mode,Healthy,Machine is safe. Continue regular monitoring.
COM,174,1959,49800.0,12.14,2.08,27.14,Universal Analysis Mode,Healthy,Machine is safe. Continue regular monitoring.
COM,174,1960,49800.0,10.91,1.9,27.07,Universal Analysis Mode,Healthy,Machine is safe. Continue regular monitoring.
COM,174,1961,49800.0,10.24,1.8,27.01,Universal Analysis Mode,Healthy,Machine is safe. Continue regular monitoring.
COM,174,1962,49800.0,10.12,1.8,27.88,Universal Analysis Mode,Healthy,Machine is safe. Continue regular monitoring.
COM,174,1963,49800.0,9.99,1.8,27.7,Universal Analysis Mode,Healthy,Machine is safe. Continue regular monitoring.
COM,174,1964,49800.0,9.86,1.8,26.78,Universal Analysis Mode,Healthy,Machine is safe. Continue regular monitoring.
COM,174,1965,49800.0,9.71,1.8,27.39,Universal Analysis Mode,Healthy,Machine is safe. Continue regular monitoring.
COM,174,1966,49800.0,9.41,1.8,26.74,Universal Analysis Mode,Healthy,Machine is safe. Continue regular monitoring.
COM,174,1967,49800.0,9.16,1.8,26.62,Universal Analysis Mode,Healthy,Machine is safe. Continue regular monitoring.
COM,174,1968,49800.0,8.8,1.8,26.38,Universal Analysis Mode,Healthy,Machine is safe. Continue regular monitoring.
COM,174,1969,49800.0,8.35,1.8,26.49,Universal Analysis Mode,Healthy,Machine is safe. Continue regular monitoring.
COM,174,1970,49800.0,7.88,1.8,26.24,Universal Analysis Mode,Healthy,Machine is safe. Continue regular monitoring.
COM,174,1971,49800.0,9.41,2.24,26.57,Universal Analysis Mode,Healthy,Machine is safe. Continue regular monitoring.
COM,174,1972,49800.0,10.09,2.48,26.59,Universal Analysis Mode,Healthy,Machine is safe. Continue regular monitoring.
COM,174,1973,49800.0,12.59,3.29,26.82,Universal Analysis Mode,Healthy,Machine is safe. Continue regular monitoring.
COM,174,1974,49800.0,39.93,11.58,28.69,Universal Analysis Mode,Healthy,Machine is safe. Continue regular monitoring.
COM,174,1975,0.0,36.44,11.53,25.41,Universal Analysis Mode,Healthy,Machine is safe. Continue regular monitoring.
COM,174,1976,0.0,38.23,12.8,27.0,Universal Analysis Mode,Healthy,Machine is safe. Continue regular monitoring.
COM,174,1977,0.0,39.04,13.92,28.21,Universal Analysis Mode,Healthy,Machine is safe. Continue regular monitoring.
COM,174,1978,0.0,36.54,14.02,27.88,Universal Analysis Mode,Healthy,Machine is safe. Continue regular monitoring.
COM,174,1979,0.0,74.02,31.61,30.25,Universal Analysis Mode,Warning,Maintenance inspection recommended soon.
COM,174,1980,0.0,75.97,36.83,31.49,Universal Analysis Mode,Warning,Maintenance inspection recommended soon.
COM,174,1981,0.0,67.14,35.93,31.97,Universal Analysis Mode,Warning,Maintenance inspection recommended soon.
COM,174,1982,0.0,58.02,32.97,32.06,Universal Analysis Mode,Warning,Maintenance inspection recommended soon.
COM,174,1983,0.0,50.39,29.55,31.66,Universal Analysis Mode,Warning,Maintenance inspection recommended soon.
COM,174,1984,0.0,45.82,28.78,31.29,Universal Analysis Mode,Warning,Maintenance inspection recommended soon.
COM,174,1985,0.0,43.43,27.56,31.01,Universal Analysis Mode,Warning,Maintenance inspection recommended soon.
COM,174,1986,0.0,22.22,14.43,28.61,Universal Analysis Mode,Healthy,Machine is safe. Continue regular monitoring.
COM,174,1987,0.0,27.46,18.44,27.68,Universal Analysis Mode,Healthy,Machine is safe. Continue regular monitoring.
COM,174,1988,0.0,21.42,14.92,26.1,Universal Analysis Mode,Healthy,Machine is safe. Continue regular monitoring.
COM,174,1989,0.0,24.87,18.23,26.56,Universal Analysis Mode,Healthy,Machine is safe. Continue regular monitoring.
COM,174,1990,0.0,30.88,23.73,28.53,Universal Analysis Mode,Healthy,Machine is safe. Continue regular monitoring.
COM,174,1991,0.0,24.95,20.0,28.41,Universal Analysis Mode,Healthy,Machine is safe. Continue regular monitoring.
COM,174,1992,0.0,23.39,19.32,26.87,Universal Analysis Mode,Healthy,Machine is safe. Continue regular monitoring.
COM,174,1993,0.0,20.01,16.97,26.46,Universal Analysis Mode,Healthy,Machine is safe. Continue regular monitoring.
COM,174,1994,0.0,18.26,15.82,25.91,Universal Analysis Mode,Healthy,Machine is safe. Continue regular monitoring.
COM,174,1995,0.0,19.1,17.02,25.83,Universal Analysis Mode,Healthy,Machine is safe. Continue regular monitoring.
COM,174,1996,0.0,22.48,20.67,26.6,Universal Analysis Mode,Healthy,Machine is safe. Continue regular monitoring.
COM,174,1997,0.0,20.38,19.09,26.42,Universal Analysis Mode,Healthy,Machine is safe. Continue regular monitoring.
COM,174,1998,0.0,13.62,12.72,25.39,Universal Analysis Mode,Healthy,Machine is safe. Continue regular monitoring.
COM,174,1999,0.0,18.56,17.97,26.13,Universal Analysis Mode,Healthy,Machine is safe. Continue regular monitoring.
COM,174,2000,0.0,28.5,28.5,29.3,Universal Analysis Mode,Healthy,Machine is safe. Continue regular monitoring.
COM,174,2001,0.0,23.7,24.44,29.24,Universal Analysis Mode,Healthy,Machine is safe. Continue regular monitoring.
COM,174,2002,0.0,23.72,25.02,28.83,Universal Analysis Mode,Healthy,Machine is safe. Continue regular monitoring.
COM,174,2003,0.0,26.54,28.83,30.94,Universal Analysis Mode,Warning,Maintenance inspection recommended soon.
COM,174,2004,0.0,34.3,38.26,31.44,Universal Analysis Mode,Warning,Maintenance inspection recommended soon.
COM,174,2005,0.0,47.26,54.52,32.68,Universal Analysis Mode,Warning,Maintenance inspection recommended soon.
COM,174,2006,0.0,55.37,65.14,32.1,Universal Analysis Mode,Warning,Maintenance inspection recommended soon.
COM,174,2007,0.0,60.12,72.39,32.06,Universal Analysis Mode,Warning,Maintenance inspection recommended soon.
COM,174,2008,0.0,77.79,97.26,32.72,Universal Analysis Mode,Warning,Maintenance inspection recommended soon.
COM,174,2009,0.0,49.5,61.67,29.6,Universal Analysis Mode,Healthy,Machine is safe. Continue regular monitoring.
COM,174,2010,0.0,62.78,79.5,30.79,Universal Analysis Mode,Warning,Maintenance inspection recommended soon.
COM,174,2011,0.0,85.17,111.26,30.26,Universal Analysis Mode,Warning,Maintenance inspection recommended soon.
COM,174,2012,0.0,83.75,111.67,29.12,Universal Analysis Mode,Healthy,Machine is safe. Continue regular monitoring.
COM,174,2013,0.0,80.32,108.66,29.36,Universal Analysis Mode,Healthy,Machine is safe. Continue regular monitoring.
COM,174,2014,0.0,71.97,98.95,30.4,Universal Analysis Mode,Warning,Maintenance inspection recommended soon.
ZAR,180,1932,49800.0,10.86,0.87,28.77,Universal Analysis Mode,Healthy,Machine is safe. Continue regular monitoring.
ZAR,180,1933,49800.0,8.82,0.67,28.75,Universal Analysis Mode,Healthy,Machine is safe. Continue regular monitoring.
ZAR,180,1934,49800.0,12.72,1.0,29.23,Universal Analysis Mode,Healthy,Machine is safe. Continue regular monitoring.
ZAR,180,1935,49800.0,12.04,0.97,28.88,Universal Analysis Mode,Healthy,Machine is safe. Continue regular monitoring.
ZAR,180,1936,49800.0,13.38,1.09,29.19,Universal Analysis Mode,Healthy,Machine is safe. Continue regular monitoring.
ZAR,180,1937,49800.0,13.98,1.18,28.95,Universal Analysis Mode,Healthy,Machine is safe. Continue regular monitoring.
ZAR,180,1938,49800.0,13.66,1.13,28.98,Universal Analysis Mode,Healthy,Machine is safe. Continue regular monitoring.
ZAR,180,1939,49800.0,12.5,1.02,28.91,Universal Analysis Mode,Healthy,Machine is safe. Continue regular monitoring.
ZAR,180,1940,49800.0,12.38,1.02,28.83,Universal Analysis Mode,Healthy,Machine is safe. Continue regular monitoring.
ZAR,180,1941,49800.0,13.18,1.14,28.86,Universal Analysis Mode,Healthy,Machine is safe. Continue regular monitoring.
ZAR,180,1942,49800.0,12.42,1.19,28.67,Universal Analysis Mode,Healthy,Machine is safe. Continue regular monitoring.
ZAR,180,1943,49800.0,11.81,1.2,28.42,Universal Analysis Mode,Healthy,Machine is safe. Continue regular monitoring.
ZAR,180,1944,49800.0,11.71,1.21,28.38,Universal Analysis Mode,Healthy,Machine is safe. Continue regular monitoring.
ZAR,180,1945,49800.0,9.93,1.05,28.03,Universal Analysis Mode,Healthy,Machine is safe. Continue regular monitoring.
ZAR,180,1946,49800.0,9.77,1.12,27.93,Universal Analysis Mode,Healthy,Machine is safe. Continue regular monitoring.
ZAR,180,1947,49800.0,14.48,1.9,28.88,Universal Analysis Mode,Healthy,Machine is safe. Continue regular monitoring.
ZAR,180,1948,49800.0,14.07,1.99,28.9,Universal Analysis Mode,Healthy,Machine is safe. Continue regular monitoring.
ZAR,180,1949,49800.0,12.71,1.78,28.45,Universal Analysis Mode,Healthy,Machine is safe. Continue regular monitoring.
ZAR,180,1950,49800.0,12.08,1.71,29.63,Universal Analysis Mode,Healthy,Machine is safe. Continue regular monitoring.
ZAR,180,1951,49800.0,11.2,1.71,29.46,Universal Analysis Mode,Healthy,Machine is safe. Continue regular monitoring.
ZAR,180,1952,49800.0,10.96,1.71,29.47,Universal Analysis Mode,Healthy,Machine is safe. Continue regular monitoring.
ZAR,180,1953,49800.0,12.27,1.93,30.0,Universal Analysis Mode,Warning,Maintenance inspection recommended soon.
ZAR,180,1954,49800.0,12.21,1.93,29.93,Universal Analysis Mode,Healthy,Machine is safe. Continue regular monitoring.
ZAR,180,1955,49800.0,12.27,1.93,29.61,Universal Analysis Mode,Healthy,Machine is safe. Continue regular monitoring.
ZAR,180,1956,49800.0,12.07,1.93,29.62,Universal Analysis Mode,Healthy,Machine is safe. Continue regular monitoring.
ZAR,180,1957,49800.0,11.48,1.9,29.38,Universal Analysis Mode,Healthy,Machine is safe. Continue regular monitoring.
ZAR,180,1958,49800.0,12.25,2.08,29.86,Universal Analysis Mode,Healthy,Machine is safe. Continue regular monitoring.
ZAR,180,1959,49800.0,12.14,2.08,29.91,Universal Analysis Mode,Healthy,Machine is safe. Continue regular monitoring.
ZAR,180,1960,0.0,10.91,1.9,26.34,Universal Analysis Mode,Healthy,Machine is safe. Continue regular monitoring.
ZAR,180,1961,0.0,10.24,1.8,26.31,Universal Analysis Mode,Healthy,Machine is safe. Continue regular monitoring.
ZAR,180,1962,0.0,10.12,1.8,27.23,Universal Analysis Mode,Healthy,Machine is safe. Continue regular monitoring.
ZAR,180,1963,0.0,9.99,1.8,27.1,Universal Analysis Mode,Healthy,Machine is safe. Continue regular monitoring.
ZAR,180,1964,0.0,9.86,1.8,26.22,Universal Analysis Mode,Healthy,Machine is safe. Continue regular monitoring.
ZAR,180,1965,0.0,9.71,1.8,26.86,Universal Analysis Mode,Healthy,Machine is safe. Continue regular monitoring.
ZAR,180,1966,0.0,9.41,1.8,26.26,Universal Analysis Mode,Healthy,Machine is safe. Continue regular monitoring.
ZAR,180,1967,0.0,9.16,1.8,26.19,Universal Analysis Mode,Healthy,Machine is safe. Continue regular monitoring.
ZAR,180,1968,0.0,8.8,1.8,26.01,Universal Analysis Mode,Healthy,Machine is safe. Continue regular monitoring.
ZAR,180,1969,0.0,8.35,1.8,26.18,Universal Analysis Mode,Healthy,Machine is safe. Continue regular monitoring.
ZAR,180,1970,5477490.0,7.88,1.8,45.55,Universal Analysis Mode,Warning,Maintenance inspection recommended soon.
ZAR,180,1971,6224420.0,9.41,2.24,46.15,Universal Analysis Mode,Warning,Maintenance inspection recommended soon.
ZAR,180,1972,6722374.0,10.09,2.48,46.34,Universal Analysis Mode,Warning,Maintenance inspection recommended soon.
ZAR,180,1973,7469305.0,12.59,3.29,46.87,Universal Analysis Mode,Warning,Maintenance inspection recommended soon.
ZAR,180,1974,7469305.0,39.93,11.58,49.53,Universal Analysis Mode,Warning,Maintenance inspection recommended soon.
ZAR,180,1975,26000.0,36.44,11.53,31.49,Universal Analysis Mode,Warning,Maintenance inspection recommended soon.
ZAR,180,1976,1251000.0,38.23,12.8,50.18,Universal Analysis Mode,Warning,Maintenance inspection recommended soon.
ZAR,180,1977,1126000.0,39.04,13.92,51.38,Universal Analysis Mode,Warning,Maintenance inspection recommended soon.
ZAR,180,1978,1145000.0,36.54,14.02,51.09,Universal Analysis Mode,Warning,Maintenance inspection recommended soon.
ZAR,180,1979,1050000.0,74.02,31.61,53.97,Universal Analysis Mode,Warning,Maintenance inspection recommended soon.
ZAR,180,1980,1023000.0,75.97,36.83,55.28,Universal Analysis Mode,Warning,Maintenance inspection recommended soon.
ZAR,180,1981,1048000.0,67.14,35.93,55.77,Universal Analysis Mode,Warning,Maintenance inspection recommended soon.
ZAR,180,1982,1145000.0,58.02,32.97,55.9,Universal Analysis Mode,Warning,Maintenance inspection recommended soon.
ZAR,180,1983,1271000.0,50.39,29.55,55.55,Universal Analysis Mode,Warning,Maintenance inspection recommended soon.
ZAR,180,1984,1375000.0,45.82,28.78,55.25,Universal Analysis Mode,Warning,Maintenance inspection recommended soon.
ZAR,180,1985,1672000.0,43.43,27.56,55.15,Universal Analysis Mode,Warning,Maintenance inspection recommended soon.
ZAR,180,1986,1621000.0,22.22,14.43,55.41,Universal Analysis Mode,Warning,Maintenance inspection recommended soon.
ZAR,180,1987,1561000.0,27.46,18.44,54.95,Universal Analysis Mode,Warning,Maintenance inspection recommended soon.
ZAR,180,1988,1460000.0,21.42,14.92,52.48,Universal Analysis Mode,Warning,Maintenance inspection recommended soon.
ZAR,180,1989,1358000.0,24.87,18.23,53.1,Universal Analysis Mode,Warning,Maintenance inspection recommended soon.
ZAR,180,1990,1410000.0,30.88,23.73,56.4,Universal Analysis Mode,Warning,Maintenance inspection recommended soon.
ZAR,180,1991,1372000.0,24.95,20.0,55.62,Universal Analysis Mode,Warning,Maintenance inspection recommended soon.
ZAR,180,1992,1375000.0,23.39,19.32,53.88,Universal Analysis Mode,Warning,Maintenance inspection recommended soon.
ZAR,180,1993,1100000.0,20.01,16.97,52.71,Universal Analysis Mode,Warning,Maintenance inspection recommended soon.
ZAR,180,1994,1200000.0,18.26,15.82,52.11,Universal Analysis Mode,Warning,Maintenance inspection recommended soon.
ZAR,180,1995,1146000.0,19.1,17.02,52.02,Universal Analysis Mode,Warning,Maintenance inspection recommended soon.
ZAR,180,1996,1148000.0,22.48,20.67,53.03,Universal Analysis Mode,Warning,Maintenance inspection recommended soon.
ZAR,180,1997,1151000.0,20.38,19.09,52.67,Universal Analysis Mode,Warning,Maintenance inspection recommended soon.
ZAR,180,1998,1155000.0,13.62,12.72,50.5,Universal Analysis Mode,Warning,Maintenance inspection recommended soon.
ZAR,180,1999,1068000.0,18.56,17.97,52.11,Universal Analysis Mode,Warning,Maintenance inspection recommended soon.
ZAR,180,2000,1303000.0,28.5,28.5,56.32,Universal Analysis Mode,Warning,Maintenance inspection recommended soon.
ZAR,180,2001,1195200.0,23.7,24.44,55.72,Universal Analysis Mode,Warning,Maintenance inspection recommended soon.
ZAR,180,2002,1128754.35,23.72,25.02,55.19,Universal Analysis Mode,Warning,Maintenance inspection recommended soon.
ZAR,180,2003,1095600.0,26.54,28.83,57.42,Universal Analysis Mode,Warning,Maintenance inspection recommended soon.
ZAR,180,2004,1050018.06,34.3,38.26,58.26,Universal Analysis Mode,Warning,Maintenance inspection recommended soon.
ZAR,180,2005,983447.91,47.26,54.52,59.99,Universal Analysis Mode,Warning,Maintenance inspection recommended soon.
ZAR,180,2006,996000.0,55.37,65.14,59.79,Universal Analysis Mode,Warning,Maintenance inspection recommended soon.
ZAR,180,2007,1103376.77,60.12,72.39,60.05,Universal Analysis Mode,Warning,Maintenance inspection recommended soon.
ZAR,180,2008,993890.97,77.79,97.26,61.08,Universal Analysis Mode,Warning,Maintenance inspection recommended soon.
ZAR,180,2009,814809.67,49.5,61.67,56.44,Universal Analysis Mode,Warning,Maintenance inspection recommended soon.
ZAR,180,2010,1045800.0,62.78,79.5,58.88,Universal Analysis Mode,Warning,Maintenance inspection recommended soon.
ZAR,180,2011,1004049.67,85.17,111.26,59.04,Universal Analysis Mode,Warning,Maintenance inspection recommended soon.
ZAR,180,2012,996000.0,83.75,111.67,55.47,Universal Analysis Mode,Warning,Maintenance inspection recommended soon.
ZAR,180,2013,996000.0,80.32,108.66,51.38,Universal Analysis Mode,Warning,Maintenance inspection recommended soon.
ZAR,180,2014,996000.0,71.97,98.95,52.06,Universal Analysis Mode,Warning,Maintenance inspection recommended soon.
COG,178,1932,49800.0,10.86,0.87,28.76,Universal Analysis Mode,Healthy,Machine is safe. Continue regular monitoring.
COG,178,1933,49800.0,8.82,0.67,28.75,Universal Analysis Mode,Healthy,Machine is safe. Continue regular monitoring.
COG,178,1934,49800.0,12.72,1.0,29.22,Universal Analysis Mode,Healthy,Machine is safe. Continue regular monitoring.
COG,178,1935,49800.0,12.04,0.97,28.87,Universal Analysis Mode,Healthy,Machine is safe. Continue regular monitoring.
COG,178,1936,49800.0,13.38,1.09,29.18,Universal Analysis Mode,Healthy,Machine is safe. Continue regular monitoring.
COG,178,1937,49800.0,13.98,1.18,28.94,Universal Analysis Mode,Healthy,Machine is safe. Continue regular monitoring.
COG,178,1938,49800.0,13.66,1.13,28.97,Universal Analysis Mode,Healthy,Machine is safe. Continue regular monitoring.
COG,178,1939,49800.0,12.5,1.02,28.9,Universal Analysis Mode,Healthy,Machine is safe. Continue regular monitoring.
COG,178,1940,49800.0,12.38,1.02,28.82,Universal Analysis Mode,Healthy,Machine is safe. Continue regular monitoring.
COG,178,1941,49800.0,13.18,1.14,28.85,Universal Analysis Mode,Healthy,Machine is safe. Continue regular monitoring.
COG,178,1942,49800.0,12.42,1.19,28.66,Universal Analysis Mode,Healthy,Machine is safe. Continue regular monitoring.
COG,178,1943,49800.0,11.81,1.2,28.41,Universal Analysis Mode,Healthy,Machine is safe. Continue regular monitoring.
COG,178,1944,49800.0,11.71,1.21,28.37,Universal Analysis Mode,Healthy,Machine is safe. Continue regular monitoring.
COG,178,1945,49800.0,9.93,1.05,28.03,Universal Analysis Mode,Healthy,Machine is safe. Continue regular monitoring.
COG,178,1946,49800.0,9.77,1.12,27.92,Universal Analysis Mode,Healthy,Machine is safe. Continue regular monitoring.
COG,178,1947,49800.0,14.48,1.9,28.87,Universal Analysis Mode,Healthy,Machine is safe. Continue regular monitoring.
COG,178,1948,49800.0,14.07,1.99,28.89,Universal Analysis Mode,Healthy,Machine is safe. Continue regular monitoring.
COG,178,1949,49800.0,12.71,1.78,28.45,Universal Analysis Mode,Healthy,Machine is safe. Continue regular monitoring.
COG,178,1950,49800.0,12.08,1.71,27.41,Universal Analysis Mode,Healthy,Machine is safe. Continue regular monitoring.
COG,178,1951,49800.0,11.2,1.71,27.22,Universal Analysis Mode,Healthy,Machine is safe. Continue regular monitoring.
COG,178,1952,49800.0,10.96,1.71,27.19,Universal Analysis Mode,Healthy,Machine is safe. Continue regular monitoring.
COG,178,1953,49800.0,12.27,1.93,27.7,Universal Analysis Mode,Healthy,Machine is safe. Continue regular monitoring.
COG,178,1954,49800.0,12.21,1.93,27.6,Universal Analysis Mode,Healthy,Machine is safe. Continue regular monitoring.
COG,178,1955,49800.0,12.27,1.93,27.25,Universal Analysis Mode,Healthy,Machine is safe. Continue regular monitoring.
COG,178,1956,49800.0,12.07,1.93,27.23,Universal Analysis Mode,Healthy,Machine is safe. Continue regular monitoring.
COG,178,1957,49800.0,11.48,1.9,26.96,Universal Analysis Mode,Healthy,Machine is safe. Continue regular monitoring.
COG,178,1958,49800.0,12.25,2.08,27.4,Universal Analysis Mode,Healthy,Machine is safe. Continue regular monitoring.
COG,178,1959,49800.0,12.14,2.08,28.54,Universal Analysis Mode,Healthy,Machine is safe. Continue regular monitoring.
COG,178,1960,49863.0,10.91,1.9,29.0,Universal Analysis Mode,Healthy,Machine is safe. Continue regular monitoring.
COG,178,1961,98907.0,10.24,1.8,31.29,Universal Analysis Mode,Warning,Maintenance inspection recommended soon.
COG,178,1962,126503.0,10.12,1.8,32.91,Universal Analysis Mode,Warning,Maintenance inspection recommended soon.
COG,178,1963,109217.0,9.99,1.8,32.11,Universal Analysis Mode,Warning,Maintenance inspection recommended soon.
COG,178,1964,82506.0,9.86,1.8,29.27,Universal Analysis Mode,Healthy,Machine is safe. Continue regular monitoring.
COG,178,1965,70987.0,9.71,1.8,29.54,Universal Analysis Mode,Healthy,Machine is safe. Continue regular monitoring.
COG,178,1966,61922.0,9.41,1.8,28.62,Universal Analysis Mode,Healthy,Machine is safe. Continue regular monitoring.
COG,178,1967,50011.0,9.16,1.8,28.18,Universal Analysis Mode,Healthy,Machine is safe. Continue regular monitoring.
COG,178,1968,42553.0,8.8,1.8,27.2,Universal Analysis Mode,Healthy,Machine is safe. Continue regular monitoring.
COG,178,1969,23224.0,8.35,1.8,28.93,Universal Analysis Mode,Healthy,Machine is safe. Continue regular monitoring.
COG,178,1970,19000.0,7.88,1.8,32.02,Universal Analysis Mode,Warning,Maintenance inspection recommended soon.
COG,178,1971,14000.0,9.41,2.24,33.0,Universal Analysis Mode,Warning,Maintenance inspection recommended soon.
COG,178,1972,336000.0,10.09,2.48,39.64,Universal Analysis Mode,Warning,Maintenance inspection recommended soon.
COG,178,1973,2091000.0,12.59,3.29,46.24,Universal Analysis Mode,Warning,Maintenance inspection recommended soon.
COG,178,1974,2455000.0,39.93,11.58,49.02,Universal Analysis Mode,Warning,Maintenance inspection recommended soon.
COG,178,1975,1789000.0,36.44,11.53,48.91,Universal Analysis Mode,Warning,Maintenance inspection recommended soon.
COG,178,1976,2010000.0,38.23,12.8,50.65,Universal Analysis Mode,Warning,Maintenance inspection recommended soon.
COG,178,1977,1801000.0,39.04,13.92,51.6,Universal Analysis Mode,Warning,Maintenance inspection recommended soon.
COG,178,1978,2570000.0,36.54,14.02,51.43,Universal Analysis Mode,Warning,Maintenance inspection recommended soon.
COG,178,1979,2784000.0,74.02,31.61,54.31,Universal Analysis Mode,Warning,Maintenance inspection recommended soon.
COG,178,1980,3295000.0,75.97,36.83,55.75,Universal Analysis Mode,Warning,Maintenance inspection recommended soon.
COG,178,1981,4283000.0,67.14,35.93,56.37,Universal Analysis Mode,Warning,Maintenance inspection recommended soon.
COG,178,1982,4481000.0,58.02,32.97,56.45,Universal Analysis Mode,Warning,Maintenance inspection recommended soon.
COG,178,1983,5365000.0,50.39,29.55,56.08,Universal Analysis Mode,Warning,Maintenance inspection recommended soon.
COG,178,1984,6007000.0,45.82,28.78,55.75,Universal Analysis Mode,Warning,Maintenance inspection recommended soon.
COG,178,1985,5825000.0,43.43,27.56,55.42,Universal Analysis Mode,Warning,Maintenance inspection recommended soon.
COG,178,1986,5950000.0,22.22,14.43,56.23,Universal Analysis Mode,Warning,Maintenance inspection recommended soon.
COG,178,1987,6315000.0,27.46,18.44,55.46,Universal Analysis Mode,Warning,Maintenance inspection recommended soon.
COG,178,1988,7040000.0,21.42,14.92,53.8,Universal Analysis Mode,Warning,Maintenance inspection recommended soon.
COG,178,1989,7960000.0,24.87,18.23,54.46,Universal Analysis Mode,Warning,Maintenance inspection recommended soon.
COG,178,1990,8030000.0,30.88,23.73,57.32,Universal Analysis Mode,Warning,Maintenance inspection recommended soon.
COG,178,1991,8055000.0,24.95,20.0,57.09,Universal Analysis Mode,Warning,Maintenance inspection recommended soon.
COG,178,1992,8640000.0,23.39,19.32,55.56,Universal Analysis Mode,Warning,Maintenance inspection recommended soon.
COG,178,1993,9540000.0,20.01,16.97,55.11,Universal Analysis Mode,Warning,Maintenance inspection recommended soon.
COG,178,1994,9560000.0,18.26,15.82,54.48,Universal Analysis Mode,Warning,Maintenance inspection recommended soon.
COG,178,1995,9265000.0,19.1,17.02,51.84,Universal Analysis Mode,Warning,Maintenance inspection recommended soon.
COG,178,1996,10400000.0,22.48,20.67,52.8,Universal Analysis Mode,Warning,Maintenance inspection recommended soon.
COG,178,1997,11600000.0,20.38,19.09,52.66,Universal Analysis Mode,Warning,Maintenance inspection recommended soon.
COG,178,1998,13600000.0,13.62,12.72,51.48,Universal Analysis Mode,Warning,Maintenance inspection recommended soon.
COG,178,1999,15100000.0,18.56,17.97,52.5,Universal Analysis Mode,Warning,Maintenance inspection recommended soon.
COG,178,2000,14200000.0,28.5,28.5,55.9,Universal Analysis Mode,Warning,Maintenance inspection recommended soon.
COG,178,2001,12700000.0,23.7,24.44,59.03,Universal Analysis Mode,Warning,Maintenance inspection recommended soon.
COG,178,2002,12400000.0,23.72,25.02,58.56,Universal Analysis Mode,Warning,Maintenance inspection recommended soon.
COG,178,2003,12300000.0,26.54,28.83,60.86,Universal Analysis Mode,Warning,Maintenance inspection recommended soon.
COG,178,2004,11700000.0,34.3,38.26,61.46,Universal Analysis Mode,Warning,Maintenance inspection recommended soon.
COG,178,2005,11400000.0,47.26,54.52,63.24,Universal Analysis Mode,Warning,Maintenance inspection recommended soon.
COG,178,2006,12000000.0,55.37,65.14,62.67,Universal Analysis Mode,Warning,Maintenance inspection recommended soon.
COG,178,2007,10317102.85,60.12,72.39,62.56,Universal Analysis Mode,Warning,Maintenance inspection recommended soon.
COG,178,2008,11616870.4,77.79,97.26,63.48,Universal Analysis Mode,Warning,Maintenance inspection recommended soon.
COG,178,2009,13339441.45,49.5,61.67,60.04,Universal Analysis Mode,Warning,Maintenance inspection recommended soon.
COG,178,2010,15189000.0,62.78,79.5,61.29,Universal Analysis Mode,Warning,Maintenance inspection recommended soon.
COG,178,2011,14442000.0,85.17,111.26,60.87,Universal Analysis Mode,Warning,Maintenance inspection recommended soon.
COG,178,2012,13944000.0,83.75,111.67,59.11,Universal Analysis Mode,Warning,Maintenance inspection recommended soon.
COG,178,2013,13197000.0,80.32,108.66,54.94,Universal Analysis Mode,Warning,Maintenance inspection recommended soon.
COG,178,2014,12450000.0,71.97,98.95,52.82,Universal Analysis Mode,Warning,Maintenance inspection recommended soon.
CRI,188,1932,49800.0,10.86,0.87,28.64,Universal Analysis Mode,Healthy,Machine is safe. Continue regular monitoring.
CRI,188,1933,49800.0,8.82,0.67,28.62,Universal Analysis Mode,Healthy,Machine is safe. Continue regular monitoring.
CRI,188,1934,49800.0,12.72,1.0,29.1,Universal Analysis Mode,Healthy,Machine is safe. Continue regular monitoring.
CRI,188,1935,49800.0,12.04,0.97,28.76,Universal Analysis Mode,Healthy,Machine is safe. Continue regular monitoring.
CRI,188,1936,49800.0,13.38,1.09,29.06,Universal Analysis Mode,Healthy,Machine is safe. Continue regular monitoring.
CRI,188,1937,49800.0,13.98,1.18,28.84,Universal Analysis Mode,Healthy,Machine is safe. Continue regular monitoring.
CRI,188,1938,49800.0,13.66,1.13,28.87,Universal Analysis Mode,Healthy,Machine is safe. Continue regular monitoring.
CRI,188,1939,49800.0,12.5,1.02,28.81,Universal Analysis Mode,Healthy,Machine is safe. Continue regular monitoring.
CRI,188,1940,49800.0,12.38,1.02,28.74,Universal Analysis Mode,Healthy,Machine is safe. Continue regular monitoring.
CRI,188,1941,49800.0,13.18,1.14,28.77,Universal Analysis Mode,Healthy,Machine is safe. Continue regular monitoring.
CRI,188,1942,49800.0,12.42,1.19,28.58,Universal Analysis Mode,Healthy,Machine is safe. Continue regular monitoring.
CRI,188,1943,49800.0,11.81,1.2,28.34,Universal Analysis Mode,Healthy,Machine is safe. Continue regular monitoring.
CRI,188,1944,49800.0,11.71,1.21,28.3,Universal Analysis Mode,Healthy,Machine is safe. Continue regular monitoring.
CRI,188,1945,49800.0,9.93,1.05,27.96,Universal Analysis Mode,Healthy,Machine is safe. Continue regular monitoring.
CRI,188,1946,49800.0,9.77,1.12,27.85,Universal Analysis Mode,Healthy,Machine is safe. Continue regular monitoring.
CRI,188,1947,49800.0,14.48,1.9,28.81,Universal Analysis Mode,Healthy,Machine is safe. Continue regular monitoring.
CRI,188,1948,49800.0,14.07,1.99,28.84,Universal Analysis Mode,Healthy,Machine is safe. Continue regular monitoring.
CRI,188,1949,49800.0,12.71,1.78,28.4,Universal Analysis Mode,Healthy,Machine is safe. Continue regular monitoring.
CRI,188,1950,49800.0,12.08,1.71,28.24,Universal Analysis Mode,Healthy,Machine is safe. Continue regular monitoring.
CRI,188,1951,49800.0,11.2,1.71,28.05,Universal Analysis Mode,Healthy,Machine is safe. Continue regular monitoring.
CRI,188,1952,49800.0,10.96,1.71,28.03,Universal Analysis Mode,Healthy,Machine is safe. Continue regular monitoring.
CRI,188,1953,49800.0,12.27,1.93,28.53,Universal Analysis Mode,Healthy,Machine is safe. Continue regular monitoring.
CRI,188,1954,49800.0,12.21,1.93,28.43,Universal Analysis Mode,Healthy,Machine is safe. Continue regular monitoring.
CRI,188,1955,49800.0,12.27,1.93,28.09,Universal Analysis Mode,Healthy,Machine is safe. Continue regular monitoring.
CRI,188,1956,49800.0,12.07,1.93,28.07,Universal Analysis Mode,Healthy,Machine is safe. Continue regular monitoring.
CRI,188,1957,49800.0,11.48,1.9,27.8,Universal Analysis Mode,Healthy,Machine is safe. Continue regular monitoring.
CRI,188,1958,49800.0,12.25,2.08,28.25,Universal Analysis Mode,Healthy,Machine is safe. Continue regular monitoring.
CRI,188,1959,49800.0,12.14,2.08,28.28,Universal Analysis Mode,Healthy,Machine is safe. Continue regular monitoring.
CRI,188,1960,0.0,10.91,1.9,23.87,Universal Analysis Mode,Healthy,Machine is safe. Continue regular monitoring.
CRI,188,1961,0.0,10.24,1.8,23.81,Universal Analysis Mode,Healthy,Machine is safe. Continue regular monitoring.
CRI,188,1962,0.0,10.12,1.8,24.68,Universal Analysis Mode,Healthy,Machine is safe. Continue regular monitoring.
CRI,188,1963,0.0,9.99,1.8,24.51,Universal Analysis Mode,Healthy,Machine is safe. Continue regular monitoring.
CRI,188,1964,0.0,9.86,1.8,23.6,Universal Analysis Mode,Healthy,Machine is safe. Continue regular monitoring.
CRI,188,1965,0.0,9.71,1.8,24.21,Universal Analysis Mode,Healthy,Machine is safe. Continue regular monitoring.
CRI,188,1966,0.0,9.41,1.8,23.56,Universal Analysis Mode,Healthy,Machine is safe. Continue regular monitoring.
CRI,188,1967,0.0,9.16,1.8,23.45,Universal Analysis Mode,Healthy,Machine is safe. Continue regular monitoring.
CRI,188,1968,0.0,8.8,1.8,23.21,Universal Analysis Mode,Healthy,Machine is safe. Continue regular monitoring.
CRI,188,1969,0.0,8.35,1.8,23.33,Universal Analysis Mode,Healthy,Machine is safe. Continue regular monitoring.
CRI,188,1970,0.0,7.88,1.8,23.08,Universal Analysis Mode,Healthy,Machine is safe. Continue regular monitoring.
CRI,188,1971,0.0,9.41,2.24,23.41,Universal Analysis Mode,Healthy,Machine is safe. Continue regular monitoring.
CRI,188,1972,0.0,10.09,2.48,23.43,Universal Analysis Mode,Healthy,Machine is safe. Continue regular monitoring.
CRI,188,1973,0.0,12.59,3.29,23.66,Universal Analysis Mode,Healthy,Machine is safe. Continue regular monitoring.
CRI,188,1974,0.0,39.93,11.58,25.54,Universal Analysis Mode,Healthy,Machine is safe. Continue regular monitoring.
CRI,188,1975,0.0,36.44,11.53,25.8,Universal Analysis Mode,Healthy,Machine is safe. Continue regular monitoring.
CRI,188,1976,0.0,38.23,12.8,27.39,Universal Analysis Mode,Healthy,Machine is safe. Continue regular monitoring.
CRI,188,1977,0.0,39.04,13.92,28.6,Universal Analysis Mode,Healthy,Machine is safe. Continue regular monitoring.
CRI,188,1978,0.0,36.54,14.02,28.26,Universal Analysis Mode,Healthy,Machine is safe. Continue regular monitoring.
CRI,188,1979,0.0,74.02,31.61,30.64,Universal Analysis Mode,Warning,Maintenance inspection recommended soon.
CRI,188,1980,0.0,75.97,36.83,31.87,Universal Analysis Mode,Warning,Maintenance inspection recommended soon.
CRI,188,1981,0.0,67.14,35.93,32.36,Universal Analysis Mode,Warning,Maintenance inspection recommended soon.
CRI,188,1982,0.0,58.02,32.97,32.45,Universal Analysis Mode,Warning,Maintenance inspection recommended soon.
CRI,188,1983,0.0,50.39,29.55,32.05,Universal Analysis Mode,Warning,Maintenance inspection recommended soon.
CRI,188,1984,0.0,45.82,28.78,31.68,Universal Analysis Mode,Warning,Maintenance inspection recommended soon.
CRI,188,1985,0.0,43.43,27.56,31.41,Universal Analysis Mode,Warning,Maintenance inspection recommended soon.
CRI,188,1986,0.0,22.22,14.43,26.3,Universal Analysis Mode,Healthy,Machine is safe. Continue regular monitoring.
CRI,188,1987,0.0,27.46,18.44,25.34,Universal Analysis Mode,Healthy,Machine is safe. Continue regular monitoring.
CRI,188,1988,0.0,21.42,14.92,23.78,Universal Analysis Mode,Healthy,Machine is safe. Continue regular monitoring.
CRI,188,1989,0.0,24.87,18.23,24.23,Universal Analysis Mode,Healthy,Machine is safe. Continue regular monitoring.
CRI,188,1990,0.0,30.88,23.73,25.54,Universal Analysis Mode,Healthy,Machine is safe. Continue regular monitoring.
CRI,188,1991,0.0,24.95,20.0,25.46,Universal Analysis Mode,Healthy,Machine is safe. Continue regular monitoring.
CRI,188,1992,0.0,23.39,19.32,23.88,Universal Analysis Mode,Healthy,Machine is safe. Continue regular monitoring.
CRI,188,1993,0.0,20.01,16.97,23.49,Universal Analysis Mode,Healthy,Machine is safe. Continue regular monitoring.
CRI,188,1994,0.0,18.26,15.82,22.92,Universal Analysis Mode,Healthy,Machine is safe. Continue regular monitoring.
CRI,188,1995,0.0,19.1,17.02,22.86,Universal Analysis Mode,Healthy,Machine is safe. Continue regular monitoring.
CRI,188,1996,0.0,22.48,20.67,23.61,Universal Analysis Mode,Healthy,Machine is safe. Continue regular monitoring.
CRI,188,1997,0.0,20.38,19.09,23.43,Universal Analysis Mode,Healthy,Machine is safe. Continue regular monitoring.
CRI,188,1998,0.0,13.62,12.72,22.58,Universal Analysis Mode,Healthy,Machine is safe. Continue regular monitoring.
CRI,188,1999,0.0,18.56,17.97,26.59,Universal Analysis Mode,Healthy,Machine is safe. Continue regular monitoring.
CRI,188,2000,0.0,28.5,28.5,26.49,Universal Analysis Mode,Healthy,Machine is safe. Continue regular monitoring.
CRI,188,2001,0.0,23.7,24.44,26.34,Universal Analysis Mode,Healthy,Machine is safe. Continue regular monitoring.
CRI,188,2002,0.0,23.72,25.02,25.88,Universal Analysis Mode,Healthy,Machine is safe. Continue regular monitoring.
CRI,188,2003,0.0,26.54,28.83,27.96,Universal Analysis Mode,Healthy,Machine is safe. Continue regular monitoring.
CRI,188,2004,0.0,34.3,38.26,28.44,Universal Analysis Mode,Healthy,Machine is safe. Continue regular monitoring.
CRI,188,2005,0.0,47.26,54.52,29.67,Universal Analysis Mode,Healthy,Machine is safe. Continue regular monitoring.
CRI,188,2006,0.0,55.37,65.14,29.03,Universal Analysis Mode,Healthy,Machine is safe. Continue regular monitoring.
CRI,188,2007,0.0,60.12,72.39,28.96,Universal Analysis Mode,Healthy,Machine is safe. Continue regular monitoring.
CRI,188,2008,0.0,77.79,97.26,29.58,Universal Analysis Mode,Healthy,Machine is safe. Continue regular monitoring.
CRI,188,2009,0.0,49.5,61.67,26.66,Universal Analysis Mode,Healthy,Machine is safe. Continue regular monitoring.
CRI,188,2010,0.0,62.78,79.5,27.6,Universal Analysis Mode,Healthy,Machine is safe. Continue regular monitoring.
CRI,188,2011,0.0,85.17,111.26,27.16,Universal Analysis Mode,Healthy,Machine is safe. Continue regular monitoring.
CRI,188,2012,0.0,83.75,111.67,25.93,Universal Analysis Mode,Healthy,Machine is safe. Continue regular monitoring.
CRI,188,2013,0.0,80.32,108.66,29.65,Universal Analysis Mode,Healthy,Machine is safe. Continue regular monitoring.
CRI,188,2014,0.0,71.97,98.95,30.69,Universal Analysis Mode,Warning,Maintenance inspection recommended soon.
CIV,384,1932,49800.0,10.86,0.87,29.01,Universal Analysis Mode,Healthy,Machine is safe. Continue regular monitoring.
CIV,384,1933,49800.0,8.82,0.67,28.99,Universal Analysis Mode,Healthy,Machine is safe. Continue regular monitoring.
CIV,384,1934,49800.0,12.72,1.0,29.47,Universal Analysis Mode,Healthy,Machine is safe. Continue regular monitoring.
CIV,384,1935,49800.0,12.04,0.97,29.12,Universal Analysis Mode,Healthy,Machine is safe. Continue regular monitoring.
CIV,384,1936,49800.0,13.38,1.09,29.43,Universal Analysis Mode,Healthy,Machine is safe. Continue regular monitoring.
CIV,384,1937,49800.0,13.98,1.18,29.19,Universal Analysis Mode,Healthy,Machine is safe. Continue regular monitoring.
CIV,384,1938,49800.0,13.66,1.13,29.22,Universal Analysis Mode,Healthy,Machine is safe. Continue regular monitoring.
CIV,384,1939,49800.0,12.5,1.02,29.15,Universal Analysis Mode,Healthy,Machine is safe. Continue regular monitoring.
CIV,384,1940,49800.0,12.38,1.02,29.07,Universal Analysis Mode,Healthy,Machine is safe. Continue regular monitoring.
CIV,384,1941,49800.0,13.18,1.14,29.1,Universal Analysis Mode,Healthy,Machine is safe. Continue regular monitoring.
CIV,384,1942,49800.0,12.42,1.19,28.91,Universal Analysis Mode,Healthy,Machine is safe. Continue regular monitoring.
CIV,384,1943,49800.0,11.81,1.2,28.66,Universal Analysis Mode,Healthy,Machine is safe. Continue regular monitoring.
CIV,384,1944,49800.0,11.71,1.21,28.62,Universal Analysis Mode,Healthy,Machine is safe. Continue regular monitoring.
CIV,384,1945,49800.0,9.93,1.05,28.28,Universal Analysis Mode,Healthy,Machine is safe. Continue regular monitoring.
CIV,384,1946,49800.0,9.77,1.12,28.17,Universal Analysis Mode,Healthy,Machine is safe. Continue regular monitoring.
CIV,384,1947,49800.0,14.48,1.9,29.12,Universal Analysis Mode,Healthy,Machine is safe. Continue regular monitoring.
CIV,384,1948,49800.0,14.07,1.99,29.14,Universal Analysis Mode,Healthy,Machine is safe. Continue regular monitoring.
CIV,384,1949,49800.0,12.71,1.78,28.69,Universal Analysis Mode,Healthy,Machine is safe. Continue regular monitoring.
CIV,384,1950,49800.0,12.08,1.71,27.92,Universal Analysis Mode,Healthy,Machine is safe. Continue regular monitoring.
CIV,384,1951,49800.0,11.2,1.71,27.74,Universal Analysis Mode,Healthy,Machine is safe. Continue regular monitoring.
CIV,384,1952,49800.0,10.96,1.71,27.73,Universal Analysis Mode,Healthy,Machine is safe. Continue regular monitoring.
CIV,384,1953,49800.0,12.27,1.93,28.24,Universal Analysis Mode,Healthy,Machine is safe. Continue regular monitoring.
CIV,384,1954,49800.0,12.21,1.93,28.14,Universal Analysis Mode,Healthy,Machine is safe. Continue regular monitoring.
CIV,384,1955,49800.0,12.27,1.93,27.8,Universal Analysis Mode,Healthy,Machine is safe. Continue regular monitoring.
CIV,384,1956,49800.0,12.07,1.93,27.78,Universal Analysis Mode,Healthy,Machine is safe. Continue regular monitoring.
CIV,384,1957,49800.0,11.48,1.9,27.52,Universal Analysis Mode,Healthy,Machine is safe. Continue regular monitoring.
CIV,384,1958,49800.0,12.25,2.08,27.96,Universal Analysis Mode,Healthy,Machine is safe. Continue regular monitoring.
CIV,384,1959,49800.0,12.14,2.08,27.99,Universal Analysis Mode,Healthy,Machine is safe. Continue regular monitoring.
CIV,384,1960,0.0,10.91,1.9,24.4,Universal Analysis Mode,Healthy,Machine is safe. Continue regular monitoring.
CIV,384,1961,0.0,10.24,1.8,24.35,Universal Analysis Mode,Healthy,Machine is safe. Continue regular monitoring.
CIV,384,1962,0.0,10.12,1.8,25.22,Universal Analysis Mode,Healthy,Machine is safe. Continue regular monitoring.
CIV,384,1963,0.0,9.99,1.8,25.06,Universal Analysis Mode,Healthy,Machine is safe. Continue regular monitoring.
CIV,384,1964,0.0,9.86,1.8,24.15,Universal Analysis Mode,Healthy,Machine is safe. Continue regular monitoring.
CIV,384,1965,0.0,9.71,1.8,24.77,Universal Analysis Mode,Healthy,Machine is safe. Continue regular monitoring.
CIV,384,1966,0.0,9.41,1.8,24.15,Universal Analysis Mode,Healthy,Machine is safe. Continue regular monitoring.
CIV,384,1967,0.0,9.16,1.8,24.04,Universal Analysis Mode,Healthy,Machine is safe. Continue regular monitoring.
CIV,384,1968,0.0,8.8,1.8,23.81,Universal Analysis Mode,Healthy,Machine is safe. Continue regular monitoring.
CIV,384,1969,0.0,8.35,1.8,23.94,Universal Analysis Mode,Healthy,Machine is safe. Continue regular monitoring.
CIV,384,1970,0.0,7.88,1.8,23.69,Universal Analysis Mode,Healthy,Machine is safe. Continue regular monitoring.
CIV,384,1971,0.0,9.41,2.24,24.03,Universal Analysis Mode,Healthy,Machine is safe. Continue regular monitoring.
CIV,384,1972,0.0,10.09,2.48,24.04,Universal Analysis Mode,Healthy,Machine is safe. Continue regular monitoring.
CIV,384,1973,0.0,12.59,3.29,24.68,Universal Analysis Mode,Healthy,Machine is safe. Continue regular monitoring.
CIV,384,1974,0.0,39.93,11.58,26.88,Universal Analysis Mode,Healthy,Machine is safe. Continue regular monitoring.
CIV,384,1975,0.0,36.44,11.53,27.18,Universal Analysis Mode,Healthy,Machine is safe. Continue regular monitoring.
CIV,384,1976,0.0,38.23,12.8,28.81,Universal Analysis Mode,Healthy,Machine is safe. Continue regular monitoring.
CIV,384,1977,0.0,39.04,13.92,30.06,Universal Analysis Mode,Warning,Maintenance inspection recommended soon.
CIV,384,1978,10000.0,36.54,14.02,31.97,Universal Analysis Mode,Warning,Maintenance inspection recommended soon.
CIV,384,1979,150000.0,74.02,31.61,49.2,Universal Analysis Mode,Warning,Maintenance inspection recommended soon.
CIV,384,1980,120000.0,75.97,36.83,49.59,Universal Analysis Mode,Warning,Maintenance inspection recommended soon.
CIV,384,1981,359000.0,67.14,35.93,53.22,Universal Analysis Mode,Warning,Maintenance inspection recommended soon.
CIV,384,1982,777000.0,58.02,32.97,53.99,Universal Analysis Mode,Warning,Maintenance inspection recommended soon.
CIV,384,1983,1158000.0,50.39,29.55,53.83,Universal Analysis Mode,Warning,Maintenance inspection recommended soon.
CIV,384,1984,1098000.0,45.82,28.78,53.43,Universal Analysis Mode,Warning,Maintenance inspection recommended soon.
CIV,384,1985,1010000.0,43.43,27.56,53.11,Universal Analysis Mode,Warning,Maintenance inspection recommended soon.
CIV,384,1986,1097000.0,22.22,14.43,48.42,Universal Analysis Mode,Warning,Maintenance inspection recommended soon.
CIV,384,1987,995000.0,27.46,18.44,47.51,Universal Analysis Mode,Warning,Maintenance inspection recommended soon.
CIV,384,1988,645000.0,21.42,14.92,44.09,Universal Analysis Mode,Warning,Maintenance inspection recommended soon.
CIV,384,1989,190000.0,24.87,18.23,38.66,Universal Analysis Mode,Warning,Maintenance inspection recommended soon.
CIV,384,1990,315000.0,30.88,23.73,43.92,Universal Analysis Mode,Warning,Maintenance inspection recommended soon.
CIV,384,1991,320000.0,24.95,20.0,43.24,Universal Analysis Mode,Warning,Maintenance inspection recommended soon.
CIV,384,1992,325000.0,23.39,19.32,41.47,Universal Analysis Mode,Warning,Maintenance inspection recommended soon.
CIV,384,1993,20000.0,20.01,16.97,28.24,Universal Analysis Mode,Healthy,Machine is safe. Continue regular monitoring.
CIV,384,1994,49800.0,18.26,15.82,26.74,Universal Analysis Mode,Healthy,Machine is safe. Continue regular monitoring.
CIV,384,1995,272800.0,19.1,17.02,38.31,Universal Analysis Mode,Warning,Maintenance inspection recommended soon.
CIV,384,1996,795621.2,22.48,20.67,44.84,Universal Analysis Mode,Warning,Maintenance inspection recommended soon.
CIV,384,1997,871575.6,20.38,19.09,44.56,Universal Analysis Mode,Warning,Maintenance inspection recommended soon.
CIV,384,1998,995720.0,13.62,12.72,43.03,Universal Analysis Mode,Warning,Maintenance inspection recommended soon.
CIV,384,1999,1364000.0,18.56,17.97,44.87,Universal Analysis Mode,Warning,Maintenance inspection recommended soon.
CIV,384,2000,351639.2,28.5,28.5,45.65,Universal Analysis Mode,Warning,Maintenance inspection recommended soon.
CIV,384,2001,286303.6,23.7,24.44,50.84,Universal Analysis Mode,Warning,Maintenance inspection recommended soon.
CIV,384,2002,749518.0,23.72,25.02,51.6,Universal Analysis Mode,Warning,Maintenance inspection recommended soon.
CIV,384,2003,923018.8,26.54,28.83,54.26,Universal Analysis Mode,Warning,Maintenance inspection recommended soon.
CIV,384,2004,1108250.0,34.3,38.26,54.83,Universal Analysis Mode,Warning,Maintenance inspection recommended soon.
CIV,384,2005,1987893.6,47.26,54.52,56.82,Universal Analysis Mode,Warning,Maintenance inspection recommended soon.
CIV,384,2006,2994662.0,55.37,65.14,56.5,Universal Analysis Mode,Warning,Maintenance inspection recommended soon.
CIV,384,2007,2589600.0,60.12,72.39,56.42,Universal Analysis Mode,Warning,Maintenance inspection recommended soon.
CIV,384,2008,2946418.49,77.79,97.26,57.41,Universal Analysis Mode,Warning,Maintenance inspection recommended soon.
CIV,384,2009,2879299.55,49.5,61.67,53.95,Universal Analysis Mode,Warning,Maintenance inspection recommended soon.
CIV,384,2010,2182877.42,62.78,79.5,53.51,Universal Analysis Mode,Warning,Maintenance inspection recommended soon.
CIV,384,2011,1971534.19,85.17,111.26,53.13,Universal Analysis Mode,Warning,Maintenance inspection recommended soon.
CIV,384,2012,1888181.94,83.75,111.67,51.88,Universal Analysis Mode,Warning,Maintenance inspection recommended soon.
CIV,384,2013,1842600.0,80.32,108.66,54.85,Universal Analysis Mode,Warning,Maintenance inspection recommended soon.
CIV,384,2014,1792800.0,71.97,98.95,55.9,Universal Analysis Mode,Warning,Maintenance inspection recommended soon.
HRV,191,1932,49800.0,10.86,0.87,28.78,Universal Analysis Mode,Healthy,Machine is safe. Continue regular monitoring.
HRV,191,1933,49800.0,8.82,0.67,28.76,Universal Analysis Mode,Healthy,Machine is safe. Continue regular monitoring.
HRV,191,1934,49800.0,12.72,1.0,29.24,Universal Analysis Mode,Healthy,Machine is safe. Continue regular monitoring.
HRV,191,1935,49800.0,12.04,0.97,28.89,Universal Analysis Mode,Healthy,Machine is safe. Continue regular monitoring.
HRV,191,1936,49800.0,13.38,1.09,29.2,Universal Analysis Mode,Healthy,Machine is safe. Continue regular monitoring.
HRV,191,1937,49800.0,13.98,1.18,28.96,Universal Analysis Mode,Healthy,Machine is safe. Continue regular monitoring.
HRV,191,1938,49800.0,13.66,1.13,28.99,Universal Analysis Mode,Healthy,Machine is safe. Continue regular monitoring.
HRV,191,1939,49800.0,12.5,1.02,28.92,Universal Analysis Mode,Healthy,Machine is safe. Continue regular monitoring.
HRV,191,1940,49800.0,12.38,1.02,28.84,Universal Analysis Mode,Healthy,Machine is safe. Continue regular monitoring.
HRV,191,1941,49800.0,13.18,1.14,28.87,Universal Analysis Mode,Healthy,Machine is safe. Continue regular monitoring.
HRV,191,1942,49800.0,12.42,1.19,28.68,Universal Analysis Mode,Healthy,Machine is safe. Continue regular monitoring.
HRV,191,1943,49800.0,11.81,1.2,28.43,Universal Analysis Mode,Healthy,Machine is safe. Continue regular monitoring.
HRV,191,1944,49800.0,11.71,1.21,28.39,Universal Analysis Mode,Healthy,Machine is safe. Continue regular monitoring.
HRV,191,1945,49800.0,9.93,1.05,28.05,Universal Analysis Mode,Healthy,Machine is safe. Continue regular monitoring.
HRV,191,1946,49800.0,9.77,1.12,27.94,Universal Analysis Mode,Healthy,Machine is safe. Continue regular monitoring.
HRV,191,1947,49800.0,14.48,1.9,28.89,Universal Analysis Mode,Healthy,Machine is safe. Continue regular monitoring.
HRV,191,1948,49800.0,14.07,1.99,28.91,Universal Analysis Mode,Healthy,Machine is safe. Continue regular monitoring.
HRV,191,1949,49800.0,12.71,1.78,28.46,Universal Analysis Mode,Healthy,Machine is safe. Continue regular monitoring.
HRV,191,1950,49800.0,12.08,1.71,27.81,Universal Analysis Mode,Healthy,Machine is safe. Continue regular monitoring.
HRV,191,1951,49800.0,11.2,1.71,27.62,Universal Analysis Mode,Healthy,Machine is safe. Continue regular monitoring.
HRV,191,1952,49800.0,10.96,1.71,27.59,Universal Analysis Mode,Healthy,Machine is safe. Continue regular monitoring.
HRV,191,1953,49800.0,12.27,1.93,28.1,Universal Analysis Mode,Healthy,Machine is safe. Continue regular monitoring.
HRV,191,1954,49800.0,12.21,1.93,28.0,Universal Analysis Mode,Healthy,Machine is safe. Continue regular monitoring.
HRV,191,1955,49800.0,12.27,1.93,27.65,Universal Analysis Mode,Healthy,Machine is safe. Continue regular monitoring.
HRV,191,1956,49800.0,12.07,1.93,27.63,Universal Analysis Mode,Healthy,Machine is safe. Continue regular monitoring.
HRV,191,1957,49800.0,11.48,1.9,27.35,Universal Analysis Mode,Healthy,Machine is safe. Continue regular monitoring.
HRV,191,1958,49800.0,12.25,2.08,27.79,Universal Analysis Mode,Healthy,Machine is safe. Continue regular monitoring.
HRV,191,1959,49800.0,12.14,2.08,27.82,Universal Analysis Mode,Healthy,Machine is safe. Continue regular monitoring.
HRV,191,1960,49800.0,10.91,1.9,27.75,Universal Analysis Mode,Healthy,Machine is safe. Continue regular monitoring.
HRV,191,1961,49800.0,10.24,1.8,27.69,Universal Analysis Mode,Healthy,Machine is safe. Continue regular monitoring.
HRV,191,1962,49800.0,10.12,1.8,28.55,Universal Analysis Mode,Healthy,Machine is safe. Continue regular monitoring.
HRV,191,1963,49800.0,9.99,1.8,28.37,Universal Analysis Mode,Healthy,Machine is safe. Continue regular monitoring.
HRV,191,1964,49800.0,9.86,1.8,27.45,Universal Analysis Mode,Healthy,Machine is safe. Continue regular monitoring.
HRV,191,1965,49800.0,9.71,1.8,28.06,Universal Analysis Mode,Healthy,Machine is safe. Continue regular monitoring.
HRV,191,1966,49800.0,9.41,1.8,27.41,Universal Analysis Mode,Healthy,Machine is safe. Continue regular monitoring.
HRV,191,1967,49800.0,9.16,1.8,27.29,Universal Analysis Mode,Healthy,Machine is safe. Continue regular monitoring.
HRV,191,1968,49800.0,8.8,1.8,27.04,Universal Analysis Mode,Healthy,Machine is safe. Continue regular monitoring.
HRV,191,1969,49800.0,8.35,1.8,27.16,Universal Analysis Mode,Healthy,Machine is safe. Continue regular monitoring.
HRV,191,1970,49800.0,7.88,1.8,26.9,Universal Analysis Mode,Healthy,Machine is safe. Continue regular monitoring.
HRV,191,1971,49800.0,9.41,2.24,27.23,Universal Analysis Mode,Healthy,Machine is safe. Continue regular monitoring.
HRV,191,1972,49800.0,10.09,2.48,27.24,Universal Analysis Mode,Healthy,Machine is safe. Continue regular monitoring.
HRV,191,1973,49800.0,12.59,3.29,27.47,Universal Analysis Mode,Healthy,Machine is safe. Continue regular monitoring.
HRV,191,1974,49800.0,39.93,11.58,29.34,Universal Analysis Mode,Healthy,Machine is safe. Continue regular monitoring.
HRV,191,1975,49800.0,36.44,11.53,29.59,Universal Analysis Mode,Healthy,Machine is safe. Continue regular monitoring.
HRV,191,1976,49800.0,38.23,12.8,31.18,Universal Analysis Mode,Warning,Maintenance inspection recommended soon.
HRV,191,1977,49800.0,39.04,13.92,32.38,Universal Analysis Mode,Warning,Maintenance inspection recommended soon.
HRV,191,1978,49800.0,36.54,14.02,32.04,Universal Analysis Mode,Warning,Maintenance inspection recommended soon.
HRV,191,1979,49800.0,74.02,31.61,34.42,Universal Analysis Mode,Warning,Maintenance inspection recommended soon.
HRV,191,1980,49800.0,75.97,36.83,35.65,Universal Analysis Mode,Warning,Maintenance inspection recommended soon.
HRV,191,1981,49800.0,67.14,35.93,36.13,Universal Analysis Mode,Warning,Maintenance inspection recommended soon.
HRV,191,1982,49800.0,58.02,32.97,36.21,Universal Analysis Mode,Warning,Maintenance inspection recommended soon.
HRV,191,1983,49800.0,50.39,29.55,35.82,Universal Analysis Mode,Warning,Maintenance inspection recommended soon.
HRV,191,1984,3933834.0,45.82,28.78,52.15,Universal Analysis Mode,Warning,Maintenance inspection recommended soon.
HRV,191,1985,3535471.0,43.43,27.56,51.76,Universal Analysis Mode,Warning,Maintenance inspection recommended soon.
HRV,191,1986,4431787.0,22.22,14.43,49.1,Universal Analysis Mode,Warning,Maintenance inspection recommended soon.
HRV,191,1987,5112324.0,27.46,18.44,48.41,Universal Analysis Mode,Warning,Maintenance inspection recommended soon.
HRV,191,1988,5792861.0,21.42,14.92,46.76,Universal Analysis Mode,Warning,Maintenance inspection recommended soon.
HRV,191,1989,6473397.0,24.87,18.23,47.4,Universal Analysis Mode,Warning,Maintenance inspection recommended soon.
HRV,191,1990,6224420.0,30.88,23.73,52.59,Universal Analysis Mode,Warning,Maintenance inspection recommended soon.
HRV,191,1991,2200000.0,24.95,20.0,52.54,Universal Analysis Mode,Warning,Maintenance inspection recommended soon.
HRV,191,1992,1917000.0,23.39,19.32,47.13,Universal Analysis Mode,Warning,Maintenance inspection recommended soon.
HRV,191,1993,1895000.0,20.01,16.97,44.4,Universal Analysis Mode,Warning,Maintenance inspection recommended soon.
HRV,191,1994,1577000.0,18.26,15.82,43.64,Universal Analysis Mode,Warning,Maintenance inspection recommended soon.
HRV,191,1995,1500000.0,19.1,17.02,43.62,Universal Analysis Mode,Warning,Maintenance inspection recommended soon.
HRV,191,1996,1469000.0,22.48,20.67,44.39,Universal Analysis Mode,Warning,Maintenance inspection recommended soon.
HRV,191,1997,1533000.0,20.38,19.09,44.15,Universal Analysis Mode,Warning,Maintenance inspection recommended soon.
HRV,191,1998,1589000.0,13.62,12.72,42.89,Universal Analysis Mode,Warning,Maintenance inspection recommended soon.
HRV,191,1999,1176000.0,18.56,17.97,43.58,Universal Analysis Mode,Warning,Maintenance inspection recommended soon.
HRV,191,2000,1113000.0,28.5,28.5,47.1,Universal Analysis Mode,Warning,Maintenance inspection recommended soon.
HRV,191,2001,1145400.0,23.7,24.44,46.27,Universal Analysis Mode,Warning,Maintenance inspection recommended soon.
HRV,191,2002,1095600.0,23.72,25.02,45.76,Universal Analysis Mode,Warning,Maintenance inspection recommended soon.
HRV,191,2003,1095600.0,26.54,28.83,48.14,Universal Analysis Mode,Warning,Maintenance inspection recommended soon.
HRV,191,2004,1008381.77,34.3,38.26,48.61,Universal Analysis Mode,Warning,Maintenance inspection recommended soon.
HRV,191,2005,929144.99,47.26,54.52,50.03,Universal Analysis Mode,Warning,Maintenance inspection recommended soon.
HRV,191,2006,834183.86,55.37,65.14,49.41,Universal Analysis Mode,Warning,Maintenance inspection recommended soon.
HRV,191,2007,751661.78,60.12,72.39,50.19,Universal Analysis Mode,Warning,Maintenance inspection recommended soon.
HRV,191,2008,680600.17,77.79,97.26,50.88,Universal Analysis Mode,Warning,Maintenance inspection recommended soon.
HRV,191,2009,775924.84,49.5,61.67,47.46,Universal Analysis Mode,Warning,Maintenance inspection recommended soon.
HRV,191,2010,726261.29,62.78,79.5,48.51,Universal Analysis Mode,Warning,Maintenance inspection recommended soon.
HRV,191,2011,671822.42,85.17,111.26,47.19,Universal Analysis Mode,Warning,Maintenance inspection recommended soon.
HRV,191,2012,589299.83,83.75,111.67,45.86,Universal Analysis Mode,Warning,Maintenance inspection recommended soon.
HRV,191,2013,597463.55,80.32,108.66,51.51,Universal Analysis Mode,Warning,Maintenance inspection recommended soon.
HRV,191,2014,501683.71,71.97,98.95,53.99,Universal Analysis Mode,Warning,Maintenance inspection recommended soon.
CUB,192,1932,49800.0,10.86,0.87,29.13,Universal Analysis Mode,Healthy,Machine is safe. Continue regular monitoring.
CUB,192,1933,49800.0,8.82,0.67,29.12,Universal Analysis Mode,Healthy,Machine is safe. Continue regular monitoring.
CUB,192,1934,49800.0,12.72,1.0,29.61,Universal Analysis Mode,Healthy,Machine is safe. Continue regular monitoring.
CUB,192,1935,49800.0,12.04,0.97,29.27,Universal Analysis Mode,Healthy,Machine is safe. Continue regular monitoring.
CUB,192,1936,49800.0,13.38,1.09,29.58,Universal Analysis Mode,Healthy,Machine is safe. Continue regular monitoring.
CUB,192,1937,49800.0,13.98,1.18,29.35,Universal Analysis Mode,Healthy,Machine is safe. Continue regular monitoring.
CUB,192,1938,49800.0,13.66,1.13,29.39,Universal Analysis Mode,Healthy,Machine is safe. Continue regular monitoring.
CUB,192,1939,49800.0,12.5,1.02,29.32,Universal Analysis Mode,Healthy,Machine is safe. Continue regular monitoring.
CUB,192,1940,49800.0,12.38,1.02,29.26,Universal Analysis Mode,Healthy,Machine is safe. Continue regular monitoring.
CUB,192,1941,49800.0,13.18,1.14,29.29,Universal Analysis Mode,Healthy,Machine is safe. Continue regular monitoring.
CUB,192,1942,49800.0,12.42,1.19,29.11,Universal Analysis Mode,Healthy,Machine is safe. Continue regular monitoring.
CUB,192,1943,49800.0,11.81,1.2,28.86,Universal Analysis Mode,Healthy,Machine is safe. Continue regular monitoring.
CUB,192,1944,14891.0,11.71,1.21,26.83,Universal Analysis Mode,Healthy,Machine is safe. Continue regular monitoring.
CUB,192,1945,20355.0,9.93,1.05,26.47,Universal Analysis Mode,Healthy,Machine is safe. Continue regular monitoring.
CUB,192,1946,36749.0,9.77,1.12,26.24,Universal Analysis Mode,Healthy,Machine is safe. Continue regular monitoring.
CUB,192,1947,40984.0,14.48,1.9,27.04,Universal Analysis Mode,Healthy,Machine is safe. Continue regular monitoring.
CUB,192,1948,21721.0,14.07,1.99,27.29,Universal Analysis Mode,Healthy,Machine is safe. Continue regular monitoring.
CUB,192,1949,28142.0,12.71,1.78,26.81,Universal Analysis Mode,Healthy,Machine is safe. Continue regular monitoring.
CUB,192,1950,21311.0,12.08,1.71,27.32,Universal Analysis Mode,Healthy,Machine is safe. Continue regular monitoring.
CUB,192,1951,17486.0,11.2,1.71,27.15,Universal Analysis Mode,Healthy,Machine is safe. Continue regular monitoring.
CUB,192,1952,4918.0,10.96,1.71,27.15,Universal Analysis Mode,Healthy,Machine is safe. Continue regular monitoring.
CUB,192,1953,2322.0,12.27,1.93,27.64,Universal Analysis Mode,Healthy,Machine is safe. Continue regular monitoring.
CUB,192,1954,3415.0,12.21,1.93,27.94,Universal Analysis Mode,Healthy,Machine is safe. Continue regular monitoring.
CUB,192,1955,51230.0,12.27,1.93,27.89,Universal Analysis Mode,Healthy,Machine is safe. Continue regular monitoring.
CUB,192,1956,74180.0,12.07,1.93,27.83,Universal Analysis Mode,Healthy,Machine is safe. Continue regular monitoring.
CUB,192,1957,53962.0,11.48,1.9,27.63,Universal Analysis Mode,Healthy,Machine is safe. Continue regular monitoring.
CUB,192,1958,46995.0,12.25,2.08,27.52,Universal Analysis Mode,Healthy,Machine is safe. Continue regular monitoring.
CUB,192,1959,26230.0,12.14,2.08,27.72,Universal Analysis Mode,Healthy,Machine is safe. Continue regular monitoring.
CUB,192,1960,14754.0,10.91,1.9,27.5,Universal Analysis Mode,Healthy,Machine is safe. Continue regular monitoring.
CUB,192,1961,10929.0,10.24,1.8,27.47,Universal Analysis Mode,Healthy,Machine is safe. Continue regular monitoring.
CUB,192,1962,12295.0,10.12,1.8,28.35,Universal Analysis Mode,Healthy,Machine is safe. Continue regular monitoring.
CUB,192,1963,28005.0,9.99,1.8,28.1,Universal Analysis Mode,Healthy,Machine is safe. Continue regular monitoring.
CUB,192,1964,33880.0,9.86,1.8,27.17,Universal Analysis Mode,Healthy,Machine is safe. Continue regular monitoring.
CUB,192,1965,52186.0,9.71,1.8,28.25,Universal Analysis Mode,Healthy,Machine is safe. Continue regular monitoring.
CUB,192,1966,62842.0,9.41,1.8,27.62,Universal Analysis Mode,Healthy,Machine is safe. Continue regular monitoring.
CUB,192,1967,103279.0,9.16,1.8,27.44,Universal Analysis Mode,Healthy,Machine is safe. Continue regular monitoring.
CUB,192,1968,0.0,8.8,1.8,24.61,Universal Analysis Mode,Healthy,Machine is safe. Continue regular monitoring.
CUB,192,1969,112158.0,8.35,1.8,27.38,Universal Analysis Mode,Healthy,Machine is safe. Continue regular monitoring.
CUB,192,1970,159000.0,7.88,1.8,28.96,Universal Analysis Mode,Healthy,Machine is safe. Continue regular monitoring.
CUB,192,1971,120000.0,9.41,2.24,30.98,Universal Analysis Mode,Warning,Maintenance inspection recommended soon.
CUB,192,1972,112000.0,10.09,2.48,31.0,Universal Analysis Mode,Warning,Maintenance inspection recommended soon.
CUB,192,1973,138000.0,12.59,3.29,34.0,Universal Analysis Mode,Warning,Maintenance inspection recommended soon.
CUB,192,1974,168000.0,39.93,11.58,42.91,Universal Analysis Mode,Warning,Maintenance inspection recommended soon.
CUB,192,1975,226000.0,36.44,11.53,44.98,Universal Analysis Mode,Warning,Maintenance inspection recommended soon.
CUB,192,1976,234000.0,38.23,12.8,47.16,Universal Analysis Mode,Warning,Maintenance inspection recommended soon.
CUB,192,1977,256000.0,39.04,13.92,49.15,Universal Analysis Mode,Warning,Maintenance inspection recommended soon.
CUB,192,1978,288000.0,36.54,14.02,49.15,Universal Analysis Mode,Warning,Maintenance inspection recommended soon.
CUB,192,1979,288000.0,74.02,31.61,53.53,Universal Analysis Mode,Warning,Maintenance inspection recommended soon.
CUB,192,1980,274000.0,75.97,36.83,54.74,Universal Analysis Mode,Warning,Maintenance inspection recommended soon.
CUB,192,1981,259000.0,67.14,35.93,55.09,Universal Analysis Mode,Warning,Maintenance inspection recommended soon.
CUB,192,1982,541000.0,58.02,32.97,56.04,Universal Analysis Mode,Warning,Maintenance inspection recommended soon.
CUB,192,1983,742000.0,50.39,29.55,55.77,Universal Analysis Mode,Warning,Maintenance inspection recommended soon.
CUB,192,1984,770000.0,45.82,28.78,55.35,Universal Analysis Mode,Warning,Maintenance inspection recommended soon.
CUB,192,1985,868000.0,43.43,27.56,55.15,Universal Analysis Mode,Warning,Maintenance inspection recommended soon.
CUB,192,1986,938000.0,22.22,14.43,50.17,Universal Analysis Mode,Warning,Maintenance inspection recommended soon.
CUB,192,1987,895000.0,27.46,18.44,49.4,Universal Analysis Mode,Warning,Maintenance inspection recommended soon.
CUB,192,1988,717000.0,21.42,14.92,47.26,Universal Analysis Mode,Warning,Maintenance inspection recommended soon.
CUB,192,1989,718000.0,24.87,18.23,48.13,Universal Analysis Mode,Warning,Maintenance inspection recommended soon.
CUB,192,1990,726000.0,30.88,23.73,49.48,Universal Analysis Mode,Warning,Maintenance inspection recommended soon.
CUB,192,1991,748000.0,24.95,20.0,48.56,Universal Analysis Mode,Warning,Maintenance inspection recommended soon.
CUB,192,1992,936000.0,23.39,19.32,47.18,Universal Analysis Mode,Warning,Maintenance inspection recommended soon.
CUB,192,1993,900000.0,20.01,16.97,47.07,Universal Analysis Mode,Warning,Maintenance inspection recommended soon.
CUB,192,1994,1299000.0,18.26,15.82,46.66,Universal Analysis Mode,Warning,Maintenance inspection recommended soon.
CUB,192,1995,1471000.0,19.1,17.02,46.68,Universal Analysis Mode,Warning,Maintenance inspection recommended soon.
CUB,192,1996,1476000.0,22.48,20.67,47.53,Universal Analysis Mode,Warning,Maintenance inspection recommended soon.
CUB,192,1997,1462000.0,20.38,19.09,47.49,Universal Analysis Mode,Warning,Maintenance inspection recommended soon.
CUB,192,1998,1678000.0,13.62,12.72,46.4,Universal Analysis Mode,Warning,Maintenance inspection recommended soon.
CUB,192,1999,2136000.0,18.56,17.97,47.51,Universal Analysis Mode,Warning,Maintenance inspection recommended soon.
CUB,192,2000,2695000.0,28.5,28.5,51.2,Universal Analysis Mode,Warning,Maintenance inspection recommended soon.
CUB,192,2001,2490000.0,23.7,24.44,50.88,Universal Analysis Mode,Warning,Maintenance inspection recommended soon.
CUB,192,2002,2355335.32,23.72,25.02,50.47,Universal Analysis Mode,Warning,Maintenance inspection recommended soon.
CUB,192,2003,2747322.58,26.54,28.83,52.86,Universal Analysis Mode,Warning,Maintenance inspection recommended soon.
CUB,192,2004,2884914.0,34.3,38.26,53.51,Universal Analysis Mode,Warning,Maintenance inspection recommended soon.
CUB,192,2005,2602996.2,47.26,54.52,54.96,Universal Analysis Mode,Warning,Maintenance inspection recommended soon.
CUB,192,2006,2571871.2,55.37,65.14,54.28,Universal Analysis Mode,Warning,Maintenance inspection recommended soon.
CUB,192,2007,2516842.2,60.12,72.39,54.38,Universal Analysis Mode,Warning,Maintenance inspection recommended soon.
CUB,192,2008,2601850.8,77.79,97.26,55.37,Universal Analysis Mode,Warning,Maintenance inspection recommended soon.
CUB,192,2009,2402103.0,49.5,61.67,51.59,Universal Analysis Mode,Warning,Maintenance inspection recommended soon.
CUB,192,2010,2639400.0,62.78,79.5,51.91,Universal Analysis Mode,Warning,Maintenance inspection recommended soon.
CUB,192,2011,2739000.0,85.17,111.26,51.49,Universal Analysis Mode,Warning,Maintenance inspection recommended soon.
CUB,192,2012,2593409.7,83.75,111.67,50.22,Universal Analysis Mode,Warning,Maintenance inspection recommended soon.
CUB,192,2013,2490000.0,80.32,108.66,54.39,Universal Analysis Mode,Warning,Maintenance inspection recommended soon.
CUB,192,2014,2490000.0,71.97,98.95,55.39,Universal Analysis Mode,Warning,Maintenance inspection recommended soon.
CYP,196,1932,49800.0,10.86,0.87,28.8,Universal Analysis Mode,Healthy,Machine is safe. Continue regular monitoring.
CYP,196,1933,49800.0,8.82,0.67,28.78,Universal Analysis Mode,Healthy,Machine is safe. Continue regular monitoring.
CYP,196,1934,49800.0,12.72,1.0,29.26,Universal Analysis Mode,Healthy,Machine is safe. Continue regular monitoring.
CYP,196,1935,49800.0,12.04,0.97,28.9,Universal Analysis Mode,Healthy,Machine is safe. Continue regular monitoring.
CYP,196,1936,49800.0,13.38,1.09,29.21,Universal Analysis Mode,Healthy,Machine is safe. Continue regular monitoring.
CYP,196,1937,49800.0,13.98,1.18,28.98,Universal Analysis Mode,Healthy,Machine is safe. Continue regular monitoring.
CYP,196,1938,49800.0,13.66,1.13,29.01,Universal Analysis Mode,Healthy,Machine is safe. Continue regular monitoring.
CYP,196,1939,49800.0,12.5,1.02,28.93,Universal Analysis Mode,Healthy,Machine is safe. Continue regular monitoring.
CYP,196,1940,49800.0,12.38,1.02,28.86,Universal Analysis Mode,Healthy,Machine is safe. Continue regular monitoring.
CYP,196,1941,49800.0,13.18,1.14,28.88,Universal Analysis Mode,Healthy,Machine is safe. Continue regular monitoring.
CYP,196,1942,49800.0,12.42,1.19,28.69,Universal Analysis Mode,Healthy,Machine is safe. Continue regular monitoring.
CYP,196,1943,49800.0,11.81,1.2,28.44,Universal Analysis Mode,Healthy,Machine is safe. Continue regular monitoring.
CYP,196,1944,49800.0,11.71,1.21,28.4,Universal Analysis Mode,Healthy,Machine is safe. Continue regular monitoring.
CYP,196,1945,49800.0,9.93,1.05,28.06,Universal Analysis Mode,Healthy,Machine is safe. Continue regular monitoring.
CYP,196,1946,49800.0,9.77,1.12,27.95,Universal Analysis Mode,Healthy,Machine is safe. Continue regular monitoring.
CYP,196,1947,49800.0,14.48,1.9,28.9,Universal Analysis Mode,Healthy,Machine is safe. Continue regular monitoring.
CYP,196,1948,49800.0,14.07,1.99,28.92,Universal Analysis Mode,Healthy,Machine is safe. Continue regular monitoring.
CYP,196,1949,49800.0,12.71,1.78,28.48,Universal Analysis Mode,Healthy,Machine is safe. Continue regular monitoring.
CYP,196,1950,49800.0,12.08,1.71,27.34,Universal Analysis Mode,Healthy,Machine is safe. Continue regular monitoring.
CYP,196,1951,49800.0,11.2,1.71,27.15,Universal Analysis Mode,Healthy,Machine is safe. Continue regular monitoring.
CYP,196,1952,49800.0,10.96,1.71,27.13,Universal Analysis Mode,Healthy,Machine is safe. Continue regular monitoring.
CYP,196,1953,49800.0,12.27,1.93,27.64,Universal Analysis Mode,Healthy,Machine is safe. Continue regular monitoring.
CYP,196,1954,49800.0,12.21,1.93,27.53,Universal Analysis Mode,Healthy,Machine is safe. Continue regular monitoring.
CYP,196,1955,49800.0,12.27,1.93,27.18,Universal Analysis Mode,Healthy,Machine is safe. Continue regular monitoring.
CYP,196,1956,49800.0,12.07,1.93,27.16,Universal Analysis Mode,Healthy,Machine is safe. Continue regular monitoring.
CYP,196,1957,49800.0,11.48,1.9,26.89,Universal Analysis Mode,Healthy,Machine is safe. Continue regular monitoring.
CYP,196,1958,49800.0,12.25,2.08,27.34,Universal Analysis Mode,Healthy,Machine is safe. Continue regular monitoring.
CYP,196,1959,49800.0,12.14,2.08,27.36,Universal Analysis Mode,Healthy,Machine is safe. Continue regular monitoring.
CYP,196,1960,0.0,10.91,1.9,23.75,Universal Analysis Mode,Healthy,Machine is safe. Continue regular monitoring.
CYP,196,1961,0.0,10.24,1.8,23.69,Universal Analysis Mode,Healthy,Machine is safe. Continue regular monitoring.
CYP,196,1962,0.0,10.12,1.8,24.55,Universal Analysis Mode,Healthy,Machine is safe. Continue regular monitoring.
CYP,196,1963,0.0,9.99,1.8,24.38,Universal Analysis Mode,Healthy,Machine is safe. Continue regular monitoring.
CYP,196,1964,0.0,9.86,1.8,23.46,Universal Analysis Mode,Healthy,Machine is safe. Continue regular monitoring.
CYP,196,1965,0.0,9.71,1.8,24.06,Universal Analysis Mode,Healthy,Machine is safe. Continue regular monitoring.
CYP,196,1966,0.0,9.41,1.8,23.41,Universal Analysis Mode,Healthy,Machine is safe. Continue regular monitoring.
CYP,196,1967,0.0,9.16,1.8,23.29,Universal Analysis Mode,Healthy,Machine is safe. Continue regular monitoring.
CYP,196,1968,0.0,8.8,1.8,23.05,Universal Analysis Mode,Healthy,Machine is safe. Continue regular monitoring.
CYP,196,1969,0.0,8.35,1.8,23.16,Universal Analysis Mode,Healthy,Machine is safe. Continue regular monitoring.
CYP,196,1970,0.0,7.88,1.8,22.91,Universal Analysis Mode,Healthy,Machine is safe. Continue regular monitoring.
CYP,196,1971,0.0,9.41,2.24,23.24,Universal Analysis Mode,Healthy,Machine is safe. Continue regular monitoring.
CYP,196,1972,0.0,10.09,2.48,23.26,Universal Analysis Mode,Healthy,Machine is safe. Continue regular monitoring.
CYP,196,1973,0.0,12.59,3.29,23.48,Universal Analysis Mode,Healthy,Machine is safe. Continue regular monitoring.
CYP,196,1974,0.0,39.93,11.58,25.36,Universal Analysis Mode,Healthy,Machine is safe. Continue regular monitoring.
CYP,196,1975,0.0,36.44,11.53,25.6,Universal Analysis Mode,Healthy,Machine is safe. Continue regular monitoring.
CYP,196,1976,0.0,38.23,12.8,27.17,Universal Analysis Mode,Healthy,Machine is safe. Continue regular monitoring.
CYP,196,1977,0.0,39.04,13.92,28.37,Universal Analysis Mode,Healthy,Machine is safe. Continue regular monitoring.
CYP,196,1978,0.0,36.54,14.02,28.03,Universal Analysis Mode,Healthy,Machine is safe. Continue regular monitoring.
CYP,196,1979,0.0,74.02,31.61,30.4,Universal Analysis Mode,Warning,Maintenance inspection recommended soon.
CYP,196,1980,0.0,75.97,36.83,31.64,Universal Analysis Mode,Warning,Maintenance inspection recommended soon.
CYP,196,1981,0.0,67.14,35.93,32.12,Universal Analysis Mode,Warning,Maintenance inspection recommended soon.
CYP,196,1982,0.0,58.02,32.97,32.2,Universal Analysis Mode,Warning,Maintenance inspection recommended soon.
CYP,196,1983,0.0,50.39,29.55,31.81,Universal Analysis Mode,Warning,Maintenance inspection recommended soon.
CYP,196,1984,0.0,45.82,28.78,31.43,Universal Analysis Mode,Warning,Maintenance inspection recommended soon.
CYP,196,1985,0.0,43.43,27.56,31.16,Universal Analysis Mode,Warning,Maintenance inspection recommended soon.
CYP,196,1986,0.0,22.22,14.43,25.97,Universal Analysis Mode,Healthy,Machine is safe. Continue regular monitoring.
CYP,196,1987,0.0,27.46,18.44,25.0,Universal Analysis Mode,Healthy,Machine is safe. Continue regular monitoring.
CYP,196,1988,0.0,21.42,14.92,23.41,Universal Analysis Mode,Healthy,Machine is safe. Continue regular monitoring.
CYP,196,1989,0.0,24.87,18.23,23.88,Universal Analysis Mode,Healthy,Machine is safe. Continue regular monitoring.
CYP,196,1990,0.0,30.88,23.73,25.05,Universal Analysis Mode,Healthy,Machine is safe. Continue regular monitoring.
CYP,196,1991,0.0,24.95,20.0,24.92,Universal Analysis Mode,Healthy,Machine is safe. Continue regular monitoring.
CYP,196,1992,0.0,23.39,19.32,23.4,Universal Analysis Mode,Healthy,Machine is safe. Continue regular monitoring.
CYP,196,1993,0.0,20.01,16.97,23.0,Universal Analysis Mode,Healthy,Machine is safe. Continue regular monitoring.
CYP,196,1994,0.0,18.26,15.82,22.42,Universal Analysis Mode,Healthy,Machine is safe. Continue regular monitoring.
CYP,196,1995,0.0,19.1,17.02,22.36,Universal Analysis Mode,Healthy,Machine is safe. Continue regular monitoring.
CYP,196,1996,0.0,22.48,20.67,23.12,Universal Analysis Mode,Healthy,Machine is safe. Continue regular monitoring.
CYP,196,1997,0.0,20.38,19.09,22.88,Universal Analysis Mode,Healthy,Machine is safe. Continue regular monitoring.
CYP,196,1998,0.0,13.62,12.72,21.89,Universal Analysis Mode,Healthy,Machine is safe. Continue regular monitoring.
CYP,196,1999,0.0,18.56,17.97,22.57,Universal Analysis Mode,Healthy,Machine is safe. Continue regular monitoring.
CYP,196,2000,0.0,28.5,28.5,25.69,Universal Analysis Mode,Healthy,Machine is safe. Continue regular monitoring.
CYP,196,2001,0.0,23.7,24.44,25.64,Universal Analysis Mode,Healthy,Machine is safe. Continue regular monitoring.
CYP,196,2002,0.0,23.72,25.02,25.24,Universal Analysis Mode,Healthy,Machine is safe. Continue regular monitoring.
CYP,196,2003,0.0,26.54,28.83,27.35,Universal Analysis Mode,Healthy,Machine is safe. Continue regular monitoring.
CYP,196,2004,0.0,34.3,38.26,28.04,Universal Analysis Mode,Healthy,Machine is safe. Continue regular monitoring.
CYP,196,2005,0.0,47.26,54.52,32.75,Universal Analysis Mode,Warning,Maintenance inspection recommended soon.
CYP,196,2006,0.0,55.37,65.14,32.17,Universal Analysis Mode,Warning,Maintenance inspection recommended soon.
CYP,196,2007,0.0,60.12,72.39,32.12,Universal Analysis Mode,Warning,Maintenance inspection recommended soon.
CYP,196,2008,0.0,77.79,97.26,32.78,Universal Analysis Mode,Warning,Maintenance inspection recommended soon.
CYP,196,2009,0.0,49.5,61.67,29.7,Universal Analysis Mode,Healthy,Machine is safe. Continue regular monitoring.
CYP,196,2010,0.0,62.78,79.5,30.87,Universal Analysis Mode,Warning,Maintenance inspection recommended soon.
CYP,196,2011,0.0,85.17,111.26,30.33,Universal Analysis Mode,Warning,Maintenance inspection recommended soon.
CYP,196,2012,0.0,83.75,111.67,29.2,Universal Analysis Mode,Healthy,Machine is safe. Continue regular monitoring.
CYP,196,2013,0.0,80.32,108.66,29.43,Universal Analysis Mode,Healthy,Machine is safe. Continue regular monitoring.
CYP,196,2014,0.0,71.97,98.95,30.47,Universal Analysis Mode,Warning,Maintenance inspection recommended soon.
CZE,203,1932,49800.0,10.86,0.87,28.81,Universal Analysis Mode,Healthy,Machine is safe. Continue regular monitoring.
CZE,203,1933,49800.0,8.82,0.67,28.79,Universal Analysis Mode,Healthy,Machine is safe. Continue regular monitoring.
CZE,203,1934,49800.0,12.72,1.0,29.27,Universal Analysis Mode,Healthy,Machine is safe. Continue regular monitoring.
CZE,203,1935,49800.0,12.04,0.97,28.92,Universal Analysis Mode,Healthy,Machine is safe. Continue regular monitoring.
CZE,203,1936,49800.0,13.38,1.09,29.22,Universal Analysis Mode,Healthy,Machine is safe. Continue regular monitoring.
CZE,203,1937,49800.0,13.98,1.18,28.99,Universal Analysis Mode,Healthy,Machine is safe. Continue regular monitoring.
CZE,203,1938,49800.0,13.66,1.13,29.02,Universal Analysis Mode,Healthy,Machine is safe. Continue regular monitoring.
CZE,203,1939,49800.0,12.5,1.02,28.94,Universal Analysis Mode,Healthy,Machine is safe. Continue regular monitoring.
CZE,203,1940,49800.0,12.38,1.02,28.87,Universal Analysis Mode,Healthy,Machine is safe. Continue regular monitoring.
CZE,203,1941,49800.0,13.18,1.14,28.9,Universal Analysis Mode,Healthy,Machine is safe. Continue regular monitoring.
CZE,203,1942,49800.0,12.42,1.19,28.71,Universal Analysis Mode,Healthy,Machine is safe. Continue regular monitoring.
CZE,203,1943,49800.0,11.81,1.2,28.46,Universal Analysis Mode,Healthy,Machine is safe. Continue regular monitoring.
CZE,203,1944,49800.0,11.71,1.21,28.41,Universal Analysis Mode,Healthy,Machine is safe. Continue regular monitoring.
CZE,203,1945,49800.0,9.93,1.05,28.07,Universal Analysis Mode,Healthy,Machine is safe. Continue regular monitoring.
CZE,203,1946,49800.0,9.77,1.12,27.96,Universal Analysis Mode,Healthy,Machine is safe. Continue regular monitoring.
CZE,203,1947,49800.0,14.48,1.9,28.91,Universal Analysis Mode,Healthy,Machine is safe. Continue regular monitoring.
CZE,203,1948,49800.0,14.07,1.99,28.94,Universal Analysis Mode,Healthy,Machine is safe. Continue regular monitoring.
CZE,203,1949,49800.0,12.71,1.78,28.49,Universal Analysis Mode,Healthy,Machine is safe. Continue regular monitoring.
CZE,203,1950,49800.0,12.08,1.71,29.07,Universal Analysis Mode,Healthy,Machine is safe. Continue regular monitoring.
CZE,203,1951,49800.0,11.2,1.71,28.89,Universal Analysis Mode,Healthy,Machine is safe. Continue regular monitoring.
CZE,203,1952,49800.0,10.96,1.71,28.88,Universal Analysis Mode,Healthy,Machine is safe. Continue regular monitoring.
CZE,203,1953,49800.0,12.27,1.93,29.4,Universal Analysis Mode,Healthy,Machine is safe. Continue regular monitoring.
CZE,203,1954,49800.0,12.21,1.93,29.31,Universal Analysis Mode,Healthy,Machine is safe. Continue regular monitoring.
CZE,203,1955,49800.0,12.27,1.93,28.96,Universal Analysis Mode,Healthy,Machine is safe. Continue regular monitoring.
CZE,203,1956,49800.0,12.07,1.93,28.95,Universal Analysis Mode,Healthy,Machine is safe. Continue regular monitoring.
CZE,203,1957,49800.0,11.48,1.9,28.69,Universal Analysis Mode,Healthy,Machine is safe. Continue regular monitoring.
CZE,203,1958,49800.0,12.25,2.08,29.14,Universal Analysis Mode,Healthy,Machine is safe. Continue regular monitoring.
CZE,203,1959,49800.0,12.14,2.08,29.16,Universal Analysis Mode,Healthy,Machine is safe. Continue regular monitoring.
CZE,203,1960,149386.1,10.91,1.9,30.45,Universal Analysis Mode,Warning,Maintenance inspection recommended soon.
CZE,203,1961,152942.9,10.24,1.8,29.8,Universal Analysis Mode,Healthy,Machine is safe. Continue regular monitoring.
CZE,203,1962,156499.7,10.12,1.8,30.96,Universal Analysis Mode,Warning,Maintenance inspection recommended soon.
CZE,203,1963,160056.5,9.99,1.8,31.1,Universal Analysis Mode,Warning,Maintenance inspection recommended soon.
CZE,203,1964,163613.3,9.86,1.8,30.21,Universal Analysis Mode,Warning,Maintenance inspection recommended soon.
CZE,203,1965,167170.1,9.71,1.8,30.83,Universal Analysis Mode,Warning,Maintenance inspection recommended soon.
CZE,203,1966,170727.0,9.41,1.8,30.19,Universal Analysis Mode,Warning,Maintenance inspection recommended soon.
CZE,203,1967,174283.8,9.16,1.8,30.07,Universal Analysis Mode,Warning,Maintenance inspection recommended soon.
CZE,203,1968,177840.6,8.8,1.8,29.83,Universal Analysis Mode,Healthy,Machine is safe. Continue regular monitoring.
CZE,203,1969,181397.4,8.35,1.8,29.92,Universal Analysis Mode,Healthy,Machine is safe. Continue regular monitoring.
CZE,203,1970,184954.2,7.88,1.8,28.52,Universal Analysis Mode,Healthy,Machine is safe. Continue regular monitoring.
CZE,203,1971,49800.0,9.41,2.24,35.2,Universal Analysis Mode,Warning,Maintenance inspection recommended soon.
CZE,203,1972,49800.0,10.09,2.48,35.05,Universal Analysis Mode,Warning,Maintenance inspection recommended soon.
CZE,203,1973,49800.0,12.59,3.29,35.17,Universal Analysis Mode,Warning,Maintenance inspection recommended soon.
CZE,203,1974,49800.0,39.93,11.58,37.63,Universal Analysis Mode,Warning,Maintenance inspection recommended soon.
CZE,203,1975,49800.0,36.44,11.53,37.28,Universal Analysis Mode,Warning,Maintenance inspection recommended soon.
CZE,203,1976,49800.0,38.23,12.8,41.04,Universal Analysis Mode,Warning,Maintenance inspection recommended soon.
CZE,203,1977,49800.0,39.04,13.92,42.37,Universal Analysis Mode,Warning,Maintenance inspection recommended soon.
CZE,203,1978,66000.0,36.54,14.02,45.35,Universal Analysis Mode,Warning,Maintenance inspection recommended soon.
CZE,203,1979,61000.0,74.02,31.61,50.73,Universal Analysis Mode,Warning,Maintenance inspection recommended soon.
CZE,203,1980,51000.0,75.97,36.83,51.3,Universal Analysis Mode,Warning,Maintenance inspection recommended soon.
CZE,203,1981,50000.0,67.14,35.93,51.91,Universal Analysis Mode,Warning,Maintenance inspection recommended soon.
CZE,203,1982,54000.0,58.02,32.97,51.91,Universal Analysis Mode,Warning,Maintenance inspection recommended soon.
CZE,203,1983,56000.0,50.39,29.55,50.24,Universal Analysis Mode,Warning,Maintenance inspection recommended soon.
CZE,203,1984,56000.0,45.82,28.78,49.46,Universal Analysis Mode,Warning,Maintenance inspection recommended soon.
CZE,203,1985,57000.0,43.43,27.56,48.76,Universal Analysis Mode,Warning,Maintenance inspection recommended soon.
CZE,203,1986,56000.0,22.22,14.43,44.37,Universal Analysis Mode,Warning,Maintenance inspection recommended soon.
CZE,203,1987,51000.0,27.46,18.44,42.66,Universal Analysis Mode,Warning,Maintenance inspection recommended soon.
CZE,203,1988,45000.0,21.42,14.92,38.2,Universal Analysis Mode,Warning,Maintenance inspection recommended soon.
CZE,203,1989,47000.0,24.87,18.23,39.88,Universal Analysis Mode,Warning,Maintenance inspection recommended soon.
CZE,203,1990,50000.0,30.88,23.73,44.17,Universal Analysis Mode,Warning,Maintenance inspection recommended soon.
CZE,203,1991,69000.0,24.95,20.0,44.73,Universal Analysis Mode,Warning,Maintenance inspection recommended soon.
CZE,203,1992,82000.0,23.39,19.32,41.49,Universal Analysis Mode,Warning,Maintenance inspection recommended soon.
CZE,203,1993,111000.0,20.01,16.97,37.67,Universal Analysis Mode,Warning,Maintenance inspection recommended soon.
CZE,203,1994,128000.0,18.26,15.82,36.62,Universal Analysis Mode,Warning,Maintenance inspection recommended soon.
CZE,203,1995,146000.0,19.1,17.02,37.96,Universal Analysis Mode,Warning,Maintenance inspection recommended soon.
CZE,203,1996,152000.0,22.48,20.67,39.12,Universal Analysis Mode,Warning,Maintenance inspection recommended soon.
CZE,203,1997,163000.0,20.38,19.09,38.8,Universal Analysis Mode,Warning,Maintenance inspection recommended soon.
CZE,203,1998,179000.0,13.62,12.72,36.83,Universal Analysis Mode,Warning,Maintenance inspection recommended soon.
CZE,203,1999,183000.0,18.56,17.97,37.79,Universal Analysis Mode,Warning,Maintenance inspection recommended soon.
CZE,203,2000,175000.0,28.5,28.5,42.55,Universal Analysis Mode,Warning,Maintenance inspection recommended soon.
CZE,203,2001,369466.2,23.7,24.44,45.35,Universal Analysis Mode,Warning,Maintenance inspection recommended soon.
CZE,203,2002,373300.8,23.72,25.02,45.64,Universal Analysis Mode,Warning,Maintenance inspection recommended soon.
CZE,203,2003,448200.0,26.54,28.83,49.13,Universal Analysis Mode,Warning,Maintenance inspection recommended soon.
CZE,203,2004,552289.97,34.3,38.26,50.02,Universal Analysis Mode,Warning,Maintenance inspection recommended soon.
CZE,203,2005,597872.9,47.26,54.52,51.47,Universal Analysis Mode,Warning,Maintenance inspection recommended soon.
CZE,203,2006,381617.9,55.37,65.14,50.47,Universal Analysis Mode,Warning,Maintenance inspection recommended soon.
CZE,203,2007,373431.77,60.12,72.39,50.48,Universal Analysis Mode,Warning,Maintenance inspection recommended soon.
CZE,203,2008,485481.77,77.79,97.26,51.58,Universal Analysis Mode,Warning,Maintenance inspection recommended soon.
CZE,203,2009,211752.09,49.5,61.67,46.37,Universal Analysis Mode,Warning,Maintenance inspection recommended soon.
CZE,203,2010,178870.64,62.78,79.5,46.82,Universal Analysis Mode,Warning,Maintenance inspection recommended soon.
CZE,203,2011,153629.51,85.17,111.26,46.36,Universal Analysis Mode,Warning,Maintenance inspection recommended soon.
CZE,203,2012,149400.0,83.75,111.67,45.14,Universal Analysis Mode,Warning,Maintenance inspection recommended soon.
CZE,203,2013,149400.0,80.32,108.66,45.43,Universal Analysis Mode,Warning,Maintenance inspection recommended soon.
CZE,203,2014,149400.0,71.97,98.95,52.0,Universal Analysis Mode,Warning,Maintenance inspection recommended soon.
CZK,200,1932,49800.0,10.86,0.87,31.02,Universal Analysis Mode,Warning,Maintenance inspection recommended soon.
CZK,200,1933,49800.0,8.82,0.67,31.01,Universal Analysis Mode,Warning,Maintenance inspection recommended soon.
CZK,200,1934,49800.0,12.72,1.0,31.5,Universal Analysis Mode,Warning,Maintenance inspection recommended soon.
CZK,200,1935,49800.0,12.04,0.97,31.15,Universal Analysis Mode,Warning,Maintenance inspection recommended soon.
CZK,200,1936,49800.0,13.38,1.09,31.47,Universal Analysis Mode,Warning,Maintenance inspection recommended soon.
CZK,200,1937,49800.0,13.98,1.18,31.24,Universal Analysis Mode,Warning,Maintenance inspection recommended soon.
CZK,200,1938,49800.0,13.66,1.13,31.29,Universal Analysis Mode,Warning,Maintenance inspection recommended soon.
CZK,200,1939,49800.0,12.5,1.02,31.22,Universal Analysis Mode,Warning,Maintenance inspection recommended soon.
CZK,200,1940,49800.0,12.38,1.02,31.15,Universal Analysis Mode,Warning,Maintenance inspection recommended soon.
CZK,200,1941,49800.0,13.18,1.14,31.17,Universal Analysis Mode,Warning,Maintenance inspection recommended soon.
CZK,200,1942,49800.0,12.42,1.19,30.97,Universal Analysis Mode,Warning,Maintenance inspection recommended soon.
CZK,200,1943,49800.0,11.81,1.2,30.72,Universal Analysis Mode,Warning,Maintenance inspection recommended soon.
CZK,200,1944,49800.0,11.71,1.21,30.68,Universal Analysis Mode,Warning,Maintenance inspection recommended soon.
CZK,200,1945,49800.0,9.93,1.05,30.29,Universal Analysis Mode,Warning,Maintenance inspection recommended soon.
CZK,200,1946,49800.0,9.77,1.12,30.05,Universal Analysis Mode,Warning,Maintenance inspection recommended soon.
CZK,200,1947,49800.0,14.48,1.9,30.92,Universal Analysis Mode,Warning,Maintenance inspection recommended soon.
CZK,200,1948,49800.0,14.07,1.99,30.96,Universal Analysis Mode,Warning,Maintenance inspection recommended soon.
CZK,200,1949,49800.0,12.71,1.78,30.52,Universal Analysis Mode,Warning,Maintenance inspection recommended soon.
CZK,200,1950,49800.0,12.08,1.71,30.35,Universal Analysis Mode,Warning,Maintenance inspection recommended soon.
CZK,200,1951,49800.0,11.2,1.71,30.17,Universal Analysis Mode,Warning,Maintenance inspection recommended soon.
CZK,200,1952,49800.0,10.96,1.71,30.16,Universal Analysis Mode,Warning,Maintenance inspection recommended soon.
CZK,200,1953,49800.0,12.27,1.93,30.68,Universal Analysis Mode,Warning,Maintenance inspection recommended soon.
CZK,200,1954,49800.0,12.21,1.93,30.59,Universal Analysis Mode,Warning,Maintenance inspection recommended soon.
CZK,200,1955,49800.0,12.27,1.93,30.25,Universal Analysis Mode,Warning,Maintenance inspection recommended soon.
CZK,200,1956,49800.0,12.07,1.93,30.24,Universal Analysis Mode,Warning,Maintenance inspection recommended soon.
CZK,200,1957,49800.0,11.48,1.9,29.98,Universal Analysis Mode,Healthy,Machine is safe. Continue regular monitoring.
CZK,200,1958,49800.0,12.25,2.08,30.43,Universal Analysis Mode,Warning,Maintenance inspection recommended soon.
CZK,200,1959,49800.0,12.14,2.08,30.46,Universal Analysis Mode,Warning,Maintenance inspection recommended soon.
CZK,200,1960,149386.1,10.91,1.9,30.65,Universal Analysis Mode,Warning,Maintenance inspection recommended soon.
CZK,200,1961,152942.9,10.24,1.8,30.03,Universal Analysis Mode,Warning,Maintenance inspection recommended soon.
CZK,200,1962,156499.7,10.12,1.8,31.2,Universal Analysis Mode,Warning,Maintenance inspection recommended soon.
CZK,200,1963,160056.5,9.99,1.8,31.33,Universal Analysis Mode,Warning,Maintenance inspection recommended soon.
CZK,200,1964,163613.3,9.86,1.8,30.45,Universal Analysis Mode,Warning,Maintenance inspection recommended soon.
CZK,200,1965,167170.1,9.71,1.8,31.07,Universal Analysis Mode,Warning,Maintenance inspection recommended soon.
CZK,200,1966,170727.0,9.41,1.8,30.44,Universal Analysis Mode,Warning,Maintenance inspection recommended soon.
CZK,200,1967,174283.8,9.16,1.8,30.33,Universal Analysis Mode,Warning,Maintenance inspection recommended soon.
CZK,200,1968,177840.6,8.8,1.8,40.89,Universal Analysis Mode,Warning,Maintenance inspection recommended soon.
CZK,200,1969,181397.4,8.35,1.8,40.98,Universal Analysis Mode,Warning,Maintenance inspection recommended soon.
CZK,200,1970,184954.2,7.88,1.8,40.51,Universal Analysis Mode,Warning,Maintenance inspection recommended soon.
CZK,200,1971,194000.0,9.41,2.24,38.76,Universal Analysis Mode,Warning,Maintenance inspection recommended soon.
CZK,200,1972,191000.0,10.09,2.48,38.73,Universal Analysis Mode,Warning,Maintenance inspection recommended soon.
CZK,200,1973,171000.0,12.59,3.29,39.05,Universal Analysis Mode,Warning,Maintenance inspection recommended soon.
CZK,200,1974,149000.0,39.93,11.58,44.87,Universal Analysis Mode,Warning,Maintenance inspection recommended soon.
CZK,200,1975,142000.0,36.44,11.53,44.04,Universal Analysis Mode,Warning,Maintenance inspection recommended soon.
CZK,200,1976,131000.0,38.23,12.8,47.28,Universal Analysis Mode,Warning,Maintenance inspection recommended soon.
CZK,200,1977,123000.0,39.04,13.92,48.46,Universal Analysis Mode,Warning,Maintenance inspection recommended soon.
CZK,200,1978,66000.0,36.54,14.02,45.61,Universal Analysis Mode,Warning,Maintenance inspection recommended soon.
CZK,200,1979,61000.0,74.02,31.61,51.68,Universal Analysis Mode,Warning,Maintenance inspection recommended soon.
CZK,200,1980,51000.0,75.97,36.83,51.96,Universal Analysis Mode,Warning,Maintenance inspection recommended soon.
CZK,200,1981,50000.0,67.14,35.93,52.79,Universal Analysis Mode,Warning,Maintenance inspection recommended soon.
CZK,200,1982,54000.0,58.02,32.97,52.78,Universal Analysis Mode,Warning,Maintenance inspection recommended soon.
CZK,200,1983,56000.0,50.39,29.55,50.83,Universal Analysis Mode,Warning,Maintenance inspection recommended soon.
CZK,200,1984,56000.0,45.82,28.78,50.1,Universal Analysis Mode,Warning,Maintenance inspection recommended soon.
CZK,200,1985,57000.0,43.43,27.56,49.46,Universal Analysis Mode,Warning,Maintenance inspection recommended soon.
CZK,200,1986,56000.0,22.22,14.43,44.96,Universal Analysis Mode,Warning,Maintenance inspection recommended soon.
CZK,200,1987,51000.0,27.46,18.44,43.25,Universal Analysis Mode,Warning,Maintenance inspection recommended soon.
CZK,200,1988,45000.0,21.42,14.92,38.95,Universal Analysis Mode,Warning,Maintenance inspection recommended soon.
CZK,200,1989,47000.0,24.87,18.23,40.64,Universal Analysis Mode,Warning,Maintenance inspection recommended soon.
CZK,200,1990,50000.0,30.88,23.73,44.84,Universal Analysis Mode,Warning,Maintenance inspection recommended soon.
CZK,200,1991,69000.0,24.95,20.0,45.5,Universal Analysis Mode,Warning,Maintenance inspection recommended soon.
CZK,200,1992,82000.0,23.39,19.32,42.25,Universal Analysis Mode,Warning,Maintenance inspection recommended soon.
CZK,200,1993,49800.0,20.01,16.97,31.01,Universal Analysis Mode,Warning,Maintenance inspection recommended soon.
CZK,200,1994,49800.0,18.26,15.82,30.45,Universal Analysis Mode,Warning,Maintenance inspection recommended soon.
CZK,200,1995,49800.0,19.1,17.02,30.37,Universal Analysis Mode,Warning,Maintenance inspection recommended soon.
CZK,200,1996,49800.0,22.48,20.67,31.13,Universal Analysis Mode,Warning,Maintenance inspection recommended soon.
CZK,200,1997,49800.0,20.38,19.09,30.95,Universal Analysis Mode,Warning,Maintenance inspection recommended soon.
CZK,200,1998,49800.0,13.62,12.72,29.91,Universal Analysis Mode,Healthy,Machine is safe. Continue regular monitoring.
CZK,200,1999,49800.0,18.56,17.97,30.65,Universal Analysis Mode,Warning,Maintenance inspection recommended soon.
CZK,200,2000,49800.0,28.5,28.5,33.81,Universal Analysis Mode,Warning,Maintenance inspection recommended soon.
CZK,200,2001,49800.0,23.7,24.44,33.74,Universal Analysis Mode,Warning,Maintenance inspection recommended soon.
CZK,200,2002,49800.0,23.72,25.02,33.32,Universal Analysis Mode,Warning,Maintenance inspection recommended soon.
CZK,200,2003,49800.0,26.54,28.83,35.42,Universal Analysis Mode,Warning,Maintenance inspection recommended soon.
CZK,200,2004,49800.0,34.3,38.26,35.92,Universal Analysis Mode,Warning,Maintenance inspection recommended soon.
CZK,200,2005,49800.0,47.26,54.52,37.16,Universal Analysis Mode,Warning,Maintenance inspection recommended soon.
CZK,200,2006,49800.0,55.37,65.14,36.58,Universal Analysis Mode,Warning,Maintenance inspection recommended soon.
CZK,200,2007,49800.0,60.12,72.39,36.53,Universal Analysis Mode,Warning,Maintenance inspection recommended soon.
CZK,200,2008,49800.0,77.79,97.26,37.19,Universal Analysis Mode,Warning,Maintenance inspection recommended soon.
CZK,200,2009,49800.0,49.5,61.67,34.07,Universal Analysis Mode,Warning,Maintenance inspection recommended soon.
CZK,200,2010,49800.0,62.78,79.5,34.82,Universal Analysis Mode,Warning,Maintenance inspection recommended soon.
CZK,200,2011,49800.0,85.17,111.26,34.28,Universal Analysis Mode,Warning,Maintenance inspection recommended soon.
CZK,200,2012,49800.0,83.75,111.67,33.15,Universal Analysis Mode,Warning,Maintenance inspection recommended soon.
CZK,200,2013,49800.0,80.32,108.66,33.38,Universal Analysis Mode,Warning,Maintenance inspection recommended soon.
CZK,200,2014,49800.0,71.97,98.95,34.42,Universal Analysis Mode,Warning,Maintenance inspection recommended soon.
DNK,208,1932,49800.0,10.86,0.87,29.13,Universal Analysis Mode,Healthy,Machine is safe. Continue regular monitoring.
DNK,208,1933,49800.0,8.82,0.67,29.12,Universal Analysis Mode,Healthy,Machine is safe. Continue regular monitoring.
DNK,208,1934,49800.0,12.72,1.0,29.6,Universal Analysis Mode,Healthy,Machine is safe. Continue regular monitoring.
DNK,208,1935,49800.0,12.04,0.97,29.25,Universal Analysis Mode,Healthy,Machine is safe. Continue regular monitoring.
DNK,208,1936,49800.0,13.38,1.09,29.56,Universal Analysis Mode,Healthy,Machine is safe. Continue regular monitoring.
DNK,208,1937,49800.0,13.98,1.18,29.33,Universal Analysis Mode,Healthy,Machine is safe. Continue regular monitoring.
DNK,208,1938,49800.0,13.66,1.13,29.36,Universal Analysis Mode,Healthy,Machine is safe. Continue regular monitoring.
DNK,208,1939,49800.0,12.5,1.02,29.29,Universal Analysis Mode,Healthy,Machine is safe. Continue regular monitoring.
DNK,208,1940,49800.0,12.38,1.02,29.21,Universal Analysis Mode,Healthy,Machine is safe. Continue regular monitoring.
DNK,208,1941,49800.0,13.18,1.14,29.24,Universal Analysis Mode,Healthy,Machine is safe. Continue regular monitoring.
DNK,208,1942,49800.0,12.42,1.19,29.06,Universal Analysis Mode,Healthy,Machine is safe. Continue regular monitoring.
DNK,208,1943,49800.0,11.81,1.2,28.81,Universal Analysis Mode,Healthy,Machine is safe. Continue regular monitoring.
DNK,208,1944,49800.0,11.71,1.21,28.77,Universal Analysis Mode,Healthy,Machine is safe. Continue regular monitoring.
DNK,208,1945,49800.0,9.93,1.05,28.44,Universal Analysis Mode,Healthy,Machine is safe. Continue regular monitoring.
DNK,208,1946,49800.0,9.77,1.12,28.33,Universal Analysis Mode,Healthy,Machine is safe. Continue regular monitoring.
DNK,208,1947,49800.0,14.48,1.9,29.29,Universal Analysis Mode,Healthy,Machine is safe. Continue regular monitoring.
DNK,208,1948,49800.0,14.07,1.99,29.32,Universal Analysis Mode,Healthy,Machine is safe. Continue regular monitoring.
DNK,208,1949,49800.0,12.71,1.78,28.87,Universal Analysis Mode,Healthy,Machine is safe. Continue regular monitoring.
DNK,208,1950,49800.0,12.08,1.71,28.7,Universal Analysis Mode,Healthy,Machine is safe. Continue regular monitoring.
DNK,208,1951,49800.0,11.2,1.71,28.51,Universal Analysis Mode,Healthy,Machine is safe. Continue regular monitoring.
DNK,208,1952,49800.0,10.96,1.71,28.49,Universal Analysis Mode,Healthy,Machine is safe. Continue regular monitoring.
DNK,208,1953,49800.0,12.27,1.93,29.0,Universal Analysis Mode,Healthy,Machine is safe. Continue regular monitoring.
DNK,208,1954,49800.0,12.21,1.93,28.89,Universal Analysis Mode,Healthy,Machine is safe. Continue regular monitoring.
DNK,208,1955,49800.0,12.27,1.93,28.55,Universal Analysis Mode,Healthy,Machine is safe. Continue regular monitoring.
DNK,208,1956,49800.0,12.07,1.93,28.53,Universal Analysis Mode,Healthy,Machine is safe. Continue regular monitoring.
DNK,208,1957,49800.0,11.48,1.9,28.26,Universal Analysis Mode,Healthy,Machine is safe. Continue regular monitoring.
DNK,208,1958,49800.0,12.25,2.08,28.7,Universal Analysis Mode,Healthy,Machine is safe. Continue regular monitoring.
DNK,208,1959,49800.0,12.14,2.08,28.72,Universal Analysis Mode,Healthy,Machine is safe. Continue regular monitoring.
DNK,208,1960,0.0,10.91,1.9,24.31,Universal Analysis Mode,Healthy,Machine is safe. Continue regular monitoring.
DNK,208,1961,0.0,10.24,1.8,24.25,Universal Analysis Mode,Healthy,Machine is safe. Continue regular monitoring.
DNK,208,1962,0.0,10.12,1.8,25.11,Universal Analysis Mode,Healthy,Machine is safe. Continue regular monitoring.
DNK,208,1963,0.0,9.99,1.8,24.94,Universal Analysis Mode,Healthy,Machine is safe. Continue regular monitoring.
DNK,208,1964,0.0,9.86,1.8,24.02,Universal Analysis Mode,Healthy,Machine is safe. Continue regular monitoring.
DNK,208,1965,0.0,9.71,1.8,24.63,Universal Analysis Mode,Healthy,Machine is safe. Continue regular monitoring.
DNK,208,1966,0.0,9.41,1.8,23.98,Universal Analysis Mode,Healthy,Machine is safe. Continue regular monitoring.
DNK,208,1967,0.0,9.16,1.8,23.86,Universal Analysis Mode,Healthy,Machine is safe. Continue regular monitoring.
DNK,208,1968,0.0,8.8,1.8,23.61,Universal Analysis Mode,Healthy,Machine is safe. Continue regular monitoring.
DNK,208,1969,0.0,8.35,1.8,23.72,Universal Analysis Mode,Healthy,Machine is safe. Continue regular monitoring.
DNK,208,1970,0.0,7.88,1.8,23.47,Universal Analysis Mode,Healthy,Machine is safe. Continue regular monitoring.
DNK,208,1971,0.0,9.41,2.24,23.8,Universal Analysis Mode,Healthy,Machine is safe. Continue regular monitoring.
DNK,208,1972,76000.0,10.09,2.48,27.45,Universal Analysis Mode,Healthy,Machine is safe. Continue regular monitoring.
DNK,208,1973,68000.0,12.59,3.29,27.62,Universal Analysis Mode,Healthy,Machine is safe. Continue regular monitoring.
DNK,208,1974,89000.0,39.93,11.58,36.59,Universal Analysis Mode,Warning,Maintenance inspection recommended soon.
DNK,208,1975,148000.0,36.44,11.53,39.67,Universal Analysis Mode,Warning,Maintenance inspection recommended soon.
DNK,208,1976,194000.0,38.23,12.8,43.55,Universal Analysis Mode,Warning,Maintenance inspection recommended soon.
DNK,208,1977,503000.0,39.04,13.92,48.3,Universal Analysis Mode,Warning,Maintenance inspection recommended soon.
DNK,208,1978,432000.0,36.54,14.02,47.57,Universal Analysis Mode,Warning,Maintenance inspection recommended soon.
DNK,208,1979,432000.0,74.02,31.61,50.64,Universal Analysis Mode,Warning,Maintenance inspection recommended soon.
DNK,208,1980,298000.0,75.97,36.83,51.31,Universal Analysis Mode,Warning,Maintenance inspection recommended soon.
DNK,208,1981,758000.0,67.14,35.93,52.72,Universal Analysis Mode,Warning,Maintenance inspection recommended soon.
DNK,208,1982,1686000.0,58.02,32.97,53.31,Universal Analysis Mode,Warning,Maintenance inspection recommended soon.
DNK,208,1983,2152000.0,50.39,29.55,55.59,Universal Analysis Mode,Warning,Maintenance inspection recommended soon.
DNK,208,1984,2314000.0,45.82,28.78,53.18,Universal Analysis Mode,Warning,Maintenance inspection recommended soon.
DNK,208,1985,2892000.0,43.43,27.56,53.39,Universal Analysis Mode,Warning,Maintenance inspection recommended soon.
DNK,208,1986,3621000.0,22.22,14.43,50.93,Universal Analysis Mode,Warning,Maintenance inspection recommended soon.
DNK,208,1987,4600000.0,27.46,18.44,50.25,Universal Analysis Mode,Warning,Maintenance inspection recommended soon.
DNK,208,1988,4735000.0,21.42,14.92,48.54,Universal Analysis Mode,Warning,Maintenance inspection recommended soon.
DNK,208,1989,5530000.0,24.87,18.23,49.26,Universal Analysis Mode,Warning,Maintenance inspection recommended soon.
DNK,208,1990,5995000.0,30.88,23.73,54.46,Universal Analysis Mode,Warning,Maintenance inspection recommended soon.
DNK,208,1991,6995000.0,24.95,20.0,54.6,Universal Analysis Mode,Warning,Maintenance inspection recommended soon.
DNK,208,1992,7755000.0,23.39,19.32,53.07,Universal Analysis Mode,Warning,Maintenance inspection recommended soon.
DNK,208,1993,8265000.0,20.01,16.97,54.16,Universal Analysis Mode,Warning,Maintenance inspection recommended soon.
DNK,208,1994,9120000.0,18.26,15.82,58.91,Universal Analysis Mode,Warning,Maintenance inspection recommended soon.
DNK,208,1995,9170000.0,19.1,17.02,52.02,Universal Analysis Mode,Warning,Maintenance inspection recommended soon.
DNK,208,1996,10100000.0,22.48,20.67,52.99,Universal Analysis Mode,Warning,Maintenance inspection recommended soon.
DNK,208,1997,11400000.0,20.38,19.09,59.88,Universal Analysis Mode,Warning,Maintenance inspection recommended soon.
DNK,208,1998,11400000.0,13.62,12.72,58.6,Universal Analysis Mode,Warning,Maintenance inspection recommended soon.
DNK,208,1999,14700000.0,18.56,17.97,59.73,Universal Analysis Mode,Warning,Maintenance inspection recommended soon.
DNK,208,2000,17800000.0,28.5,28.5,63.47,Universal Analysis Mode,Warning,Maintenance inspection recommended soon.
DNK,208,2001,17200000.0,23.7,24.44,63.46,Universal Analysis Mode,Warning,Maintenance inspection recommended soon.
DNK,208,2002,18500000.0,23.72,25.02,62.97,Universal Analysis Mode,Warning,Maintenance inspection recommended soon.
DNK,208,2003,18700000.0,26.54,28.83,65.28,Universal Analysis Mode,Warning,Maintenance inspection recommended soon.
DNK,208,2004,19400000.0,34.3,38.26,66.01,Universal Analysis Mode,Warning,Maintenance inspection recommended soon.
DNK,208,2005,18800000.0,47.26,54.52,67.56,Universal Analysis Mode,Warning,Maintenance inspection recommended soon.
DNK,208,2006,17000000.0,55.37,65.14,66.84,Universal Analysis Mode,Warning,Maintenance inspection recommended soon.
DNK,208,2007,15515474.36,60.12,72.39,66.72,Universal Analysis Mode,Warning,Maintenance inspection recommended soon.
DNK,208,2008,14268341.92,77.79,97.26,67.53,Universal Analysis Mode,Warning,Maintenance inspection recommended soon.
DNK,208,2009,12947037.86,49.5,61.67,63.84,Universal Analysis Mode,Warning,Maintenance inspection recommended soon.
DNK,208,2010,12218899.61,62.78,79.5,64.9,Universal Analysis Mode,Warning,Maintenance inspection recommended soon.
DNK,208,2011,11013088.23,85.17,111.26,64.36,Universal Analysis Mode,Warning,Maintenance inspection recommended soon.
DNK,208,2012,10071859.76,83.75,111.67,62.95,Universal Analysis Mode,Warning,Maintenance inspection recommended soon.
DNK,208,2013,8734978.27,80.32,108.66,63.07,Universal Analysis Mode,Warning,Maintenance inspection recommended soon.
DNK,208,2014,8229435.56,71.97,98.95,56.05,Universal Analysis Mode,Warning,Maintenance inspection recommended soon.
DJI,262,1932,49800.0,10.86,0.87,28.89,Universal Analysis Mode,Healthy,Machine is safe. Continue regular monitoring.
DJI,262,1933,49800.0,8.82,0.67,28.87,Universal Analysis Mode,Healthy,Machine is safe. Continue regular monitoring.
DJI,262,1934,49800.0,12.72,1.0,29.35,Universal Analysis Mode,Healthy,Machine is safe. Continue regular monitoring.
DJI,262,1935,49800.0,12.04,0.97,29.0,Universal Analysis Mode,Healthy,Machine is safe. Continue regular monitoring.
DJI,262,1936,49800.0,13.38,1.09,29.31,Universal Analysis Mode,Healthy,Machine is safe. Continue regular monitoring.
DJI,262,1937,49800.0,13.98,1.18,29.07,Universal Analysis Mode,Healthy,Machine is safe. Continue regular monitoring.
DJI,262,1938,49800.0,13.66,1.13,29.1,Universal Analysis Mode,Healthy,Machine is safe. Continue regular monitoring.
DJI,262,1939,49800.0,12.5,1.02,29.03,Universal Analysis Mode,Healthy,Machine is safe. Continue regular monitoring.
DJI,262,1940,49800.0,12.38,1.02,28.95,Universal Analysis Mode,Healthy,Machine is safe. Continue regular monitoring.
DJI,262,1941,49800.0,13.18,1.14,28.98,Universal Analysis Mode,Healthy,Machine is safe. Continue regular monitoring.
DJI,262,1942,49800.0,12.42,1.19,28.79,Universal Analysis Mode,Healthy,Machine is safe. Continue regular monitoring.
DJI,262,1943,49800.0,11.81,1.2,28.54,Universal Analysis Mode,Healthy,Machine is safe. Continue regular monitoring.
DJI,262,1944,49800.0,11.71,1.21,28.5,Universal Analysis Mode,Healthy,Machine is safe. Continue regular monitoring.
DJI,262,1945,49800.0,9.93,1.05,28.16,Universal Analysis Mode,Healthy,Machine is safe. Continue regular monitoring.
DJI,262,1946,49800.0,9.77,1.12,28.05,Universal Analysis Mode,Healthy,Machine is safe. Continue regular monitoring.
DJI,262,1947,49800.0,14.48,1.9,29.0,Universal Analysis Mode,Healthy,Machine is safe. Continue regular monitoring.
DJI,262,1948,49800.0,14.07,1.99,29.02,Universal Analysis Mode,Healthy,Machine is safe. Continue regular monitoring.
DJI,262,1949,49800.0,12.71,1.78,28.57,Universal Analysis Mode,Healthy,Machine is safe. Continue regular monitoring.
DJI,262,1950,49800.0,12.08,1.71,27.24,Universal Analysis Mode,Healthy,Machine is safe. Continue regular monitoring.
DJI,262,1951,49800.0,11.2,1.71,27.05,Universal Analysis Mode,Healthy,Machine is safe. Continue regular monitoring.
DJI,262,1952,49800.0,10.96,1.71,27.02,Universal Analysis Mode,Healthy,Machine is safe. Continue regular monitoring.
DJI,262,1953,49800.0,12.27,1.93,27.53,Universal Analysis Mode,Healthy,Machine is safe. Continue regular monitoring.
DJI,262,1954,49800.0,12.21,1.93,27.42,Universal Analysis Mode,Healthy,Machine is safe. Continue regular monitoring.
DJI,262,1955,49800.0,12.27,1.93,27.07,Universal Analysis Mode,Healthy,Machine is safe. Continue regular monitoring.
DJI,262,1956,49800.0,12.07,1.93,27.05,Universal Analysis Mode,Healthy,Machine is safe. Continue regular monitoring.
DJI,262,1957,49800.0,11.48,1.9,26.78,Universal Analysis Mode,Healthy,Machine is safe. Continue regular monitoring.
DJI,262,1958,49800.0,12.25,2.08,27.22,Universal Analysis Mode,Healthy,Machine is safe. Continue regular monitoring.
DJI,262,1959,49800.0,12.14,2.08,27.24,Universal Analysis Mode,Healthy,Machine is safe. Continue regular monitoring.
DJI,262,1960,49800.0,10.91,1.9,27.17,Universal Analysis Mode,Healthy,Machine is safe. Continue regular monitoring.
DJI,262,1961,49800.0,10.24,1.8,27.11,Universal Analysis Mode,Healthy,Machine is safe. Continue regular monitoring.
DJI,262,1962,49800.0,10.12,1.8,27.97,Universal Analysis Mode,Healthy,Machine is safe. Continue regular monitoring.
DJI,262,1963,49800.0,9.99,1.8,27.8,Universal Analysis Mode,Healthy,Machine is safe. Continue regular monitoring.
DJI,262,1964,49800.0,9.86,1.8,26.88,Universal Analysis Mode,Healthy,Machine is safe. Continue regular monitoring.
DJI,262,1965,49800.0,9.71,1.8,27.48,Universal Analysis Mode,Healthy,Machine is safe. Continue regular monitoring.
DJI,262,1966,49800.0,9.41,1.8,26.83,Universal Analysis Mode,Healthy,Machine is safe. Continue regular monitoring.
DJI,262,1967,49800.0,9.16,1.8,26.71,Universal Analysis Mode,Healthy,Machine is safe. Continue regular monitoring.
DJI,262,1968,49800.0,8.8,1.8,26.47,Universal Analysis Mode,Healthy,Machine is safe. Continue regular monitoring.
DJI,262,1969,49800.0,8.35,1.8,26.59,Universal Analysis Mode,Healthy,Machine is safe. Continue regular monitoring.
DJI,262,1970,49800.0,7.88,1.8,26.33,Universal Analysis Mode,Healthy,Machine is safe. Continue regular monitoring.
DJI,262,1971,49800.0,9.41,2.24,26.67,Universal Analysis Mode,Healthy,Machine is safe. Continue regular monitoring.
DJI,262,1972,49800.0,10.09,2.48,26.68,Universal Analysis Mode,Healthy,Machine is safe. Continue regular monitoring.
DJI,262,1973,49800.0,12.59,3.29,26.91,Universal Analysis Mode,Healthy,Machine is safe. Continue regular monitoring.
DJI,262,1974,49800.0,39.93,11.58,28.79,Universal Analysis Mode,Healthy,Machine is safe. Continue regular monitoring.
DJI,262,1975,49800.0,36.44,11.53,29.04,Universal Analysis Mode,Healthy,Machine is safe. Continue regular monitoring.
DJI,262,1976,49800.0,38.23,12.8,30.63,Universal Analysis Mode,Warning,Maintenance inspection recommended soon.
DJI,262,1977,0.0,39.04,13.92,28.3,Universal Analysis Mode,Healthy,Machine is safe. Continue regular monitoring.
DJI,262,1978,0.0,36.54,14.02,27.97,Universal Analysis Mode,Healthy,Machine is safe. Continue regular monitoring.
DJI,262,1979,0.0,74.02,31.61,30.35,Universal Analysis Mode,Warning,Maintenance inspection recommended soon.
DJI,262,1980,0.0,75.97,36.83,31.59,Universal Analysis Mode,Warning,Maintenance inspection recommended soon.
DJI,262,1981,0.0,67.14,35.93,32.08,Universal Analysis Mode,Warning,Maintenance inspection recommended soon.
DJI,262,1982,0.0,58.02,32.97,32.17,Universal Analysis Mode,Warning,Maintenance inspection recommended soon.
DJI,262,1983,0.0,50.39,29.55,31.77,Universal Analysis Mode,Warning,Maintenance inspection recommended soon.
DJI,262,1984,0.0,45.82,28.78,31.38,Universal Analysis Mode,Warning,Maintenance inspection recommended soon.
DJI,262,1985,0.0,43.43,27.56,31.1,Universal Analysis Mode,Warning,Maintenance inspection recommended soon.
DJI,262,1986,0.0,22.22,14.43,28.7,Universal Analysis Mode,Healthy,Machine is safe. Continue regular monitoring.
DJI,262,1987,0.0,27.46,18.44,27.77,Universal Analysis Mode,Healthy,Machine is safe. Continue regular monitoring.
DJI,262,1988,0.0,21.42,14.92,26.19,Universal Analysis Mode,Healthy,Machine is safe. Continue regular monitoring.
DJI,262,1989,0.0,24.87,18.23,26.66,Universal Analysis Mode,Healthy,Machine is safe. Continue regular monitoring.
DJI,262,1990,0.0,30.88,23.73,28.64,Universal Analysis Mode,Healthy,Machine is safe. Continue regular monitoring.
DJI,262,1991,0.0,24.95,20.0,28.51,Universal Analysis Mode,Healthy,Machine is safe. Continue regular monitoring.
DJI,262,1992,0.0,23.39,19.32,26.98,Universal Analysis Mode,Healthy,Machine is safe. Continue regular monitoring.
DJI,262,1993,0.0,20.01,16.97,26.57,Universal Analysis Mode,Healthy,Machine is safe. Continue regular monitoring.
DJI,262,1994,0.0,18.26,15.82,26.01,Universal Analysis Mode,Healthy,Machine is safe. Continue regular monitoring.
DJI,262,1995,0.0,19.1,17.02,25.93,Universal Analysis Mode,Healthy,Machine is safe. Continue regular monitoring.
DJI,262,1996,0.0,22.48,20.67,26.7,Universal Analysis Mode,Healthy,Machine is safe. Continue regular monitoring.
DJI,262,1997,0.0,20.38,19.09,26.51,Universal Analysis Mode,Healthy,Machine is safe. Continue regular monitoring.
DJI,262,1998,0.0,13.62,12.72,25.48,Universal Analysis Mode,Healthy,Machine is safe. Continue regular monitoring.
DJI,262,1999,0.0,18.56,17.97,26.22,Universal Analysis Mode,Healthy,Machine is safe. Continue regular monitoring.
DJI,262,2000,0.0,28.5,28.5,29.39,Universal Analysis Mode,Healthy,Machine is safe. Continue regular monitoring.
DJI,262,2001,0.0,23.7,24.44,29.32,Universal Analysis Mode,Healthy,Machine is safe. Continue regular monitoring.
DJI,262,2002,0.0,23.72,25.02,28.9,Universal Analysis Mode,Healthy,Machine is safe. Continue regular monitoring.
DJI,262,2003,0.0,26.54,28.83,31.01,Universal Analysis Mode,Warning,Maintenance inspection recommended soon.
DJI,262,2004,0.0,34.3,38.26,31.5,Universal Analysis Mode,Warning,Maintenance inspection recommended soon.
DJI,262,2005,0.0,47.26,54.52,32.75,Universal Analysis Mode,Warning,Maintenance inspection recommended soon.
DJI,262,2006,0.0,55.37,65.14,32.17,Universal Analysis Mode,Warning,Maintenance inspection recommended soon.
DJI,262,2007,0.0,60.12,72.39,32.12,Universal Analysis Mode,Warning,Maintenance inspection recommended soon.
DJI,262,2008,0.0,77.79,97.26,32.78,Universal Analysis Mode,Warning,Maintenance inspection recommended soon.
DJI,262,2009,0.0,49.5,61.67,29.75,Universal Analysis Mode,Healthy,Machine is safe. Continue regular monitoring.
DJI,262,2010,0.0,62.78,79.5,30.95,Universal Analysis Mode,Warning,Maintenance inspection recommended soon.
DJI,262,2011,0.0,85.17,111.26,30.41,Universal Analysis Mode,Warning,Maintenance inspection recommended soon.
DJI,262,2012,0.0,83.75,111.67,29.27,Universal Analysis Mode,Healthy,Machine is safe. Continue regular monitoring.
DJI,262,2013,0.0,80.32,108.66,29.51,Universal Analysis Mode,Healthy,Machine is safe. Continue regular monitoring.
DJI,262,2014,0.0,71.97,98.95,30.55,Universal Analysis Mode,Warning,Maintenance inspection recommended soon.
DOM,214,1932,49800.0,10.86,0.87,28.86,Universal Analysis Mode,Healthy,Machine is safe. Continue regular monitoring.
DOM,214,1933,49800.0,8.82,0.67,28.85,Universal Analysis Mode,Healthy,Machine is safe. Continue regular monitoring.
DOM,214,1934,49800.0,12.72,1.0,29.33,Universal Analysis Mode,Healthy,Machine is safe. Continue regular monitoring.
DOM,214,1935,49800.0,12.04,0.97,28.99,Universal Analysis Mode,Healthy,Machine is safe. Continue regular monitoring.
DOM,214,1936,49800.0,13.38,1.09,29.3,Universal Analysis Mode,Healthy,Machine is safe. Continue regular monitoring.
DOM,214,1937,49800.0,13.98,1.18,29.07,Universal Analysis Mode,Healthy,Machine is safe. Continue regular monitoring.
DOM,214,1938,49800.0,13.66,1.13,29.11,Universal Analysis Mode,Healthy,Machine is safe. Continue regular monitoring.
DOM,214,1939,49800.0,12.5,1.02,29.04,Universal Analysis Mode,Healthy,Machine is safe. Continue regular monitoring.
DOM,214,1940,49800.0,12.38,1.02,28.97,Universal Analysis Mode,Healthy,Machine is safe. Continue regular monitoring.
DOM,214,1941,49800.0,13.18,1.14,29.0,Universal Analysis Mode,Healthy,Machine is safe. Continue regular monitoring.
DOM,214,1942,49800.0,12.42,1.19,28.81,Universal Analysis Mode,Healthy,Machine is safe. Continue regular monitoring.
DOM,214,1943,49800.0,11.81,1.2,28.57,Universal Analysis Mode,Healthy,Machine is safe. Continue regular monitoring.
DOM,214,1944,49800.0,11.71,1.21,28.53,Universal Analysis Mode,Healthy,Machine is safe. Continue regular monitoring.
DOM,214,1945,49800.0,9.93,1.05,28.2,Universal Analysis Mode,Healthy,Machine is safe. Continue regular monitoring.
DOM,214,1946,49800.0,9.77,1.12,28.09,Universal Analysis Mode,Healthy,Machine is safe. Continue regular monitoring.
DOM,214,1947,49800.0,14.48,1.9,29.05,Universal Analysis Mode,Healthy,Machine is safe. Continue regular monitoring.
DOM,214,1948,49800.0,14.07,1.99,29.08,Universal Analysis Mode,Healthy,Machine is safe. Continue regular monitoring.
DOM,214,1949,49800.0,12.71,1.78,28.64,Universal Analysis Mode,Healthy,Machine is safe. Continue regular monitoring.
DOM,214,1950,49800.0,12.08,1.71,28.49,Universal Analysis Mode,Healthy,Machine is safe. Continue regular monitoring.
DOM,214,1951,49800.0,11.2,1.71,28.3,Universal Analysis Mode,Healthy,Machine is safe. Continue regular monitoring.
DOM,214,1952,49800.0,10.96,1.71,28.29,Universal Analysis Mode,Healthy,Machine is safe. Continue regular monitoring.
DOM,214,1953,49800.0,12.27,1.93,28.8,Universal Analysis Mode,Healthy,Machine is safe. Continue regular monitoring.
DOM,214,1954,49800.0,12.21,1.93,28.7,Universal Analysis Mode,Healthy,Machine is safe. Continue regular monitoring.
DOM,214,1955,49800.0,12.27,1.93,28.36,Universal Analysis Mode,Healthy,Machine is safe. Continue regular monitoring.
DOM,214,1956,49800.0,12.07,1.93,28.35,Universal Analysis Mode,Healthy,Machine is safe. Continue regular monitoring.
DOM,214,1957,49800.0,11.48,1.9,28.09,Universal Analysis Mode,Healthy,Machine is safe. Continue regular monitoring.
DOM,214,1958,49800.0,12.25,2.08,28.55,Universal Analysis Mode,Healthy,Machine is safe. Continue regular monitoring.
DOM,214,1959,49800.0,12.14,2.08,28.58,Universal Analysis Mode,Healthy,Machine is safe. Continue regular monitoring.
DOM,214,1960,0.0,10.91,1.9,24.18,Universal Analysis Mode,Healthy,Machine is safe. Continue regular monitoring.
DOM,214,1961,0.0,10.24,1.8,24.12,Universal Analysis Mode,Healthy,Machine is safe. Continue regular monitoring.
DOM,214,1962,0.0,10.12,1.8,25.0,Universal Analysis Mode,Healthy,Machine is safe. Continue regular monitoring.
DOM,214,1963,0.0,9.99,1.8,24.83,Universal Analysis Mode,Healthy,Machine is safe. Continue regular monitoring.
DOM,214,1964,0.0,9.86,1.8,23.93,Universal Analysis Mode,Healthy,Machine is safe. Continue regular monitoring.
DOM,214,1965,0.0,9.71,1.8,24.54,Universal Analysis Mode,Healthy,Machine is safe. Continue regular monitoring.
DOM,214,1966,0.0,9.41,1.8,23.9,Universal Analysis Mode,Healthy,Machine is safe. Continue regular monitoring.
DOM,214,1967,0.0,9.16,1.8,23.78,Universal Analysis Mode,Healthy,Machine is safe. Continue regular monitoring.
DOM,214,1968,0.0,8.8,1.8,23.55,Universal Analysis Mode,Healthy,Machine is safe. Continue regular monitoring.
DOM,214,1969,0.0,8.35,1.8,23.67,Universal Analysis Mode,Healthy,Machine is safe. Continue regular monitoring.
DOM,214,1970,0.0,7.88,1.8,23.43,Universal Analysis Mode,Healthy,Machine is safe. Continue regular monitoring.
DOM,214,1971,0.0,9.41,2.24,23.78,Universal Analysis Mode,Healthy,Machine is safe. Continue regular monitoring.
DOM,214,1972,0.0,10.09,2.48,23.8,Universal Analysis Mode,Healthy,Machine is safe. Continue regular monitoring.
DOM,214,1973,0.0,12.59,3.29,24.03,Universal Analysis Mode,Healthy,Machine is safe. Continue regular monitoring.
DOM,214,1974,0.0,39.93,11.58,25.91,Universal Analysis Mode,Healthy,Machine is safe. Continue regular monitoring.
DOM,214,1975,0.0,36.44,11.53,26.17,Universal Analysis Mode,Healthy,Machine is safe. Continue regular monitoring.
DOM,214,1976,0.0,38.23,12.8,27.76,Universal Analysis Mode,Healthy,Machine is safe. Continue regular monitoring.
DOM,214,1977,0.0,39.04,13.92,28.96,Universal Analysis Mode,Healthy,Machine is safe. Continue regular monitoring.
DOM,214,1978,0.0,36.54,14.02,28.63,Universal Analysis Mode,Healthy,Machine is safe. Continue regular monitoring.
DOM,214,1979,0.0,74.02,31.61,31.01,Universal Analysis Mode,Warning,Maintenance inspection recommended soon.
DOM,214,1980,0.0,75.97,36.83,32.24,Universal Analysis Mode,Warning,Maintenance inspection recommended soon.
DOM,214,1981,0.0,67.14,35.93,32.72,Universal Analysis Mode,Warning,Maintenance inspection recommended soon.
DOM,214,1982,0.0,58.02,32.97,32.8,Universal Analysis Mode,Warning,Maintenance inspection recommended soon.
DOM,214,1983,0.0,50.39,29.55,32.41,Universal Analysis Mode,Warning,Maintenance inspection recommended soon.
DOM,214,1984,0.0,45.82,28.78,32.42,Universal Analysis Mode,Warning,Maintenance inspection recommended soon.
DOM,214,1985,0.0,43.43,27.56,32.16,Universal Analysis Mode,Warning,Maintenance inspection recommended soon.
DOM,214,1986,0.0,22.22,14.43,27.2,Universal Analysis Mode,Healthy,Machine is safe. Continue regular monitoring.
DOM,214,1987,0.0,27.46,18.44,26.3,Universal Analysis Mode,Healthy,Machine is safe. Continue regular monitoring.
DOM,214,1988,0.0,21.42,14.92,24.76,Universal Analysis Mode,Healthy,Machine is safe. Continue regular monitoring.
DOM,214,1989,0.0,24.87,18.23,25.2,Universal Analysis Mode,Healthy,Machine is safe. Continue regular monitoring.
DOM,214,1990,0.0,30.88,23.73,26.47,Universal Analysis Mode,Healthy,Machine is safe. Continue regular monitoring.
DOM,214,1991,0.0,24.95,20.0,26.35,Universal Analysis Mode,Healthy,Machine is safe. Continue regular monitoring.
DOM,214,1992,0.0,23.39,19.32,24.84,Universal Analysis Mode,Healthy,Machine is safe. Continue regular monitoring.
DOM,214,1993,0.0,20.01,16.97,24.49,Universal Analysis Mode,Healthy,Machine is safe. Continue regular monitoring.
DOM,214,1994,0.0,18.26,15.82,23.92,Universal Analysis Mode,Healthy,Machine is safe. Continue regular monitoring.
DOM,214,1995,0.0,19.1,17.02,23.86,Universal Analysis Mode,Healthy,Machine is safe. Continue regular monitoring.
DOM,214,1996,0.0,22.48,20.67,24.62,Universal Analysis Mode,Healthy,Machine is safe. Continue regular monitoring.
DOM,214,1997,0.0,20.38,19.09,24.46,Universal Analysis Mode,Healthy,Machine is safe. Continue regular monitoring.
DOM,214,1998,0.0,13.62,12.72,23.48,Universal Analysis Mode,Healthy,Machine is safe. Continue regular monitoring.
DOM,214,1999,0.0,18.56,17.97,24.23,Universal Analysis Mode,Healthy,Machine is safe. Continue regular monitoring.
DOM,214,2000,0.0,28.5,28.5,27.38,Universal Analysis Mode,Healthy,Machine is safe. Continue regular monitoring.
DOM,214,2001,0.0,23.7,24.44,27.36,Universal Analysis Mode,Healthy,Machine is safe. Continue regular monitoring.
DOM,214,2002,0.0,23.72,25.02,26.95,Universal Analysis Mode,Healthy,Machine is safe. Continue regular monitoring.
DOM,214,2003,0.0,26.54,28.83,26.11,Universal Analysis Mode,Healthy,Machine is safe. Continue regular monitoring.
DOM,214,2004,0.0,34.3,38.26,26.61,Universal Analysis Mode,Healthy,Machine is safe. Continue regular monitoring.
DOM,214,2005,0.0,47.26,54.52,27.83,Universal Analysis Mode,Healthy,Machine is safe. Continue regular monitoring.
DOM,214,2006,0.0,55.37,65.14,27.27,Universal Analysis Mode,Healthy,Machine is safe. Continue regular monitoring.
DOM,214,2007,0.0,60.12,72.39,27.24,Universal Analysis Mode,Healthy,Machine is safe. Continue regular monitoring.
DOM,214,2008,0.0,77.79,97.26,27.85,Universal Analysis Mode,Healthy,Machine is safe. Continue regular monitoring.
DOM,214,2009,0.0,49.5,61.67,24.9,Universal Analysis Mode,Healthy,Machine is safe. Continue regular monitoring.
DOM,214,2010,0.0,62.78,79.5,25.13,Universal Analysis Mode,Healthy,Machine is safe. Continue regular monitoring.
DOM,214,2011,0.0,85.17,111.26,24.58,Universal Analysis Mode,Healthy,Machine is safe. Continue regular monitoring.
DOM,214,2012,0.0,83.75,111.67,23.45,Universal Analysis Mode,Healthy,Machine is safe. Continue regular monitoring.
DOM,214,2013,0.0,80.32,108.66,28.81,Universal Analysis Mode,Healthy,Machine is safe. Continue regular monitoring.
DOM,214,2014,0.0,71.97,98.95,31.37,Universal Analysis Mode,Warning,Maintenance inspection recommended soon.
TMP,626,1932,49800.0,10.86,0.87,28.59,Universal Analysis Mode,Healthy,Machine is safe. Continue regular monitoring.
TMP,626,1933,49800.0,8.82,0.67,28.57,Universal Analysis Mode,Healthy,Machine is safe. Continue regular monitoring.
TMP,626,1934,49800.0,12.72,1.0,29.05,Universal Analysis Mode,Healthy,Machine is safe. Continue regular monitoring.
TMP,626,1935,49800.0,12.04,0.97,28.7,Universal Analysis Mode,Healthy,Machine is safe. Continue regular monitoring.
TMP,626,1936,49800.0,13.38,1.09,29.0,Universal Analysis Mode,Healthy,Machine is safe. Continue regular monitoring.
TMP,626,1937,49800.0,13.98,1.18,28.77,Universal Analysis Mode,Healthy,Machine is safe. Continue regular monitoring.
TMP,626,1938,49800.0,13.66,1.13,28.79,Universal Analysis Mode,Healthy,Machine is safe. Continue regular monitoring.
TMP,626,1939,49800.0,12.5,1.02,28.72,Universal Analysis Mode,Healthy,Machine is safe. Continue regular monitoring.
TMP,626,1940,49800.0,12.38,1.02,28.64,Universal Analysis Mode,Healthy,Machine is safe. Continue regular monitoring.
TMP,626,1941,49800.0,13.18,1.14,28.67,Universal Analysis Mode,Healthy,Machine is safe. Continue regular monitoring.
TMP,626,1942,49800.0,12.42,1.19,28.48,Universal Analysis Mode,Healthy,Machine is safe. Continue regular monitoring.
TMP,626,1943,49800.0,11.81,1.2,28.22,Universal Analysis Mode,Healthy,Machine is safe. Continue regular monitoring.
TMP,626,1944,49800.0,11.71,1.21,28.18,Universal Analysis Mode,Healthy,Machine is safe. Continue regular monitoring.
TMP,626,1945,49800.0,9.93,1.05,27.84,Universal Analysis Mode,Healthy,Machine is safe. Continue regular monitoring.
TMP,626,1946,49800.0,9.77,1.12,27.73,Universal Analysis Mode,Healthy,Machine is safe. Continue regular monitoring.
TMP,626,1947,49800.0,14.48,1.9,28.67,Universal Analysis Mode,Healthy,Machine is safe. Continue regular monitoring.
TMP,626,1948,49800.0,14.07,1.99,28.7,Universal Analysis Mode,Healthy,Machine is safe. Continue regular monitoring.
TMP,626,1949,49800.0,12.71,1.78,28.25,Universal Analysis Mode,Healthy,Machine is safe. Continue regular monitoring.
TMP,626,1950,49800.0,12.08,1.71,28.08,Universal Analysis Mode,Healthy,Machine is safe. Continue regular monitoring.
TMP,626,1951,49800.0,11.2,1.71,27.89,Universal Analysis Mode,Healthy,Machine is safe. Continue regular monitoring.
TMP,626,1952,49800.0,10.96,1.71,27.86,Universal Analysis Mode,Healthy,Machine is safe. Continue regular monitoring.
TMP,626,1953,49800.0,12.27,1.93,28.37,Universal Analysis Mode,Healthy,Machine is safe. Continue regular monitoring.
TMP,626,1954,49800.0,12.21,1.93,28.26,Universal Analysis Mode,Healthy,Machine is safe. Continue regular monitoring.
TMP,626,1955,49800.0,12.27,1.93,27.91,Universal Analysis Mode,Healthy,Machine is safe. Continue regular monitoring.
TMP,626,1956,49800.0,12.07,1.93,27.89,Universal Analysis Mode,Healthy,Machine is safe. Continue regular monitoring.
TMP,626,1957,49800.0,11.48,1.9,27.62,Universal Analysis Mode,Healthy,Machine is safe. Continue regular monitoring.
TMP,626,1958,49800.0,12.25,2.08,28.07,Universal Analysis Mode,Healthy,Machine is safe. Continue regular monitoring.
TMP,626,1959,49800.0,12.14,2.08,28.09,Universal Analysis Mode,Healthy,Machine is safe. Continue regular monitoring.
TMP,626,1960,49800.0,10.91,1.9,28.03,Universal Analysis Mode,Healthy,Machine is safe. Continue regular monitoring.
TMP,626,1961,49800.0,10.24,1.8,27.97,Universal Analysis Mode,Healthy,Machine is safe. Continue regular monitoring.
TMP,626,1962,49800.0,10.12,1.8,28.83,Universal Analysis Mode,Healthy,Machine is safe. Continue regular monitoring.
TMP,626,1963,49800.0,9.99,1.8,28.66,Universal Analysis Mode,Healthy,Machine is safe. Continue regular monitoring.
TMP,626,1964,49800.0,9.86,1.8,27.74,Universal Analysis Mode,Healthy,Machine is safe. Continue regular monitoring.
TMP,626,1965,49800.0,9.71,1.8,28.35,Universal Analysis Mode,Healthy,Machine is safe. Continue regular monitoring.
TMP,626,1966,49800.0,9.41,1.8,27.7,Universal Analysis Mode,Healthy,Machine is safe. Continue regular monitoring.
TMP,626,1967,49800.0,9.16,1.8,27.58,Universal Analysis Mode,Healthy,Machine is safe. Continue regular monitoring.
TMP,626,1968,49800.0,8.8,1.8,27.34,Universal Analysis Mode,Healthy,Machine is safe. Continue regular monitoring.
TMP,626,1969,49800.0,8.35,1.8,27.45,Universal Analysis Mode,Healthy,Machine is safe. Continue regular monitoring.
TMP,626,1970,49800.0,7.88,1.8,27.2,Universal Analysis Mode,Healthy,Machine is safe. Continue regular monitoring.
TMP,626,1971,49800.0,9.41,2.24,27.53,Universal Analysis Mode,Healthy,Machine is safe. Continue regular monitoring.
TMP,626,1972,49800.0,10.09,2.48,27.55,Universal Analysis Mode,Healthy,Machine is safe. Continue regular monitoring.
TMP,626,1973,49800.0,12.59,3.29,27.77,Universal Analysis Mode,Healthy,Machine is safe. Continue regular monitoring.
TMP,626,1974,49800.0,39.93,11.58,29.65,Universal Analysis Mode,Healthy,Machine is safe. Continue regular monitoring.
TMP,626,1975,49800.0,36.44,11.53,29.84,Universal Analysis Mode,Healthy,Machine is safe. Continue regular monitoring.
TMP,626,1976,49800.0,38.23,12.8,31.43,Universal Analysis Mode,Warning,Maintenance inspection recommended soon.
TMP,626,1977,49800.0,39.04,13.92,32.63,Universal Analysis Mode,Warning,Maintenance inspection recommended soon.
TMP,626,1978,49800.0,36.54,14.02,32.3,Universal Analysis Mode,Warning,Maintenance inspection recommended soon.
TMP,626,1979,49800.0,74.02,31.61,34.68,Universal Analysis Mode,Warning,Maintenance inspection recommended soon.
TMP,626,1980,49800.0,75.97,36.83,35.91,Universal Analysis Mode,Warning,Maintenance inspection recommended soon.
TMP,626,1981,49800.0,67.14,35.93,36.39,Universal Analysis Mode,Warning,Maintenance inspection recommended soon.
TMP,626,1982,49800.0,58.02,32.97,36.48,Universal Analysis Mode,Warning,Maintenance inspection recommended soon.
TMP,626,1983,49800.0,50.39,29.55,36.09,Universal Analysis Mode,Warning,Maintenance inspection recommended soon.
TMP,626,1984,49800.0,45.82,28.78,35.72,Universal Analysis Mode,Warning,Maintenance inspection recommended soon.
TMP,626,1985,49800.0,43.43,27.56,35.45,Universal Analysis Mode,Warning,Maintenance inspection recommended soon.
TMP,626,1986,49800.0,22.22,14.43,33.05,Universal Analysis Mode,Warning,Maintenance inspection recommended soon.
TMP,626,1987,49800.0,27.46,18.44,32.11,Universal Analysis Mode,Warning,Maintenance inspection recommended soon.
TMP,626,1988,49800.0,21.42,14.92,30.53,Universal Analysis Mode,Warning,Maintenance inspection recommended soon.
TMP,626,1989,49800.0,24.87,18.23,30.99,Universal Analysis Mode,Warning,Maintenance inspection recommended soon.
TMP,626,1990,49800.0,30.88,23.73,32.96,Universal Analysis Mode,Warning,Maintenance inspection recommended soon.
TMP,626,1991,49800.0,24.95,20.0,32.85,Universal Analysis Mode,Warning,Maintenance inspection recommended soon.
TMP,626,1992,49800.0,23.39,19.32,31.31,Universal Analysis Mode,Warning,Maintenance inspection recommended soon.
TMP,626,1993,49800.0,20.01,16.97,30.9,Universal Analysis Mode,Warning,Maintenance inspection recommended soon.
TMP,626,1994,49800.0,18.26,15.82,30.34,Universal Analysis Mode,Warning,Maintenance inspection recommended soon.
TMP,626,1995,49800.0,19.1,17.02,30.26,Universal Analysis Mode,Warning,Maintenance inspection recommended soon.
TMP,626,1996,49800.0,22.48,20.67,31.03,Universal Analysis Mode,Warning,Maintenance inspection recommended soon.
TMP,626,1997,49800.0,20.38,19.09,30.85,Universal Analysis Mode,Warning,Maintenance inspection recommended soon.
TMP,626,1998,49800.0,13.62,12.72,29.81,Universal Analysis Mode,Healthy,Machine is safe. Continue regular monitoring.
TMP,626,1999,49800.0,18.56,17.97,30.55,Universal Analysis Mode,Warning,Maintenance inspection recommended soon.
TMP,626,2000,49800.0,28.5,28.5,34.56,Universal Analysis Mode,Warning,Maintenance inspection recommended soon.
TMP,626,2001,49800.0,23.7,24.44,34.49,Universal Analysis Mode,Warning,Maintenance inspection recommended soon.
TMP,626,2002,0.0,23.72,25.02,30.54,Universal Analysis Mode,Warning,Maintenance inspection recommended soon.
TMP,626,2003,0.0,26.54,28.83,32.64,Universal Analysis Mode,Warning,Maintenance inspection recommended soon.
TMP,626,2004,2585110.03,34.3,38.26,58.0,Universal Analysis Mode,Warning,Maintenance inspection recommended soon.
TMP,626,2005,4702348.07,47.26,54.52,59.86,Universal Analysis Mode,Warning,Maintenance inspection recommended soon.
TMP,626,2006,5024888.23,55.37,65.14,59.41,Universal Analysis Mode,Warning,Maintenance inspection recommended soon.
TMP,626,2007,3908466.85,60.12,72.39,59.23,Universal Analysis Mode,Warning,Maintenance inspection recommended soon.
TMP,626,2008,4980374.99,77.79,97.26,60.21,Universal Analysis Mode,Warning,Maintenance inspection recommended soon.
TMP,626,2009,4794044.81,49.5,61.67,56.4,Universal Analysis Mode,Warning,Maintenance inspection recommended soon.
TMP,626,2010,4357431.77,62.78,79.5,57.63,Universal Analysis Mode,Warning,Maintenance inspection recommended soon.
TMP,626,2011,4170375.01,85.17,111.26,57.23,Universal Analysis Mode,Warning,Maintenance inspection recommended soon.
TMP,626,2012,3958828.09,83.75,111.67,51.69,Universal Analysis Mode,Warning,Maintenance inspection recommended soon.
TMP,626,2013,3947024.99,80.32,108.66,51.9,Universal Analysis Mode,Warning,Maintenance inspection recommended soon.
TMP,626,2014,3809222.42,71.97,98.95,52.86,Universal Analysis Mode,Warning,Maintenance inspection recommended soon.
ECU,218,1932,218169.0,10.86,0.87,34.12,Universal Analysis Mode,Warning,Maintenance inspection recommended soon.
ECU,218,1933,221311.0,8.82,0.67,32.33,Universal Analysis Mode,Warning,Maintenance inspection recommended soon.
ECU,218,1934,223634.0,12.72,1.0,35.14,Universal Analysis Mode,Warning,Maintenance inspection recommended soon.
ECU,218,1935,236612.0,12.04,0.97,34.82,Universal Analysis Mode,Warning,Maintenance inspection recommended soon.
ECU,218,1936,265301.0,13.38,1.09,36.22,Universal Analysis Mode,Warning,Maintenance inspection recommended soon.
ECU,218,1937,295219.0,13.98,1.18,36.5,Universal Analysis Mode,Warning,Maintenance inspection recommended soon.
ECU,218,1938,306831.0,13.66,1.13,36.58,Universal Analysis Mode,Warning,Maintenance inspection recommended soon.
ECU,218,1939,315984.0,12.5,1.02,36.35,Universal Analysis Mode,Warning,Maintenance inspection recommended soon.
ECU,218,1940,320902.0,12.38,1.02,36.31,Universal Analysis Mode,Warning,Maintenance inspection recommended soon.
ECU,218,1941,212705.0,13.18,1.14,34.33,Universal Analysis Mode,Warning,Maintenance inspection recommended soon.
ECU,218,1942,311202.0,12.42,1.19,36.12,Universal Analysis Mode,Warning,Maintenance inspection recommended soon.
ECU,218,1943,316257.0,11.81,1.2,35.83,Universal Analysis Mode,Warning,Maintenance inspection recommended soon.
ECU,218,1944,405328.0,11.71,1.21,36.76,Universal Analysis Mode,Warning,Maintenance inspection recommended soon.
ECU,218,1945,363934.0,9.93,1.05,35.51,Universal Analysis Mode,Warning,Maintenance inspection recommended soon.
ECU,218,1946,317350.0,9.77,1.12,34.56,Universal Analysis Mode,Warning,Maintenance inspection recommended soon.
ECU,218,1947,311749.0,14.48,1.9,36.99,Universal Analysis Mode,Warning,Maintenance inspection recommended soon.
ECU,218,1948,3501639.0,14.07,1.99,44.86,Universal Analysis Mode,Warning,Maintenance inspection recommended soon.
ECU,218,1949,357514.0,12.71,1.78,36.77,Universal Analysis Mode,Warning,Maintenance inspection recommended soon.
ECU,218,1950,359563.0,12.08,1.71,36.4,Universal Analysis Mode,Warning,Maintenance inspection recommended soon.
ECU,218,1951,369945.0,11.2,1.71,36.03,Universal Analysis Mode,Warning,Maintenance inspection recommended soon.
ECU,218,1952,387842.0,10.96,1.71,36.7,Universal Analysis Mode,Warning,Maintenance inspection recommended soon.
ECU,218,1953,415301.0,12.27,1.93,38.11,Universal Analysis Mode,Warning,Maintenance inspection recommended soon.
ECU,218,1954,429781.0,12.21,1.93,38.12,Universal Analysis Mode,Warning,Maintenance inspection recommended soon.
ECU,218,1955,491667.0,12.27,1.93,38.36,Universal Analysis Mode,Warning,Maintenance inspection recommended soon.
ECU,218,1956,467213.0,12.07,1.93,38.04,Universal Analysis Mode,Warning,Maintenance inspection recommended soon.
ECU,218,1957,435929.0,11.48,1.9,37.2,Universal Analysis Mode,Warning,Maintenance inspection recommended soon.
ECU,218,1958,424590.0,12.25,2.08,37.84,Universal Analysis Mode,Warning,Maintenance inspection recommended soon.
ECU,218,1959,376913.0,12.14,2.08,36.89,Universal Analysis Mode,Warning,Maintenance inspection recommended soon.
ECU,218,1960,372951.0,10.91,1.9,36.15,Universal Analysis Mode,Warning,Maintenance inspection recommended soon.
ECU,218,1961,399727.0,10.24,1.8,36.15,Universal Analysis Mode,Warning,Maintenance inspection recommended soon.
ECU,218,1962,351503.0,10.12,1.8,35.63,Universal Analysis Mode,Warning,Maintenance inspection recommended soon.
ECU,218,1963,336749.0,9.99,1.8,35.15,Universal Analysis Mode,Warning,Maintenance inspection recommended soon.
ECU,218,1964,381967.0,9.86,1.8,35.35,Universal Analysis Mode,Warning,Maintenance inspection recommended soon.
ECU,218,1965,389344.0,9.71,1.8,35.95,Universal Analysis Mode,Warning,Maintenance inspection recommended soon.
ECU,218,1966,363388.0,9.41,1.8,34.23,Universal Analysis Mode,Warning,Maintenance inspection recommended soon.
ECU,218,1967,310383.0,9.16,1.8,33.3,Universal Analysis Mode,Warning,Maintenance inspection recommended soon.
ECU,218,1968,247951.0,8.8,1.8,34.69,Universal Analysis Mode,Warning,Maintenance inspection recommended soon.
ECU,218,1969,214071.0,8.35,1.8,33.19,Universal Analysis Mode,Warning,Maintenance inspection recommended soon.
ECU,218,1970,193000.0,7.88,1.8,37.53,Universal Analysis Mode,Warning,Maintenance inspection recommended soon.
ECU,218,1971,179000.0,9.41,2.24,36.58,Universal Analysis Mode,Warning,Maintenance inspection recommended soon.
ECU,218,1972,4016000.0,10.09,2.48,46.78,Universal Analysis Mode,Warning,Maintenance inspection recommended soon.
ECU,218,1973,10600000.0,12.59,3.29,48.23,Universal Analysis Mode,Warning,Maintenance inspection recommended soon.
ECU,218,1974,8989000.0,39.93,11.58,50.73,Universal Analysis Mode,Warning,Maintenance inspection recommended soon.
ECU,218,1975,8155000.0,36.44,11.53,50.91,Universal Analysis Mode,Warning,Maintenance inspection recommended soon.
ECU,218,1976,9488000.0,38.23,12.8,52.71,Universal Analysis Mode,Warning,Maintenance inspection recommended soon.
ECU,218,1977,9283000.0,39.04,13.92,53.99,Universal Analysis Mode,Warning,Maintenance inspection recommended soon.
ECU,218,1978,10200000.0,36.54,14.02,53.71,Universal Analysis Mode,Warning,Maintenance inspection recommended soon.
ECU,218,1979,10900000.0,74.02,31.61,56.64,Universal Analysis Mode,Warning,Maintenance inspection recommended soon.
ECU,218,1980,10400000.0,75.97,36.83,57.94,Universal Analysis Mode,Warning,Maintenance inspection recommended soon.
ECU,218,1981,10700000.0,67.14,35.93,58.44,Universal Analysis Mode,Warning,Maintenance inspection recommended soon.
ECU,218,1982,10700000.0,58.02,32.97,58.5,Universal Analysis Mode,Warning,Maintenance inspection recommended soon.
ECU,218,1983,12100000.0,50.39,29.55,58.13,Universal Analysis Mode,Warning,Maintenance inspection recommended soon.
ECU,218,1984,13100000.0,45.82,28.78,57.82,Universal Analysis Mode,Warning,Maintenance inspection recommended soon.
ECU,218,1985,14200000.0,43.43,27.56,57.61,Universal Analysis Mode,Warning,Maintenance inspection recommended soon.
ECU,218,1986,14600000.0,22.22,14.43,58.5,Universal Analysis Mode,Warning,Maintenance inspection recommended soon.
ECU,218,1987,8985000.0,27.46,18.44,57.17,Universal Analysis Mode,Warning,Maintenance inspection recommended soon.
ECU,218,1988,15800000.0,21.42,14.92,55.99,Universal Analysis Mode,Warning,Maintenance inspection recommended soon.
ECU,218,1989,14600000.0,24.87,18.23,56.53,Universal Analysis Mode,Warning,Maintenance inspection recommended soon.
ECU,218,1990,14900000.0,30.88,23.73,59.11,Universal Analysis Mode,Warning,Maintenance inspection recommended soon.
ECU,218,1991,15600000.0,24.95,20.0,59.07,Universal Analysis Mode,Warning,Maintenance inspection recommended soon.
ECU,218,1992,16700000.0,23.39,19.32,57.53,Universal Analysis Mode,Warning,Maintenance inspection recommended soon.
ECU,218,1993,17900000.0,20.01,16.97,57.13,Universal Analysis Mode,Warning,Maintenance inspection recommended soon.
ECU,218,1994,19700000.0,18.26,15.82,56.6,Universal Analysis Mode,Warning,Maintenance inspection recommended soon.
ECU,218,1995,20100000.0,19.1,17.02,56.61,Universal Analysis Mode,Warning,Maintenance inspection recommended soon.
ECU,218,1996,20000000.0,22.48,20.67,57.6,Universal Analysis Mode,Warning,Maintenance inspection recommended soon.
ECU,218,1997,20200000.0,20.38,19.09,57.38,Universal Analysis Mode,Warning,Maintenance inspection recommended soon.
ECU,218,1998,19500000.0,13.62,12.72,55.78,Universal Analysis Mode,Warning,Maintenance inspection recommended soon.
ECU,218,1999,19400000.0,18.56,17.97,56.74,Universal Analysis Mode,Warning,Maintenance inspection recommended soon.
ECU,218,2000,20900000.0,28.5,28.5,60.49,Universal Analysis Mode,Warning,Maintenance inspection recommended soon.
ECU,218,2001,20500000.0,23.7,24.44,60.55,Universal Analysis Mode,Warning,Maintenance inspection recommended soon.
ECU,218,2002,19500000.0,23.72,25.02,60.09,Universal Analysis Mode,Warning,Maintenance inspection recommended soon.
ECU,218,2003,20500000.0,26.54,28.83,62.45,Universal Analysis Mode,Warning,Maintenance inspection recommended soon.
ECU,218,2004,26300000.0,34.3,38.26,63.37,Universal Analysis Mode,Warning,Maintenance inspection recommended soon.
ECU,218,2005,26500000.0,47.26,54.52,64.91,Universal Analysis Mode,Warning,Maintenance inspection recommended soon.
ECU,218,2006,26700000.0,55.37,65.14,64.33,Universal Analysis Mode,Warning,Maintenance inspection recommended soon.
ECU,218,2007,25452181.9,60.12,72.39,64.3,Universal Analysis Mode,Warning,Maintenance inspection recommended soon.
ECU,218,2008,25135433.98,77.79,97.26,65.14,Universal Analysis Mode,Warning,Maintenance inspection recommended soon.
ECU,218,2009,24183890.94,49.5,61.67,61.7,Universal Analysis Mode,Warning,Maintenance inspection recommended soon.
ECU,218,2010,24207133.1,62.78,79.5,61.82,Universal Analysis Mode,Warning,Maintenance inspection recommended soon.
ECU,218,2011,24875748.4,85.17,111.26,61.42,Universal Analysis Mode,Warning,Maintenance inspection recommended soon.
ECU,218,2012,25078886.58,83.75,111.67,60.28,Universal Analysis Mode,Warning,Maintenance inspection recommended soon.
ECU,218,2013,26200397.52,80.32,108.66,56.11,Universal Analysis Mode,Warning,Maintenance inspection recommended soon.
ECU,218,2014,27706630.39,71.97,98.95,54.08,Universal Analysis Mode,Warning,Maintenance inspection recommended soon.
EGY,818,1932,258880.0,10.86,0.87,33.2,Universal Analysis Mode,Warning,Maintenance inspection recommended soon.
EGY,818,1933,227186.0,8.82,0.67,31.64,Universal Analysis Mode,Warning,Maintenance inspection recommended soon.
EGY,818,1934,211202.0,12.72,1.0,33.45,Universal Analysis Mode,Warning,Maintenance inspection recommended soon.
EGY,818,1935,177732.0,12.04,0.97,32.74,Universal Analysis Mode,Warning,Maintenance inspection recommended soon.
EGY,818,1936,174590.0,13.38,1.09,33.13,Universal Analysis Mode,Warning,Maintenance inspection recommended soon.
EGY,818,1937,163388.0,13.98,1.18,32.83,Universal Analysis Mode,Warning,Maintenance inspection recommended soon.
EGY,818,1938,215984.0,13.66,1.13,33.33,Universal Analysis Mode,Warning,Maintenance inspection recommended soon.
EGY,818,1939,637432.0,12.5,1.02,37.01,Universal Analysis Mode,Warning,Maintenance inspection recommended soon.
EGY,818,1940,888661.0,12.38,1.02,38.26,Universal Analysis Mode,Warning,Maintenance inspection recommended soon.
EGY,818,1941,1167486.0,13.18,1.14,39.33,Universal Analysis Mode,Warning,Maintenance inspection recommended soon.
EGY,818,1942,1130464.0,12.42,1.19,38.95,Universal Analysis Mode,Warning,Maintenance inspection recommended soon.
EGY,818,1943,1223087.0,11.81,1.2,38.86,Universal Analysis Mode,Warning,Maintenance inspection recommended soon.
EGY,818,1944,1286339.0,11.71,1.21,38.98,Universal Analysis Mode,Warning,Maintenance inspection recommended soon.
EGY,818,1945,1284973.0,9.93,1.05,38.13,Universal Analysis Mode,Warning,Maintenance inspection recommended soon.
EGY,818,1946,1239071.0,9.77,1.12,37.95,Universal Analysis Mode,Warning,Maintenance inspection recommended soon.
EGY,818,1947,1178552.0,14.48,1.9,40.32,Universal Analysis Mode,Warning,Maintenance inspection recommended soon.
EGY,818,1948,1830328.0,14.07,1.99,40.99,Universal Analysis Mode,Warning,Maintenance inspection recommended soon.
EGY,818,1949,2185383.0,12.71,1.78,40.64,Universal Analysis Mode,Warning,Maintenance inspection recommended soon.
EGY,818,1950,2236749.0,12.08,1.71,46.24,Universal Analysis Mode,Warning,Maintenance inspection recommended soon.
EGY,818,1951,2228279.0,11.2,1.71,45.85,Universal Analysis Mode,Warning,Maintenance inspection recommended soon.
EGY,818,1952,2249180.0,10.96,1.71,45.78,Universal Analysis Mode,Warning,Maintenance inspection recommended soon.
EGY,818,1953,2254235.0,12.27,1.93,46.79,Universal Analysis Mode,Warning,Maintenance inspection recommended soon.
EGY,818,1954,1881694.0,12.21,1.93,45.88,Universal Analysis Mode,Warning,Maintenance inspection recommended soon.
EGY,818,1955,1725956.0,12.27,1.93,45.21,Universal Analysis Mode,Warning,Maintenance inspection recommended soon.
EGY,818,1956,1664617.0,12.07,1.93,45.04,Universal Analysis Mode,Warning,Maintenance inspection recommended soon.
EGY,818,1957,2207240.0,11.48,1.9,45.66,Universal Analysis Mode,Warning,Maintenance inspection recommended soon.
EGY,818,1958,3000000.0,12.25,2.08,47.4,Universal Analysis Mode,Warning,Maintenance inspection recommended soon.
EGY,818,1959,2910246.0,12.14,2.08,47.4,Universal Analysis Mode,Warning,Maintenance inspection recommended soon.
EGY,818,1960,3274317.0,10.91,1.9,47.41,Universal Analysis Mode,Warning,Maintenance inspection recommended soon.
EGY,818,1961,3569536.0,10.24,1.8,47.43,Universal Analysis Mode,Warning,Maintenance inspection recommended soon.
EGY,818,1962,4415437.0,10.12,1.8,48.65,Universal Analysis Mode,Warning,Maintenance inspection recommended soon.
EGY,818,1963,5294945.0,9.99,1.8,48.79,Universal Analysis Mode,Warning,Maintenance inspection recommended soon.
EGY,818,1964,5999317.0,9.86,1.8,50.65,Universal Analysis Mode,Warning,Maintenance inspection recommended soon.
EGY,818,1965,6223497.0,9.71,1.8,51.34,Universal Analysis Mode,Warning,Maintenance inspection recommended soon.
EGY,818,1966,6020492.0,9.41,1.8,50.66,Universal Analysis Mode,Warning,Maintenance inspection recommended soon.
EGY,818,1967,5402596.0,9.16,1.8,50.38,Universal Analysis Mode,Warning,Maintenance inspection recommended soon.
EGY,818,1968,8498087.0,8.8,1.8,50.79,Universal Analysis Mode,Warning,Maintenance inspection recommended soon.
EGY,818,1969,12200000.0,8.35,1.8,51.22,Universal Analysis Mode,Warning,Maintenance inspection recommended soon.
EGY,818,1970,16400000.0,7.88,1.8,51.57,Universal Analysis Mode,Warning,Maintenance inspection recommended soon.
EGY,818,1971,15000000.0,9.41,2.24,51.94,Universal Analysis Mode,Warning,Maintenance inspection recommended soon.
EGY,818,1972,10700000.0,10.09,2.48,51.75,Universal Analysis Mode,Warning,Maintenance inspection recommended soon.
EGY,818,1973,8479000.0,12.59,3.29,52.04,Universal Analysis Mode,Warning,Maintenance inspection recommended soon.
EGY,818,1974,7453000.0,39.93,11.58,54.66,Universal Analysis Mode,Warning,Maintenance inspection recommended soon.
EGY,818,1975,11700000.0,36.44,11.53,55.22,Universal Analysis Mode,Warning,Maintenance inspection recommended soon.
EGY,818,1976,16800000.0,38.23,12.8,57.18,Universal Analysis Mode,Warning,Maintenance inspection recommended soon.
EGY,818,1977,24100000.0,39.04,13.92,58.75,Universal Analysis Mode,Warning,Maintenance inspection recommended soon.
EGY,818,1978,24400000.0,36.54,14.02,58.42,Universal Analysis Mode,Warning,Maintenance inspection recommended soon.
EGY,818,1979,25100000.0,74.02,31.61,61.32,Universal Analysis Mode,Warning,Maintenance inspection recommended soon.
EGY,818,1980,29400000.0,75.97,36.83,62.57,Universal Analysis Mode,Warning,Maintenance inspection recommended soon.
EGY,818,1981,29400000.0,67.14,35.93,63.07,Universal Analysis Mode,Warning,Maintenance inspection recommended soon.
EGY,818,1982,32800000.0,58.02,32.97,63.19,Universal Analysis Mode,Warning,Maintenance inspection recommended soon.
EGY,818,1983,36000000.0,50.39,29.55,62.77,Universal Analysis Mode,Warning,Maintenance inspection recommended soon.
EGY,818,1984,41200000.0,45.82,28.78,62.5,Universal Analysis Mode,Warning,Maintenance inspection recommended soon.
EGY,818,1985,44300000.0,43.43,27.56,62.28,Universal Analysis Mode,Warning,Maintenance inspection recommended soon.
EGY,818,1986,40200000.0,22.22,14.43,63.21,Universal Analysis Mode,Warning,Maintenance inspection recommended soon.
EGY,818,1987,46300000.0,27.46,18.44,62.4,Universal Analysis Mode,Warning,Maintenance inspection recommended soon.
EGY,818,1988,44200000.0,21.42,14.92,60.66,Universal Analysis Mode,Warning,Maintenance inspection recommended soon.
EGY,818,1989,44500000.0,24.87,18.23,61.24,Universal Analysis Mode,Warning,Maintenance inspection recommended soon.
EGY,818,1990,45500000.0,30.88,23.73,64.1,Universal Analysis Mode,Warning,Maintenance inspection recommended soon.
EGY,818,1991,45400000.0,24.95,20.0,63.93,Universal Analysis Mode,Warning,Maintenance inspection recommended soon.
EGY,818,1992,46000000.0,23.39,19.32,62.35,Universal Analysis Mode,Warning,Maintenance inspection recommended soon.
EGY,818,1993,47500000.0,20.01,16.97,61.91,Universal Analysis Mode,Warning,Maintenance inspection recommended soon.
EGY,818,1994,46500000.0,18.26,15.82,61.27,Universal Analysis Mode,Warning,Maintenance inspection recommended soon.
EGY,818,1995,46600000.0,19.1,17.02,61.23,Universal Analysis Mode,Warning,Maintenance inspection recommended soon.
EGY,818,1996,45100000.0,22.48,20.67,62.07,Universal Analysis Mode,Warning,Maintenance inspection recommended soon.
EGY,818,1997,43800000.0,20.38,19.09,61.8,Universal Analysis Mode,Warning,Maintenance inspection recommended soon.
EGY,818,1998,43000000.0,13.62,12.72,60.48,Universal Analysis Mode,Warning,Maintenance inspection recommended soon.
EGY,818,1999,41400000.0,18.56,17.97,61.44,Universal Analysis Mode,Warning,Maintenance inspection recommended soon.
EGY,818,2000,38800000.0,28.5,28.5,65.0,Universal Analysis Mode,Warning,Maintenance inspection recommended soon.
EGY,818,2001,35800000.0,23.7,24.44,64.96,Universal Analysis Mode,Warning,Maintenance inspection recommended soon.
EGY,818,2002,35600000.0,23.72,25.02,64.53,Universal Analysis Mode,Warning,Maintenance inspection recommended soon.
EGY,818,2003,35500000.0,26.54,28.83,70.53,Universal Analysis Mode,Critical,Immediate maintenance required. High failure risk.
EGY,818,2004,33500000.0,34.3,38.26,71.07,Universal Analysis Mode,Critical,Immediate maintenance required. High failure risk.
EGY,818,2005,32800000.0,47.26,54.52,67.41,Universal Analysis Mode,Warning,Maintenance inspection recommended soon.
EGY,818,2006,31500000.0,55.37,65.14,66.7,Universal Analysis Mode,Warning,Maintenance inspection recommended soon.
EGY,818,2007,31723964.52,60.12,72.39,66.84,Universal Analysis Mode,Warning,Maintenance inspection recommended soon.
EGY,818,2008,28912845.65,77.79,97.26,72.99,Universal Analysis Mode,Critical,Immediate maintenance required. High failure risk.
EGY,818,2009,26826373.06,49.5,61.67,69.47,Universal Analysis Mode,Warning,Maintenance inspection recommended soon.
EGY,818,2010,28642503.86,62.78,79.5,68.57,Universal Analysis Mode,Warning,Maintenance inspection recommended soon.
EGY,818,2011,28210403.71,85.17,111.26,68.13,Universal Analysis Mode,Warning,Maintenance inspection recommended soon.
EGY,818,2012,26866283.78,83.75,111.67,66.75,Universal Analysis Mode,Warning,Maintenance inspection recommended soon.
EGY,818,2013,25618211.62,80.32,108.66,59.05,Universal Analysis Mode,Warning,Maintenance inspection recommended soon.
EGY,818,2014,23825411.62,71.97,98.95,59.98,Universal Analysis Mode,Warning,Maintenance inspection recommended soon.
SLV,222,1932,49800.0,10.86,0.87,28.89,Universal Analysis Mode,Healthy,Machine is safe. Continue regular monitoring.
SLV,222,1933,49800.0,8.82,0.67,28.87,Universal Analysis Mode,Healthy,Machine is safe. Continue regular monitoring.
SLV,222,1934,49800.0,12.72,1.0,29.35,Universal Analysis Mode,Healthy,Machine is safe. Continue regular monitoring.
SLV,222,1935,49800.0,12.04,0.97,29.01,Universal Analysis Mode,Healthy,Machine is safe. Continue regular monitoring.
SLV,222,1936,49800.0,13.38,1.09,29.31,Universal Analysis Mode,Healthy,Machine is safe. Continue regular monitoring.
SLV,222,1937,49800.0,13.98,1.18,29.08,Universal Analysis Mode,Healthy,Machine is safe. Continue regular monitoring.
SLV,222,1938,49800.0,13.66,1.13,29.12,Universal Analysis Mode,Healthy,Machine is safe. Continue regular monitoring.
SLV,222,1939,49800.0,12.5,1.02,29.04,Universal Analysis Mode,Healthy,Machine is safe. Continue regular monitoring.
SLV,222,1940,49800.0,12.38,1.02,28.97,Universal Analysis Mode,Healthy,Machine is safe. Continue regular monitoring.
SLV,222,1941,49800.0,13.18,1.14,29.0,Universal Analysis Mode,Healthy,Machine is safe. Continue regular monitoring.
SLV,222,1942,49800.0,12.42,1.19,28.82,Universal Analysis Mode,Healthy,Machine is safe. Continue regular monitoring.
SLV,222,1943,49800.0,11.81,1.2,28.57,Universal Analysis Mode,Healthy,Machine is safe. Continue regular monitoring.
SLV,222,1944,49800.0,11.71,1.21,28.53,Universal Analysis Mode,Healthy,Machine is safe. Continue regular monitoring.
SLV,222,1945,49800.0,9.93,1.05,28.19,Universal Analysis Mode,Healthy,Machine is safe. Continue regular monitoring.
SLV,222,1946,49800.0,9.77,1.12,28.08,Universal Analysis Mode,Healthy,Machine is safe. Continue regular monitoring.
SLV,222,1947,49800.0,14.48,1.9,29.04,Universal Analysis Mode,Healthy,Machine is safe. Continue regular monitoring.
SLV,222,1948,49800.0,14.07,1.99,29.06,Universal Analysis Mode,Healthy,Machine is safe. Continue regular monitoring.
SLV,222,1949,49800.0,12.71,1.78,28.62,Universal Analysis Mode,Healthy,Machine is safe. Continue regular monitoring.
SLV,222,1950,49800.0,12.08,1.71,28.45,Universal Analysis Mode,Healthy,Machine is safe. Continue regular monitoring.
SLV,222,1951,49800.0,11.2,1.71,28.27,Universal Analysis Mode,Healthy,Machine is safe. Continue regular monitoring.
SLV,222,1952,49800.0,10.96,1.71,28.25,Universal Analysis Mode,Healthy,Machine is safe. Continue regular monitoring.
SLV,222,1953,49800.0,12.27,1.93,28.77,Universal Analysis Mode,Healthy,Machine is safe. Continue regular monitoring.
SLV,222,1954,49800.0,12.21,1.93,28.67,Universal Analysis Mode,Healthy,Machine is safe. Continue regular monitoring.
SLV,222,1955,49800.0,12.27,1.93,28.32,Universal Analysis Mode,Healthy,Machine is safe. Continue regular monitoring.
SLV,222,1956,49800.0,12.07,1.93,28.3,Universal Analysis Mode,Healthy,Machine is safe. Continue regular monitoring.
SLV,222,1957,49800.0,11.48,1.9,28.04,Universal Analysis Mode,Healthy,Machine is safe. Continue regular monitoring.
SLV,222,1958,49800.0,12.25,2.08,28.49,Universal Analysis Mode,Healthy,Machine is safe. Continue regular monitoring.
SLV,222,1959,49800.0,12.14,2.08,28.51,Universal Analysis Mode,Healthy,Machine is safe. Continue regular monitoring.
SLV,222,1960,0.0,10.91,1.9,24.1,Universal Analysis Mode,Healthy,Machine is safe. Continue regular monitoring.
SLV,222,1961,0.0,10.24,1.8,24.05,Universal Analysis Mode,Healthy,Machine is safe. Continue regular monitoring.
SLV,222,1962,0.0,10.12,1.8,24.92,Universal Analysis Mode,Healthy,Machine is safe. Continue regular monitoring.
SLV,222,1963,0.0,9.99,1.8,24.75,Universal Analysis Mode,Healthy,Machine is safe. Continue regular monitoring.
SLV,222,1964,0.0,9.86,1.8,23.85,Universal Analysis Mode,Healthy,Machine is safe. Continue regular monitoring.
SLV,222,1965,0.0,9.71,1.8,24.46,Universal Analysis Mode,Healthy,Machine is safe. Continue regular monitoring.
SLV,222,1966,0.0,9.41,1.8,23.83,Universal Analysis Mode,Healthy,Machine is safe. Continue regular monitoring.
SLV,222,1967,0.0,9.16,1.8,23.72,Universal Analysis Mode,Healthy,Machine is safe. Continue regular monitoring.
SLV,222,1968,0.0,8.8,1.8,23.48,Universal Analysis Mode,Healthy,Machine is safe. Continue regular monitoring.
SLV,222,1969,0.0,8.35,1.8,23.61,Universal Analysis Mode,Healthy,Machine is safe. Continue regular monitoring.
SLV,222,1970,0.0,7.88,1.8,23.37,Universal Analysis Mode,Healthy,Machine is safe. Continue regular monitoring.
SLV,222,1971,0.0,9.41,2.24,23.71,Universal Analysis Mode,Healthy,Machine is safe. Continue regular monitoring.
SLV,222,1972,0.0,10.09,2.48,23.72,Universal Analysis Mode,Healthy,Machine is safe. Continue regular monitoring.
SLV,222,1973,0.0,12.59,3.29,23.96,Universal Analysis Mode,Healthy,Machine is safe. Continue regular monitoring.
SLV,222,1974,0.0,39.93,11.58,25.83,Universal Analysis Mode,Healthy,Machine is safe. Continue regular monitoring.
SLV,222,1975,0.0,36.44,11.53,26.1,Universal Analysis Mode,Healthy,Machine is safe. Continue regular monitoring.
SLV,222,1976,0.0,38.23,12.8,27.69,Universal Analysis Mode,Healthy,Machine is safe. Continue regular monitoring.
SLV,222,1977,0.0,39.04,13.92,28.9,Universal Analysis Mode,Healthy,Machine is safe. Continue regular monitoring.
SLV,222,1978,0.0,36.54,14.02,28.57,Universal Analysis Mode,Healthy,Machine is safe. Continue regular monitoring.
SLV,222,1979,0.0,74.02,31.61,30.96,Universal Analysis Mode,Warning,Maintenance inspection recommended soon.
SLV,222,1980,0.0,75.97,36.83,32.19,Universal Analysis Mode,Warning,Maintenance inspection recommended soon.
SLV,222,1981,0.0,67.14,35.93,32.66,Universal Analysis Mode,Warning,Maintenance inspection recommended soon.
SLV,222,1982,0.0,58.02,32.97,32.74,Universal Analysis Mode,Warning,Maintenance inspection recommended soon.
SLV,222,1983,0.0,50.39,29.55,32.35,Universal Analysis Mode,Warning,Maintenance inspection recommended soon.
SLV,222,1984,0.0,45.82,28.78,31.97,Universal Analysis Mode,Warning,Maintenance inspection recommended soon.
SLV,222,1985,0.0,43.43,27.56,31.7,Universal Analysis Mode,Warning,Maintenance inspection recommended soon.
SLV,222,1986,0.0,22.22,14.43,26.57,Universal Analysis Mode,Healthy,Machine is safe. Continue regular monitoring.
SLV,222,1987,0.0,27.46,18.44,25.62,Universal Analysis Mode,Healthy,Machine is safe. Continue regular monitoring.
SLV,222,1988,0.0,21.42,14.92,24.06,Universal Analysis Mode,Healthy,Machine is safe. Continue regular monitoring.
SLV,222,1989,0.0,24.87,18.23,24.52,Universal Analysis Mode,Healthy,Machine is safe. Continue regular monitoring.
SLV,222,1990,0.0,30.88,23.73,25.76,Universal Analysis Mode,Healthy,Machine is safe. Continue regular monitoring.
SLV,222,1991,0.0,24.95,20.0,25.64,Universal Analysis Mode,Healthy,Machine is safe. Continue regular monitoring.
SLV,222,1992,0.0,23.39,19.32,24.11,Universal Analysis Mode,Healthy,Machine is safe. Continue regular monitoring.
SLV,222,1993,0.0,20.01,16.97,23.69,Universal Analysis Mode,Healthy,Machine is safe. Continue regular monitoring.
SLV,222,1994,0.0,18.26,15.82,23.12,Universal Analysis Mode,Healthy,Machine is safe. Continue regular monitoring.
SLV,222,1995,0.0,19.1,17.02,23.11,Universal Analysis Mode,Healthy,Machine is safe. Continue regular monitoring.
SLV,222,1996,0.0,22.48,20.67,23.85,Universal Analysis Mode,Healthy,Machine is safe. Continue regular monitoring.
SLV,222,1997,0.0,20.38,19.09,23.66,Universal Analysis Mode,Healthy,Machine is safe. Continue regular monitoring.
SLV,222,1998,0.0,13.62,12.72,22.64,Universal Analysis Mode,Healthy,Machine is safe. Continue regular monitoring.
SLV,222,1999,0.0,18.56,17.97,23.34,Universal Analysis Mode,Healthy,Machine is safe. Continue regular monitoring.
SLV,222,2000,0.0,28.5,28.5,26.47,Universal Analysis Mode,Healthy,Machine is safe. Continue regular monitoring.
SLV,222,2001,0.0,23.7,24.44,26.8,Universal Analysis Mode,Healthy,Machine is safe. Continue regular monitoring.
SLV,222,2002,0.0,23.72,25.02,26.41,Universal Analysis Mode,Healthy,Machine is safe. Continue regular monitoring.
SLV,222,2003,0.0,26.54,28.83,28.78,Universal Analysis Mode,Healthy,Machine is safe. Continue regular monitoring.
SLV,222,2004,0.0,34.3,38.26,29.27,Universal Analysis Mode,Healthy,Machine is safe. Continue regular monitoring.
SLV,222,2005,0.0,47.26,54.52,30.5,Universal Analysis Mode,Warning,Maintenance inspection recommended soon.
SLV,222,2006,0.0,55.37,65.14,29.95,Universal Analysis Mode,Healthy,Machine is safe. Continue regular monitoring.
SLV,222,2007,0.0,60.12,72.39,29.88,Universal Analysis Mode,Healthy,Machine is safe. Continue regular monitoring.
SLV,222,2008,0.0,77.79,97.26,30.57,Universal Analysis Mode,Warning,Maintenance inspection recommended soon.
SLV,222,2009,0.0,49.5,61.67,26.7,Universal Analysis Mode,Healthy,Machine is safe. Continue regular monitoring.
SLV,222,2010,0.0,62.78,79.5,27.64,Universal Analysis Mode,Healthy,Machine is safe. Continue regular monitoring.
SLV,222,2011,0.0,85.17,111.26,27.08,Universal Analysis Mode,Healthy,Machine is safe. Continue regular monitoring.
SLV,222,2012,0.0,83.75,111.67,25.93,Universal Analysis Mode,Healthy,Machine is safe. Continue regular monitoring.
SLV,222,2013,0.0,80.32,108.66,29.75,Universal Analysis Mode,Healthy,Machine is safe. Continue regular monitoring.
SLV,222,2014,0.0,71.97,98.95,30.79,Universal Analysis Mode,Warning,Maintenance inspection recommended soon.
GNQ,226,1932,49800.0,10.86,0.87,28.85,Universal Analysis Mode,Healthy,Machine is safe. Continue regular monitoring.
GNQ,226,1933,49800.0,8.82,0.67,28.83,Universal Analysis Mode,Healthy,Machine is safe. Continue regular monitoring.
GNQ,226,1934,49800.0,12.72,1.0,29.31,Universal Analysis Mode,Healthy,Machine is safe. Continue regular monitoring.
GNQ,226,1935,49800.0,12.04,0.97,28.95,Universal Analysis Mode,Healthy,Machine is safe. Continue regular monitoring.
GNQ,226,1936,49800.0,13.38,1.09,29.26,Universal Analysis Mode,Healthy,Machine is safe. Continue regular monitoring.
GNQ,226,1937,49800.0,13.98,1.18,29.03,Universal Analysis Mode,Healthy,Machine is safe. Continue regular monitoring.
GNQ,226,1938,49800.0,13.66,1.13,29.06,Universal Analysis Mode,Healthy,Machine is safe. Continue regular monitoring.
GNQ,226,1939,49800.0,12.5,1.02,28.98,Universal Analysis Mode,Healthy,Machine is safe. Continue regular monitoring.
GNQ,226,1940,49800.0,12.38,1.02,28.91,Universal Analysis Mode,Healthy,Machine is safe. Continue regular monitoring.
GNQ,226,1941,49800.0,13.18,1.14,28.93,Universal Analysis Mode,Healthy,Machine is safe. Continue regular monitoring.
GNQ,226,1942,49800.0,12.42,1.19,28.74,Universal Analysis Mode,Healthy,Machine is safe. Continue regular monitoring.
GNQ,226,1943,49800.0,11.81,1.2,28.49,Universal Analysis Mode,Healthy,Machine is safe. Continue regular monitoring.
GNQ,226,1944,49800.0,11.71,1.21,28.45,Universal Analysis Mode,Healthy,Machine is safe. Continue regular monitoring.
GNQ,226,1945,49800.0,9.93,1.05,28.11,Universal Analysis Mode,Healthy,Machine is safe. Continue regular monitoring.
GNQ,226,1946,49800.0,9.77,1.12,28.0,Universal Analysis Mode,Healthy,Machine is safe. Continue regular monitoring.
GNQ,226,1947,49800.0,14.48,1.9,28.95,Universal Analysis Mode,Healthy,Machine is safe. Continue regular monitoring.
GNQ,226,1948,49800.0,14.07,1.99,28.97,Universal Analysis Mode,Healthy,Machine is safe. Continue regular monitoring.
GNQ,226,1949,49800.0,12.71,1.78,28.53,Universal Analysis Mode,Healthy,Machine is safe. Continue regular monitoring.
GNQ,226,1950,49800.0,12.08,1.71,27.25,Universal Analysis Mode,Healthy,Machine is safe. Continue regular monitoring.
GNQ,226,1951,49800.0,11.2,1.71,27.06,Universal Analysis Mode,Healthy,Machine is safe. Continue regular monitoring.
GNQ,226,1952,49800.0,10.96,1.71,27.04,Universal Analysis Mode,Healthy,Machine is safe. Continue regular monitoring.
GNQ,226,1953,49800.0,12.27,1.93,27.54,Universal Analysis Mode,Healthy,Machine is safe. Continue regular monitoring.
GNQ,226,1954,49800.0,12.21,1.93,27.44,Universal Analysis Mode,Healthy,Machine is safe. Continue regular monitoring.
GNQ,226,1955,49800.0,12.27,1.93,27.09,Universal Analysis Mode,Healthy,Machine is safe. Continue regular monitoring.
GNQ,226,1956,49800.0,12.07,1.93,27.07,Universal Analysis Mode,Healthy,Machine is safe. Continue regular monitoring.
GNQ,226,1957,49800.0,11.48,1.9,26.8,Universal Analysis Mode,Healthy,Machine is safe. Continue regular monitoring.
GNQ,226,1958,49800.0,12.25,2.08,27.24,Universal Analysis Mode,Healthy,Machine is safe. Continue regular monitoring.
GNQ,226,1959,49800.0,12.14,2.08,27.26,Universal Analysis Mode,Healthy,Machine is safe. Continue regular monitoring.
GNQ,226,1960,49800.0,10.91,1.9,27.19,Universal Analysis Mode,Healthy,Machine is safe. Continue regular monitoring.
GNQ,226,1961,49800.0,10.24,1.8,27.13,Universal Analysis Mode,Healthy,Machine is safe. Continue regular monitoring.
GNQ,226,1962,49800.0,10.12,1.8,27.99,Universal Analysis Mode,Healthy,Machine is safe. Continue regular monitoring.
GNQ,226,1963,49800.0,9.99,1.8,27.82,Universal Analysis Mode,Healthy,Machine is safe. Continue regular monitoring.
GNQ,226,1964,49800.0,9.86,1.8,26.9,Universal Analysis Mode,Healthy,Machine is safe. Continue regular monitoring.
GNQ,226,1965,49800.0,9.71,1.8,27.5,Universal Analysis Mode,Healthy,Machine is safe. Continue regular monitoring.
GNQ,226,1966,49800.0,9.41,1.8,26.85,Universal Analysis Mode,Healthy,Machine is safe. Continue regular monitoring.
GNQ,226,1967,49800.0,9.16,1.8,26.73,Universal Analysis Mode,Healthy,Machine is safe. Continue regular monitoring.
GNQ,226,1968,0.0,8.8,1.8,22.95,Universal Analysis Mode,Healthy,Machine is safe. Continue regular monitoring.
GNQ,226,1969,0.0,8.35,1.8,23.06,Universal Analysis Mode,Healthy,Machine is safe. Continue regular monitoring.
GNQ,226,1970,0.0,7.88,1.8,22.81,Universal Analysis Mode,Healthy,Machine is safe. Continue regular monitoring.
GNQ,226,1971,0.0,9.41,2.24,23.14,Universal Analysis Mode,Healthy,Machine is safe. Continue regular monitoring.
GNQ,226,1972,0.0,10.09,2.48,23.15,Universal Analysis Mode,Healthy,Machine is safe. Continue regular monitoring.
GNQ,226,1973,0.0,12.59,3.29,23.37,Universal Analysis Mode,Healthy,Machine is safe. Continue regular monitoring.
GNQ,226,1974,0.0,39.93,11.58,25.23,Universal Analysis Mode,Healthy,Machine is safe. Continue regular monitoring.
GNQ,226,1975,0.0,36.44,11.53,25.46,Universal Analysis Mode,Healthy,Machine is safe. Continue regular monitoring.
GNQ,226,1976,0.0,38.23,12.8,27.04,Universal Analysis Mode,Healthy,Machine is safe. Continue regular monitoring.
GNQ,226,1977,0.0,39.04,13.92,28.23,Universal Analysis Mode,Healthy,Machine is safe. Continue regular monitoring.
GNQ,226,1978,0.0,36.54,14.02,27.89,Universal Analysis Mode,Healthy,Machine is safe. Continue regular monitoring.
GNQ,226,1979,0.0,74.02,31.61,30.28,Universal Analysis Mode,Warning,Maintenance inspection recommended soon.
GNQ,226,1980,0.0,75.97,36.83,31.53,Universal Analysis Mode,Warning,Maintenance inspection recommended soon.
GNQ,226,1981,0.0,67.14,35.93,32.02,Universal Analysis Mode,Warning,Maintenance inspection recommended soon.
GNQ,226,1982,0.0,58.02,32.97,32.11,Universal Analysis Mode,Warning,Maintenance inspection recommended soon.
GNQ,226,1983,0.0,50.39,29.55,31.72,Universal Analysis Mode,Warning,Maintenance inspection recommended soon.
GNQ,226,1984,0.0,45.82,28.78,31.35,Universal Analysis Mode,Warning,Maintenance inspection recommended soon.
GNQ,226,1985,0.0,43.43,27.56,31.08,Universal Analysis Mode,Warning,Maintenance inspection recommended soon.
GNQ,226,1986,0.0,22.22,14.43,28.67,Universal Analysis Mode,Healthy,Machine is safe. Continue regular monitoring.
GNQ,226,1987,0.0,27.46,18.44,27.74,Universal Analysis Mode,Healthy,Machine is safe. Continue regular monitoring.
GNQ,226,1988,0.0,21.42,14.92,26.16,Universal Analysis Mode,Healthy,Machine is safe. Continue regular monitoring.
GNQ,226,1989,0.0,24.87,18.23,26.62,Universal Analysis Mode,Healthy,Machine is safe. Continue regular monitoring.
GNQ,226,1990,0.0,30.88,23.73,28.59,Universal Analysis Mode,Healthy,Machine is safe. Continue regular monitoring.
GNQ,226,1991,0.0,24.95,20.0,32.44,Universal Analysis Mode,Warning,Maintenance inspection recommended soon.
GNQ,226,1992,0.0,23.39,19.32,30.98,Universal Analysis Mode,Warning,Maintenance inspection recommended soon.
GNQ,226,1993,204600.0,20.01,16.97,45.61,Universal Analysis Mode,Warning,Maintenance inspection recommended soon.
GNQ,226,1994,245901.6,18.26,15.82,48.29,Universal Analysis Mode,Warning,Maintenance inspection recommended soon.
GNQ,226,1995,314207.7,19.1,17.02,49.52,Universal Analysis Mode,Warning,Maintenance inspection recommended soon.
GNQ,226,1996,860655.8,22.48,20.67,53.64,Universal Analysis Mode,Warning,Maintenance inspection recommended soon.
GNQ,226,1997,2868853.0,20.38,19.09,54.12,Universal Analysis Mode,Warning,Maintenance inspection recommended soon.
GNQ,226,1998,4098361.0,13.62,12.72,53.15,Universal Analysis Mode,Warning,Maintenance inspection recommended soon.
GNQ,226,1999,4508197.0,18.56,17.97,54.19,Universal Analysis Mode,Warning,Maintenance inspection recommended soon.
GNQ,226,2000,5327869.0,28.5,28.5,57.85,Universal Analysis Mode,Warning,Maintenance inspection recommended soon.
GNQ,226,2001,9035630.33,23.7,24.44,58.44,Universal Analysis Mode,Warning,Maintenance inspection recommended soon.
GNQ,226,2002,10600000.0,23.72,25.02,58.39,Universal Analysis Mode,Warning,Maintenance inspection recommended soon.
GNQ,226,2003,10300000.0,26.54,28.83,60.71,Universal Analysis Mode,Warning,Maintenance inspection recommended soon.
GNQ,226,2004,18200000.0,34.3,38.26,61.56,Universal Analysis Mode,Warning,Maintenance inspection recommended soon.
GNQ,226,2005,18100000.0,47.26,54.52,63.15,Universal Analysis Mode,Warning,Maintenance inspection recommended soon.
GNQ,226,2006,17100000.0,55.37,65.14,62.51,Universal Analysis Mode,Warning,Maintenance inspection recommended soon.
GNQ,226,2007,17199419.03,60.12,72.39,66.31,Universal Analysis Mode,Warning,Maintenance inspection recommended soon.
GNQ,226,2008,16774355.11,77.79,97.26,67.3,Universal Analysis Mode,Warning,Maintenance inspection recommended soon.
GNQ,226,2009,16034540.75,49.5,61.67,63.8,Universal Analysis Mode,Warning,Maintenance inspection recommended soon.
GNQ,226,2010,14829480.85,62.78,79.5,65.11,Universal Analysis Mode,Warning,Maintenance inspection recommended soon.
GNQ,226,2011,14042458.09,85.17,111.26,64.64,Universal Analysis Mode,Warning,Maintenance inspection recommended soon.
GNQ,226,2012,14412120.0,83.75,111.67,63.43,Universal Analysis Mode,Warning,Maintenance inspection recommended soon.
GNQ,226,2013,13435903.55,80.32,108.66,57.63,Universal Analysis Mode,Warning,Maintenance inspection recommended soon.
GNQ,226,2014,12350400.0,71.97,98.95,56.28,Universal Analysis Mode,Warning,Maintenance inspection recommended soon.
ERI,232,1932,49800.0,10.86,0.87,28.87,Universal Analysis Mode,Healthy,Machine is safe. Continue regular monitoring.
ERI,232,1933,49800.0,8.82,0.67,28.85,Universal Analysis Mode,Healthy,Machine is safe. Continue regular monitoring.
ERI,232,1934,49800.0,12.72,1.0,29.33,Universal Analysis Mode,Healthy,Machine is safe. Continue regular monitoring.
ERI,232,1935,49800.0,12.04,0.97,28.98,Universal Analysis Mode,Healthy,Machine is safe. Continue regular monitoring.
ERI,232,1936,49800.0,13.38,1.09,29.28,Universal Analysis Mode,Healthy,Machine is safe. Continue regular monitoring.
ERI,232,1937,49800.0,13.98,1.18,29.05,Universal Analysis Mode,Healthy,Machine is safe. Continue regular monitoring.
ERI,232,1938,49800.0,13.66,1.13,29.08,Universal Analysis Mode,Healthy,Machine is safe. Continue regular monitoring.
ERI,232,1939,49800.0,12.5,1.02,29.0,Universal Analysis Mode,Healthy,Machine is safe. Continue regular monitoring.
ERI,232,1940,49800.0,12.38,1.02,28.93,Universal Analysis Mode,Healthy,Machine is safe. Continue regular monitoring.
ERI,232,1941,49800.0,13.18,1.14,28.95,Universal Analysis Mode,Healthy,Machine is safe. Continue regular monitoring.
ERI,232,1942,49800.0,12.42,1.19,28.77,Universal Analysis Mode,Healthy,Machine is safe. Continue regular monitoring.
ERI,232,1943,49800.0,11.81,1.2,28.52,Universal Analysis Mode,Healthy,Machine is safe. Continue regular monitoring.
ERI,232,1944,49800.0,11.71,1.21,28.47,Universal Analysis Mode,Healthy,Machine is safe. Continue regular monitoring.
ERI,232,1945,49800.0,9.93,1.05,28.13,Universal Analysis Mode,Healthy,Machine is safe. Continue regular monitoring.
ERI,232,1946,49800.0,9.77,1.12,28.02,Universal Analysis Mode,Healthy,Machine is safe. Continue regular monitoring.
ERI,232,1947,49800.0,14.48,1.9,28.97,Universal Analysis Mode,Healthy,Machine is safe. Continue regular monitoring.
ERI,232,1948,49800.0,14.07,1.99,29.0,Universal Analysis Mode,Healthy,Machine is safe. Continue regular monitoring.
ERI,232,1949,49800.0,12.71,1.78,28.55,Universal Analysis Mode,Healthy,Machine is safe. Continue regular monitoring.
ERI,232,1950,49800.0,12.08,1.71,27.6,Universal Analysis Mode,Healthy,Machine is safe. Continue regular monitoring.
ERI,232,1951,49800.0,11.2,1.71,27.41,Universal Analysis Mode,Healthy,Machine is safe. Continue regular monitoring.
ERI,232,1952,49800.0,10.96,1.71,27.39,Universal Analysis Mode,Healthy,Machine is safe. Continue regular monitoring.
ERI,232,1953,49800.0,12.27,1.93,27.89,Universal Analysis Mode,Healthy,Machine is safe. Continue regular monitoring.
ERI,232,1954,49800.0,12.21,1.93,27.79,Universal Analysis Mode,Healthy,Machine is safe. Continue regular monitoring.
ERI,232,1955,49800.0,12.27,1.93,27.44,Universal Analysis Mode,Healthy,Machine is safe. Continue regular monitoring.
ERI,232,1956,49800.0,12.07,1.93,27.42,Universal Analysis Mode,Healthy,Machine is safe. Continue regular monitoring.
ERI,232,1957,49800.0,11.48,1.9,27.15,Universal Analysis Mode,Healthy,Machine is safe. Continue regular monitoring.
ERI,232,1958,49800.0,12.25,2.08,27.6,Universal Analysis Mode,Healthy,Machine is safe. Continue regular monitoring.
ERI,232,1959,49800.0,12.14,2.08,27.62,Universal Analysis Mode,Healthy,Machine is safe. Continue regular monitoring.
ERI,232,1960,49800.0,10.91,1.9,27.55,Universal Analysis Mode,Healthy,Machine is safe. Continue regular monitoring.
ERI,232,1961,49800.0,10.24,1.8,27.49,Universal Analysis Mode,Healthy,Machine is safe. Continue regular monitoring.
ERI,232,1962,49800.0,10.12,1.8,28.36,Universal Analysis Mode,Healthy,Machine is safe. Continue regular monitoring.
ERI,232,1963,49800.0,9.99,1.8,28.19,Universal Analysis Mode,Healthy,Machine is safe. Continue regular monitoring.
ERI,232,1964,49800.0,9.86,1.8,27.27,Universal Analysis Mode,Healthy,Machine is safe. Continue regular monitoring.
ERI,232,1965,49800.0,9.71,1.8,27.87,Universal Analysis Mode,Healthy,Machine is safe. Continue regular monitoring.
ERI,232,1966,49800.0,9.41,1.8,27.23,Universal Analysis Mode,Healthy,Machine is safe. Continue regular monitoring.
ERI,232,1967,49800.0,9.16,1.8,27.11,Universal Analysis Mode,Healthy,Machine is safe. Continue regular monitoring.
ERI,232,1968,49800.0,8.8,1.8,26.87,Universal Analysis Mode,Healthy,Machine is safe. Continue regular monitoring.
ERI,232,1969,49800.0,8.35,1.8,27.0,Universal Analysis Mode,Healthy,Machine is safe. Continue regular monitoring.
ERI,232,1970,49800.0,7.88,1.8,26.76,Universal Analysis Mode,Healthy,Machine is safe. Continue regular monitoring.
ERI,232,1971,49800.0,9.41,2.24,27.1,Universal Analysis Mode,Healthy,Machine is safe. Continue regular monitoring.
ERI,232,1972,49800.0,10.09,2.48,27.11,Universal Analysis Mode,Healthy,Machine is safe. Continue regular monitoring.
ERI,232,1973,49800.0,12.59,3.29,27.34,Universal Analysis Mode,Healthy,Machine is safe. Continue regular monitoring.
ERI,232,1974,49800.0,39.93,11.58,29.22,Universal Analysis Mode,Healthy,Machine is safe. Continue regular monitoring.
ERI,232,1975,49800.0,36.44,11.53,29.48,Universal Analysis Mode,Healthy,Machine is safe. Continue regular monitoring.
ERI,232,1976,49800.0,38.23,12.8,31.06,Universal Analysis Mode,Warning,Maintenance inspection recommended soon.
ERI,232,1977,49800.0,39.04,13.92,32.26,Universal Analysis Mode,Warning,Maintenance inspection recommended soon.
ERI,232,1978,49800.0,36.54,14.02,31.93,Universal Analysis Mode,Warning,Maintenance inspection recommended soon.
ERI,232,1979,49800.0,74.02,31.61,34.3,Universal Analysis Mode,Warning,Maintenance inspection recommended soon.
ERI,232,1980,49800.0,75.97,36.83,35.53,Universal Analysis Mode,Warning,Maintenance inspection recommended soon.
ERI,232,1981,49800.0,67.14,35.93,36.02,Universal Analysis Mode,Warning,Maintenance inspection recommended soon.
ERI,232,1982,49800.0,58.02,32.97,36.11,Universal Analysis Mode,Warning,Maintenance inspection recommended soon.
ERI,232,1983,49800.0,50.39,29.55,35.72,Universal Analysis Mode,Warning,Maintenance inspection recommended soon.
ERI,232,1984,49800.0,45.82,28.78,35.35,Universal Analysis Mode,Warning,Maintenance inspection recommended soon.
ERI,232,1985,49800.0,43.43,27.56,35.08,Universal Analysis Mode,Warning,Maintenance inspection recommended soon.
ERI,232,1986,49800.0,22.22,14.43,32.68,Universal Analysis Mode,Warning,Maintenance inspection recommended soon.
ERI,232,1987,49800.0,27.46,18.44,31.73,Universal Analysis Mode,Warning,Maintenance inspection recommended soon.
ERI,232,1988,49800.0,21.42,14.92,30.15,Universal Analysis Mode,Warning,Maintenance inspection recommended soon.
ERI,232,1989,49800.0,24.87,18.23,30.63,Universal Analysis Mode,Warning,Maintenance inspection recommended soon.
ERI,232,1990,49800.0,30.88,23.73,32.61,Universal Analysis Mode,Warning,Maintenance inspection recommended soon.
ERI,232,1991,49800.0,24.95,20.0,32.48,Universal Analysis Mode,Warning,Maintenance inspection recommended soon.
ERI,232,1992,49800.0,23.39,19.32,30.93,Universal Analysis Mode,Warning,Maintenance inspection recommended soon.
ERI,232,1993,0.0,20.01,16.97,27.0,Universal Analysis Mode,Healthy,Machine is safe. Continue regular monitoring.
ERI,232,1994,0.0,18.26,15.82,23.0,Universal Analysis Mode,Healthy,Machine is safe. Continue regular monitoring.
ERI,232,1995,0.0,19.1,17.02,22.95,Universal Analysis Mode,Healthy,Machine is safe. Continue regular monitoring.
ERI,232,1996,0.0,22.48,20.67,23.72,Universal Analysis Mode,Healthy,Machine is safe. Continue regular monitoring.
ERI,232,1997,0.0,20.38,19.09,23.55,Universal Analysis Mode,Healthy,Machine is safe. Continue regular monitoring.
ERI,232,1998,0.0,13.62,12.72,25.97,Universal Analysis Mode,Healthy,Machine is safe. Continue regular monitoring.
ERI,232,1999,0.0,18.56,17.97,26.72,Universal Analysis Mode,Healthy,Machine is safe. Continue regular monitoring.
ERI,232,2000,0.0,28.5,28.5,29.9,Universal Analysis Mode,Healthy,Machine is safe. Continue regular monitoring.
ERI,232,2001,0.0,23.7,24.44,29.84,Universal Analysis Mode,Healthy,Machine is safe. Continue regular monitoring.
ERI,232,2002,0.0,23.72,25.02,29.44,Universal Analysis Mode,Healthy,Machine is safe. Continue regular monitoring.
ERI,232,2003,0.0,26.54,28.83,31.56,Universal Analysis Mode,Warning,Maintenance inspection recommended soon.
ERI,232,2004,0.0,34.3,38.26,32.06,Universal Analysis Mode,Warning,Maintenance inspection recommended soon.
ERI,232,2005,0.0,47.26,54.52,33.32,Universal Analysis Mode,Warning,Maintenance inspection recommended soon.
ERI,232,2006,0.0,55.37,65.14,32.75,Universal Analysis Mode,Warning,Maintenance inspection recommended soon.
ERI,232,2007,0.0,60.12,72.39,32.7,Universal Analysis Mode,Warning,Maintenance inspection recommended soon.
ERI,232,2008,0.0,77.79,97.26,33.37,Universal Analysis Mode,Warning,Maintenance inspection recommended soon.
ERI,232,2009,0.0,49.5,61.67,30.24,Universal Analysis Mode,Warning,Maintenance inspection recommended soon.
ERI,232,2010,0.0,62.78,79.5,31.19,Universal Analysis Mode,Warning,Maintenance inspection recommended soon.
ERI,232,2011,0.0,85.17,111.26,30.66,Universal Analysis Mode,Warning,Maintenance inspection recommended soon.
ERI,232,2012,0.0,83.75,111.67,29.54,Universal Analysis Mode,Healthy,Machine is safe. Continue regular monitoring.
ERI,232,2013,0.0,80.32,108.66,29.77,Universal Analysis Mode,Healthy,Machine is safe. Continue regular monitoring.
ERI,232,2014,0.0,71.97,98.95,31.1,Universal Analysis Mode,Warning,Maintenance inspection recommended soon.
EST,233,1932,495811.0,10.86,0.87,34.41,Universal Analysis Mode,Warning,Maintenance inspection recommended soon.
EST,233,1933,499969.0,8.82,0.67,33.89,Universal Analysis Mode,Warning,Maintenance inspection recommended soon.
EST,233,1934,588958.0,12.72,1.0,35.94,Universal Analysis Mode,Warning,Maintenance inspection recommended soon.
EST,233,1935,604288.0,12.04,0.97,35.49,Universal Analysis Mode,Warning,Maintenance inspection recommended soon.
EST,233,1936,766410.0,13.38,1.09,37.29,Universal Analysis Mode,Warning,Maintenance inspection recommended soon.
EST,233,1937,1121860.0,13.98,1.18,38.32,Universal Analysis Mode,Warning,Maintenance inspection recommended soon.
EST,233,1938,49800.0,13.66,1.13,29.9,Universal Analysis Mode,Healthy,Machine is safe. Continue regular monitoring.
EST,233,1939,49800.0,12.5,1.02,29.82,Universal Analysis Mode,Healthy,Machine is safe. Continue regular monitoring.
EST,233,1940,49800.0,12.38,1.02,28.94,Universal Analysis Mode,Healthy,Machine is safe. Continue regular monitoring.
EST,233,1941,49800.0,13.18,1.14,28.96,Universal Analysis Mode,Healthy,Machine is safe. Continue regular monitoring.
EST,233,1942,49800.0,12.42,1.19,28.77,Universal Analysis Mode,Healthy,Machine is safe. Continue regular monitoring.
EST,233,1943,49800.0,11.81,1.2,28.52,Universal Analysis Mode,Healthy,Machine is safe. Continue regular monitoring.
EST,233,1944,49800.0,11.71,1.21,28.48,Universal Analysis Mode,Healthy,Machine is safe. Continue regular monitoring.
EST,233,1945,49800.0,9.93,1.05,28.14,Universal Analysis Mode,Healthy,Machine is safe. Continue regular monitoring.
EST,233,1946,49800.0,9.77,1.12,28.03,Universal Analysis Mode,Healthy,Machine is safe. Continue regular monitoring.
EST,233,1947,49800.0,14.48,1.9,28.98,Universal Analysis Mode,Healthy,Machine is safe. Continue regular monitoring.
EST,233,1948,49800.0,14.07,1.99,29.0,Universal Analysis Mode,Healthy,Machine is safe. Continue regular monitoring.
EST,233,1949,49800.0,12.71,1.78,28.56,Universal Analysis Mode,Healthy,Machine is safe. Continue regular monitoring.
EST,233,1950,49800.0,12.08,1.71,27.56,Universal Analysis Mode,Healthy,Machine is safe. Continue regular monitoring.
EST,233,1951,49800.0,11.2,1.71,27.36,Universal Analysis Mode,Healthy,Machine is safe. Continue regular monitoring.
EST,233,1952,49800.0,10.96,1.71,27.35,Universal Analysis Mode,Healthy,Machine is safe. Continue regular monitoring.
EST,233,1953,49800.0,12.27,1.93,27.85,Universal Analysis Mode,Healthy,Machine is safe. Continue regular monitoring.
EST,233,1954,49800.0,12.21,1.93,27.75,Universal Analysis Mode,Healthy,Machine is safe. Continue regular monitoring.
EST,233,1955,49800.0,12.27,1.93,27.4,Universal Analysis Mode,Healthy,Machine is safe. Continue regular monitoring.
EST,233,1956,49800.0,12.07,1.93,27.38,Universal Analysis Mode,Healthy,Machine is safe. Continue regular monitoring.
EST,233,1957,49800.0,11.48,1.9,27.1,Universal Analysis Mode,Healthy,Machine is safe. Continue regular monitoring.
EST,233,1958,49800.0,12.25,2.08,27.55,Universal Analysis Mode,Healthy,Machine is safe. Continue regular monitoring.
EST,233,1959,49800.0,12.14,2.08,27.57,Universal Analysis Mode,Healthy,Machine is safe. Continue regular monitoring.
EST,233,1960,49800.0,10.91,1.9,27.5,Universal Analysis Mode,Healthy,Machine is safe. Continue regular monitoring.
EST,233,1961,49800.0,10.24,1.8,27.44,Universal Analysis Mode,Healthy,Machine is safe. Continue regular monitoring.
EST,233,1962,49800.0,10.12,1.8,28.3,Universal Analysis Mode,Healthy,Machine is safe. Continue regular monitoring.
EST,233,1963,49800.0,9.99,1.8,28.13,Universal Analysis Mode,Healthy,Machine is safe. Continue regular monitoring.
EST,233,1964,49800.0,9.86,1.8,27.21,Universal Analysis Mode,Healthy,Machine is safe. Continue regular monitoring.
EST,233,1965,49800.0,9.71,1.8,27.82,Universal Analysis Mode,Healthy,Machine is safe. Continue regular monitoring.
EST,233,1966,49800.0,9.41,1.8,27.17,Universal Analysis Mode,Healthy,Machine is safe. Continue regular monitoring.
EST,233,1967,49800.0,9.16,1.8,27.04,Universal Analysis Mode,Healthy,Machine is safe. Continue regular monitoring.
EST,233,1968,49800.0,8.8,1.8,26.8,Universal Analysis Mode,Healthy,Machine is safe. Continue regular monitoring.
EST,233,1969,49800.0,8.35,1.8,26.92,Universal Analysis Mode,Healthy,Machine is safe. Continue regular monitoring.
EST,233,1970,49800.0,7.88,1.8,26.66,Universal Analysis Mode,Healthy,Machine is safe. Continue regular monitoring.
EST,233,1971,49800.0,9.41,2.24,26.99,Universal Analysis Mode,Healthy,Machine is safe. Continue regular monitoring.
EST,233,1972,49800.0,10.09,2.48,27.01,Universal Analysis Mode,Healthy,Machine is safe. Continue regular monitoring.
EST,233,1973,49800.0,12.59,3.29,27.23,Universal Analysis Mode,Healthy,Machine is safe. Continue regular monitoring.
EST,233,1974,49800.0,39.93,11.58,29.11,Universal Analysis Mode,Healthy,Machine is safe. Continue regular monitoring.
EST,233,1975,49800.0,36.44,11.53,29.36,Universal Analysis Mode,Healthy,Machine is safe. Continue regular monitoring.
EST,233,1976,49800.0,38.23,12.8,30.94,Universal Analysis Mode,Warning,Maintenance inspection recommended soon.
EST,233,1977,49800.0,39.04,13.92,32.14,Universal Analysis Mode,Warning,Maintenance inspection recommended soon.
EST,233,1978,49800.0,36.54,14.02,31.8,Universal Analysis Mode,Warning,Maintenance inspection recommended soon.
EST,233,1979,49800.0,74.02,31.61,34.18,Universal Analysis Mode,Warning,Maintenance inspection recommended soon.
EST,233,1980,49800.0,75.97,36.83,35.4,Universal Analysis Mode,Warning,Maintenance inspection recommended soon.
EST,233,1981,49800.0,67.14,35.93,35.89,Universal Analysis Mode,Warning,Maintenance inspection recommended soon.
EST,233,1982,49800.0,58.02,32.97,35.97,Universal Analysis Mode,Warning,Maintenance inspection recommended soon.
EST,233,1983,49800.0,50.39,29.55,35.57,Universal Analysis Mode,Warning,Maintenance inspection recommended soon.
EST,233,1984,49800.0,45.82,28.78,35.2,Universal Analysis Mode,Warning,Maintenance inspection recommended soon.
EST,233,1985,49800.0,43.43,27.56,34.92,Universal Analysis Mode,Warning,Maintenance inspection recommended soon.
EST,233,1986,49800.0,22.22,14.43,32.52,Universal Analysis Mode,Warning,Maintenance inspection recommended soon.
EST,233,1987,49800.0,27.46,18.44,31.58,Universal Analysis Mode,Warning,Maintenance inspection recommended soon.
EST,233,1988,49800.0,21.42,14.92,30.0,Universal Analysis Mode,Warning,Maintenance inspection recommended soon.
EST,233,1989,49800.0,24.87,18.23,30.45,Universal Analysis Mode,Warning,Maintenance inspection recommended soon.
EST,233,1990,49800.0,30.88,23.73,32.42,Universal Analysis Mode,Warning,Maintenance inspection recommended soon.
EST,233,1991,0.0,24.95,20.0,28.75,Universal Analysis Mode,Healthy,Machine is safe. Continue regular monitoring.
EST,233,1992,0.0,23.39,19.32,26.73,Universal Analysis Mode,Healthy,Machine is safe. Continue regular monitoring.
EST,233,1993,0.0,20.01,16.97,26.45,Universal Analysis Mode,Healthy,Machine is safe. Continue regular monitoring.
EST,233,1994,0.0,18.26,15.82,25.89,Universal Analysis Mode,Healthy,Machine is safe. Continue regular monitoring.
EST,233,1995,0.0,19.1,17.02,25.81,Universal Analysis Mode,Healthy,Machine is safe. Continue regular monitoring.
EST,233,1996,0.0,22.48,20.67,26.59,Universal Analysis Mode,Healthy,Machine is safe. Continue regular monitoring.
EST,233,1997,0.0,20.38,19.09,26.35,Universal Analysis Mode,Healthy,Machine is safe. Continue regular monitoring.
EST,233,1998,0.0,13.62,12.72,25.21,Universal Analysis Mode,Healthy,Machine is safe. Continue regular monitoring.
EST,233,1999,0.0,18.56,17.97,26.01,Universal Analysis Mode,Healthy,Machine is safe. Continue regular monitoring.
EST,233,2000,0.0,28.5,28.5,29.14,Universal Analysis Mode,Healthy,Machine is safe. Continue regular monitoring.
EST,233,2001,0.0,23.7,24.44,29.04,Universal Analysis Mode,Healthy,Machine is safe. Continue regular monitoring.
EST,233,2002,0.0,23.72,25.02,28.62,Universal Analysis Mode,Healthy,Machine is safe. Continue regular monitoring.
EST,233,2003,0.0,26.54,28.83,30.67,Universal Analysis Mode,Warning,Maintenance inspection recommended soon.
EST,233,2004,0.0,34.3,38.26,31.17,Universal Analysis Mode,Warning,Maintenance inspection recommended soon.
EST,233,2005,0.0,47.26,54.52,32.44,Universal Analysis Mode,Warning,Maintenance inspection recommended soon.
EST,233,2006,0.0,55.37,65.14,31.91,Universal Analysis Mode,Warning,Maintenance inspection recommended soon.
EST,233,2007,0.0,60.12,72.39,31.9,Universal Analysis Mode,Warning,Maintenance inspection recommended soon.
EST,233,2008,0.0,77.79,97.26,32.57,Universal Analysis Mode,Warning,Maintenance inspection recommended soon.
EST,233,2009,0.0,49.5,61.67,30.96,Universal Analysis Mode,Warning,Maintenance inspection recommended soon.
EST,233,2010,0.0,62.78,79.5,32.11,Universal Analysis Mode,Warning,Maintenance inspection recommended soon.
EST,233,2011,0.0,85.17,111.26,31.62,Universal Analysis Mode,Warning,Maintenance inspection recommended soon.
EST,233,2012,0.0,83.75,111.67,30.51,Universal Analysis Mode,Warning,Maintenance inspection recommended soon.
EST,233,2013,0.0,80.32,108.66,30.74,Universal Analysis Mode,Warning,Maintenance inspection recommended soon.
EST,233,2014,0.0,71.97,98.95,30.57,Universal Analysis Mode,Warning,Maintenance inspection recommended soon.
ETH,231,1932,49800.0,10.86,0.87,28.86,Universal Analysis Mode,Healthy,Machine is safe. Continue regular monitoring.
ETH,231,1933,49800.0,8.82,0.67,28.84,Universal Analysis Mode,Healthy,Machine is safe. Continue regular monitoring.
ETH,231,1934,49800.0,12.72,1.0,29.32,Universal Analysis Mode,Healthy,Machine is safe. Continue regular monitoring.
ETH,231,1935,49800.0,12.04,0.97,28.97,Universal Analysis Mode,Healthy,Machine is safe. Continue regular monitoring.
ETH,231,1936,49800.0,13.38,1.09,29.27,Universal Analysis Mode,Healthy,Machine is safe. Continue regular monitoring.
ETH,231,1937,49800.0,13.98,1.18,29.04,Universal Analysis Mode,Healthy,Machine is safe. Continue regular monitoring.
ETH,231,1938,49800.0,13.66,1.13,29.07,Universal Analysis Mode,Healthy,Machine is safe. Continue regular monitoring.
ETH,231,1939,49800.0,12.5,1.02,28.99,Universal Analysis Mode,Healthy,Machine is safe. Continue regular monitoring.
ETH,231,1940,49800.0,12.38,1.02,28.92,Universal Analysis Mode,Healthy,Machine is safe. Continue regular monitoring.
ETH,231,1941,49800.0,13.18,1.14,28.95,Universal Analysis Mode,Healthy,Machine is safe. Continue regular monitoring.
ETH,231,1942,49800.0,12.42,1.19,28.76,Universal Analysis Mode,Healthy,Machine is safe. Continue regular monitoring.
ETH,231,1943,49800.0,11.81,1.2,28.51,Universal Analysis Mode,Healthy,Machine is safe. Continue regular monitoring.
ETH,231,1944,49800.0,11.71,1.21,28.46,Universal Analysis Mode,Healthy,Machine is safe. Continue regular monitoring.
ETH,231,1945,49800.0,9.93,1.05,28.12,Universal Analysis Mode,Healthy,Machine is safe. Continue regular monitoring.
ETH,231,1946,49800.0,9.77,1.12,28.02,Universal Analysis Mode,Healthy,Machine is safe. Continue regular monitoring.
ETH,231,1947,49800.0,14.48,1.9,28.97,Universal Analysis Mode,Healthy,Machine is safe. Continue regular monitoring.
ETH,231,1948,49800.0,14.07,1.99,28.99,Universal Analysis Mode,Healthy,Machine is safe. Continue regular monitoring.
ETH,231,1949,49800.0,12.71,1.78,28.54,Universal Analysis Mode,Healthy,Machine is safe. Continue regular monitoring.
ETH,231,1950,49800.0,12.08,1.71,30.53,Universal Analysis Mode,Warning,Maintenance inspection recommended soon.
ETH,231,1951,49800.0,11.2,1.71,30.36,Universal Analysis Mode,Warning,Maintenance inspection recommended soon.
ETH,231,1952,49800.0,10.96,1.71,30.38,Universal Analysis Mode,Warning,Maintenance inspection recommended soon.
ETH,231,1953,49800.0,12.27,1.93,30.92,Universal Analysis Mode,Warning,Maintenance inspection recommended soon.
ETH,231,1954,49800.0,12.21,1.93,30.86,Universal Analysis Mode,Warning,Maintenance inspection recommended soon.
ETH,231,1955,49800.0,12.27,1.93,30.54,Universal Analysis Mode,Warning,Maintenance inspection recommended soon.
ETH,231,1956,49800.0,12.07,1.93,30.56,Universal Analysis Mode,Warning,Maintenance inspection recommended soon.
ETH,231,1957,49800.0,11.48,1.9,30.32,Universal Analysis Mode,Warning,Maintenance inspection recommended soon.
ETH,231,1958,49800.0,12.25,2.08,30.8,Universal Analysis Mode,Warning,Maintenance inspection recommended soon.
ETH,231,1959,49800.0,12.14,2.08,30.86,Universal Analysis Mode,Warning,Maintenance inspection recommended soon.
ETH,231,1960,49800.0,10.91,1.9,30.84,Universal Analysis Mode,Warning,Maintenance inspection recommended soon.
ETH,231,1961,49800.0,10.24,1.8,30.82,Universal Analysis Mode,Warning,Maintenance inspection recommended soon.
ETH,231,1962,49800.0,10.12,1.8,31.72,Universal Analysis Mode,Warning,Maintenance inspection recommended soon.
ETH,231,1963,49800.0,9.99,1.8,31.59,Universal Analysis Mode,Warning,Maintenance inspection recommended soon.
ETH,231,1964,49800.0,9.86,1.8,30.72,Universal Analysis Mode,Warning,Maintenance inspection recommended soon.
ETH,231,1965,49800.0,9.71,1.8,31.37,Universal Analysis Mode,Warning,Maintenance inspection recommended soon.
ETH,231,1966,49800.0,9.41,1.8,30.77,Universal Analysis Mode,Warning,Maintenance inspection recommended soon.
ETH,231,1967,49800.0,9.16,1.8,30.7,Universal Analysis Mode,Warning,Maintenance inspection recommended soon.
ETH,231,1968,49800.0,8.8,1.8,30.51,Universal Analysis Mode,Warning,Maintenance inspection recommended soon.
ETH,231,1969,49800.0,8.35,1.8,30.68,Universal Analysis Mode,Warning,Maintenance inspection recommended soon.
ETH,231,1970,49800.0,7.88,1.8,30.47,Universal Analysis Mode,Warning,Maintenance inspection recommended soon.
ETH,231,1971,49800.0,9.41,2.24,30.86,Universal Analysis Mode,Warning,Maintenance inspection recommended soon.
ETH,231,1972,49800.0,10.09,2.48,30.93,Universal Analysis Mode,Warning,Maintenance inspection recommended soon.
ETH,231,1973,49800.0,12.59,3.29,31.19,Universal Analysis Mode,Warning,Maintenance inspection recommended soon.
ETH,231,1974,49800.0,39.93,11.58,33.1,Universal Analysis Mode,Warning,Maintenance inspection recommended soon.
ETH,231,1975,49800.0,36.44,11.53,33.39,Universal Analysis Mode,Warning,Maintenance inspection recommended soon.
ETH,231,1976,49800.0,38.23,12.8,35.01,Universal Analysis Mode,Warning,Maintenance inspection recommended soon.
ETH,231,1977,49800.0,39.04,13.92,36.23,Universal Analysis Mode,Warning,Maintenance inspection recommended soon.
ETH,231,1978,49800.0,36.54,14.02,35.92,Universal Analysis Mode,Warning,Maintenance inspection recommended soon.
ETH,231,1979,49800.0,74.02,31.61,38.31,Universal Analysis Mode,Warning,Maintenance inspection recommended soon.
ETH,231,1980,49800.0,75.97,36.83,39.56,Universal Analysis Mode,Warning,Maintenance inspection recommended soon.
ETH,231,1981,49800.0,67.14,35.93,40.05,Universal Analysis Mode,Warning,Maintenance inspection recommended soon.
ETH,231,1982,49800.0,58.02,32.97,40.15,Universal Analysis Mode,Warning,Maintenance inspection recommended soon.
ETH,231,1983,49800.0,50.39,29.55,39.76,Universal Analysis Mode,Warning,Maintenance inspection recommended soon.
ETH,231,1984,49800.0,45.82,28.78,39.38,Universal Analysis Mode,Warning,Maintenance inspection recommended soon.
ETH,231,1985,49800.0,43.43,27.56,39.11,Universal Analysis Mode,Warning,Maintenance inspection recommended soon.
ETH,231,1986,49800.0,22.22,14.43,36.71,Universal Analysis Mode,Warning,Maintenance inspection recommended soon.
ETH,231,1987,49800.0,27.46,18.44,35.78,Universal Analysis Mode,Warning,Maintenance inspection recommended soon.
ETH,231,1988,49800.0,21.42,14.92,34.21,Universal Analysis Mode,Warning,Maintenance inspection recommended soon.
ETH,231,1989,49800.0,24.87,18.23,34.68,Universal Analysis Mode,Warning,Maintenance inspection recommended soon.
ETH,231,1990,49800.0,30.88,23.73,36.65,Universal Analysis Mode,Warning,Maintenance inspection recommended soon.
ETH,231,1991,49800.0,24.95,20.0,36.54,Universal Analysis Mode,Warning,Maintenance inspection recommended soon.
ETH,231,1992,49800.0,23.39,19.32,35.01,Universal Analysis Mode,Warning,Maintenance inspection recommended soon.
ETH,231,1993,0.0,20.01,16.97,27.7,Universal Analysis Mode,Healthy,Machine is safe. Continue regular monitoring.
ETH,231,1994,0.0,18.26,15.82,30.51,Universal Analysis Mode,Warning,Maintenance inspection recommended soon.
ETH,231,1995,0.0,19.1,17.02,30.44,Universal Analysis Mode,Warning,Maintenance inspection recommended soon.
ETH,231,1996,0.0,22.48,20.67,31.22,Universal Analysis Mode,Warning,Maintenance inspection recommended soon.
ETH,231,1997,0.0,20.38,19.09,31.04,Universal Analysis Mode,Warning,Maintenance inspection recommended soon.
ETH,231,1998,0.0,13.62,12.72,30.01,Universal Analysis Mode,Warning,Maintenance inspection recommended soon.
ETH,231,1999,0.0,18.56,17.97,30.75,Universal Analysis Mode,Warning,Maintenance inspection recommended soon.
ETH,231,2000,0.0,28.5,28.5,33.92,Universal Analysis Mode,Warning,Maintenance inspection recommended soon.
ETH,231,2001,0.0,23.7,24.44,33.86,Universal Analysis Mode,Warning,Maintenance inspection recommended soon.
ETH,231,2002,0.0,23.72,25.02,33.45,Universal Analysis Mode,Warning,Maintenance inspection recommended soon.
ETH,231,2003,0.0,26.54,28.83,35.56,Universal Analysis Mode,Warning,Maintenance inspection recommended soon.
ETH,231,2004,0.0,34.3,38.26,36.06,Universal Analysis Mode,Warning,Maintenance inspection recommended soon.
ETH,231,2005,0.0,47.26,54.52,37.31,Universal Analysis Mode,Warning,Maintenance inspection recommended soon.
ETH,231,2006,0.0,55.37,65.14,36.74,Universal Analysis Mode,Warning,Maintenance inspection recommended soon.
ETH,231,2007,0.0,60.12,72.39,36.69,Universal Analysis Mode,Warning,Maintenance inspection recommended soon.
ETH,231,2008,0.0,77.79,97.26,37.35,Universal Analysis Mode,Warning,Maintenance inspection recommended soon.
ETH,231,2009,0.0,49.5,61.67,34.23,Universal Analysis Mode,Warning,Maintenance inspection recommended soon.
ETH,231,2010,0.0,62.78,79.5,33.16,Universal Analysis Mode,Warning,Maintenance inspection recommended soon.
ETH,231,2011,0.0,85.17,111.26,32.62,Universal Analysis Mode,Warning,Maintenance inspection recommended soon.
ETH,231,2012,0.0,83.75,111.67,31.5,Universal Analysis Mode,Warning,Maintenance inspection recommended soon.
ETH,231,2013,0.0,80.32,108.66,31.73,Universal Analysis Mode,Warning,Maintenance inspection recommended soon.
ETH,231,2014,0.0,71.97,98.95,32.77,Universal Analysis Mode,Warning,Maintenance inspection recommended soon.
,230,1932,49800.0,10.86,0.87,29.66,Universal Analysis Mode,Healthy,Machine is safe. Continue regular monitoring.
,230,1933,49800.0,8.82,0.67,29.64,Universal Analysis Mode,Healthy,Machine is safe. Continue regular monitoring.
,230,1934,49800.0,12.72,1.0,30.12,Universal Analysis Mode,Warning,Maintenance inspection recommended soon.
,230,1935,49800.0,12.04,0.97,29.77,Universal Analysis Mode,Healthy,Machine is safe. Continue regular monitoring.
,230,1936,49800.0,13.38,1.09,30.08,Universal Analysis Mode,Warning,Maintenance inspection recommended soon.
,230,1937,49800.0,13.98,1.18,29.84,Universal Analysis Mode,Healthy,Machine is safe. Continue regular monitoring.
,230,1938,49800.0,13.66,1.13,29.87,Universal Analysis Mode,Healthy,Machine is safe. Continue regular monitoring.
,230,1939,49800.0,12.5,1.02,29.8,Universal Analysis Mode,Healthy,Machine is safe. Continue regular monitoring.
,230,1940,49800.0,12.38,1.02,29.72,Universal Analysis Mode,Healthy,Machine is safe. Continue regular monitoring.
,230,1941,49800.0,13.18,1.14,29.75,Universal Analysis Mode,Healthy,Machine is safe. Continue regular monitoring.
,230,1942,49800.0,12.42,1.19,29.56,Universal Analysis Mode,Healthy,Machine is safe. Continue regular monitoring.
,230,1943,49800.0,11.81,1.2,29.31,Universal Analysis Mode,Healthy,Machine is safe. Continue regular monitoring.
,230,1944,49800.0,11.71,1.21,29.27,Universal Analysis Mode,Healthy,Machine is safe. Continue regular monitoring.
,230,1945,49800.0,9.93,1.05,28.93,Universal Analysis Mode,Healthy,Machine is safe. Continue regular monitoring.
,230,1946,49800.0,9.77,1.12,28.82,Universal Analysis Mode,Healthy,Machine is safe. Continue regular monitoring.
,230,1947,49800.0,14.48,1.9,29.77,Universal Analysis Mode,Healthy,Machine is safe. Continue regular monitoring.
,230,1948,49800.0,14.07,1.99,29.79,Universal Analysis Mode,Healthy,Machine is safe. Continue regular monitoring.
,230,1949,49800.0,12.71,1.78,29.34,Universal Analysis Mode,Healthy,Machine is safe. Continue regular monitoring.
,230,1950,49800.0,12.08,1.71,31.47,Universal Analysis Mode,Warning,Maintenance inspection recommended soon.
,230,1951,49800.0,11.2,1.71,31.31,Universal Analysis Mode,Warning,Maintenance inspection recommended soon.
,230,1952,49800.0,10.96,1.71,31.32,Universal Analysis Mode,Warning,Maintenance inspection recommended soon.
,230,1953,49800.0,12.27,1.93,31.86,Universal Analysis Mode,Warning,Maintenance inspection recommended soon.
,230,1954,49800.0,12.21,1.93,31.79,Universal Analysis Mode,Warning,Maintenance inspection recommended soon.
,230,1955,49800.0,12.27,1.93,31.48,Universal Analysis Mode,Warning,Maintenance inspection recommended soon.
,230,1956,49800.0,12.07,1.93,31.49,Universal Analysis Mode,Warning,Maintenance inspection recommended soon.
,230,1957,49800.0,11.48,1.9,31.26,Universal Analysis Mode,Warning,Maintenance inspection recommended soon.
,230,1958,49800.0,12.25,2.08,31.74,Universal Analysis Mode,Warning,Maintenance inspection recommended soon.
,230,1959,49800.0,12.14,2.08,31.81,Universal Analysis Mode,Warning,Maintenance inspection recommended soon.
,230,1960,0.0,10.91,1.9,27.43,Universal Analysis Mode,Healthy,Machine is safe. Continue regular monitoring.
,230,1961,0.0,10.24,1.8,27.42,Universal Analysis Mode,Healthy,Machine is safe. Continue regular monitoring.
,230,1962,0.0,10.12,1.8,28.32,Universal Analysis Mode,Healthy,Machine is safe. Continue regular monitoring.
,230,1963,0.0,9.99,1.8,28.19,Universal Analysis Mode,Healthy,Machine is safe. Continue regular monitoring.
,230,1964,0.0,9.86,1.8,27.32,Universal Analysis Mode,Healthy,Machine is safe. Continue regular monitoring.
,230,1965,0.0,9.71,1.8,27.98,Universal Analysis Mode,Healthy,Machine is safe. Continue regular monitoring.
,230,1966,0.0,9.41,1.8,27.38,Universal Analysis Mode,Healthy,Machine is safe. Continue regular monitoring.
,230,1967,0.0,9.16,1.8,27.31,Universal Analysis Mode,Healthy,Machine is safe. Continue regular monitoring.
,230,1968,0.0,8.8,1.8,27.12,Universal Analysis Mode,Healthy,Machine is safe. Continue regular monitoring.
,230,1969,0.0,8.35,1.8,27.3,Universal Analysis Mode,Healthy,Machine is safe. Continue regular monitoring.
,230,1970,0.0,7.88,1.8,27.08,Universal Analysis Mode,Healthy,Machine is safe. Continue regular monitoring.
,230,1971,0.0,9.41,2.24,27.44,Universal Analysis Mode,Healthy,Machine is safe. Continue regular monitoring.
,230,1972,0.0,10.09,2.48,27.49,Universal Analysis Mode,Healthy,Machine is safe. Continue regular monitoring.
,230,1973,0.0,12.59,3.29,27.74,Universal Analysis Mode,Healthy,Machine is safe. Continue regular monitoring.
,230,1974,0.0,39.93,11.58,29.65,Universal Analysis Mode,Healthy,Machine is safe. Continue regular monitoring.
,230,1975,0.0,36.44,11.53,29.94,Universal Analysis Mode,Healthy,Machine is safe. Continue regular monitoring.
,230,1976,0.0,38.23,12.8,31.56,Universal Analysis Mode,Warning,Maintenance inspection recommended soon.
,230,1977,0.0,39.04,13.92,32.76,Universal Analysis Mode,Warning,Maintenance inspection recommended soon.
,230,1978,0.0,36.54,14.02,32.43,Universal Analysis Mode,Warning,Maintenance inspection recommended soon.
,230,1979,0.0,74.02,31.61,34.8,Universal Analysis Mode,Warning,Maintenance inspection recommended soon.
,230,1980,0.0,75.97,36.83,36.03,Universal Analysis Mode,Warning,Maintenance inspection recommended soon.
,230,1981,0.0,67.14,35.93,36.52,Universal Analysis Mode,Warning,Maintenance inspection recommended soon.
,230,1982,0.0,58.02,32.97,36.62,Universal Analysis Mode,Warning,Maintenance inspection recommended soon.
,230,1983,0.0,50.39,29.55,36.23,Universal Analysis Mode,Warning,Maintenance inspection recommended soon.
,230,1984,0.0,45.82,28.78,35.86,Universal Analysis Mode,Warning,Maintenance inspection recommended soon.
,230,1985,0.0,43.43,27.56,35.59,Universal Analysis Mode,Warning,Maintenance inspection recommended soon.
,230,1986,0.0,22.22,14.43,30.49,Universal Analysis Mode,Warning,Maintenance inspection recommended soon.
,230,1987,0.0,27.46,18.44,29.55,Universal Analysis Mode,Healthy,Machine is safe. Continue regular monitoring.
,230,1988,0.0,21.42,14.92,27.99,Universal Analysis Mode,Healthy,Machine is safe. Continue regular monitoring.
,230,1989,0.0,24.87,18.23,28.44,Universal Analysis Mode,Healthy,Machine is safe. Continue regular monitoring.
,230,1990,0.0,30.88,23.73,29.74,Universal Analysis Mode,Healthy,Machine is safe. Continue regular monitoring.
,230,1991,0.0,24.95,20.0,29.69,Universal Analysis Mode,Healthy,Machine is safe. Continue regular monitoring.
,230,1992,0.0,23.39,19.32,28.11,Universal Analysis Mode,Healthy,Machine is safe. Continue regular monitoring.
,230,1993,49800.0,20.01,16.97,34.59,Universal Analysis Mode,Warning,Maintenance inspection recommended soon.
,230,1994,49800.0,18.26,15.82,34.04,Universal Analysis Mode,Warning,Maintenance inspection recommended soon.
,230,1995,49800.0,19.1,17.02,33.97,Universal Analysis Mode,Warning,Maintenance inspection recommended soon.
,230,1996,49800.0,22.48,20.67,34.75,Universal Analysis Mode,Warning,Maintenance inspection recommended soon.
,230,1997,49800.0,20.38,19.09,34.57,Universal Analysis Mode,Warning,Maintenance inspection recommended soon.
,230,1998,49800.0,13.62,12.72,33.54,Universal Analysis Mode,Warning,Maintenance inspection recommended soon.
,230,1999,49800.0,18.56,17.97,34.28,Universal Analysis Mode,Warning,Maintenance inspection recommended soon.
,230,2000,49800.0,28.5,28.5,37.45,Universal Analysis Mode,Warning,Maintenance inspection recommended soon.
,230,2001,49800.0,23.7,24.44,37.39,Universal Analysis Mode,Warning,Maintenance inspection recommended soon.
,230,2002,49800.0,23.72,25.02,36.98,Universal Analysis Mode,Warning,Maintenance inspection recommended soon.
,230,2003,49800.0,26.54,28.83,39.09,Universal Analysis Mode,Warning,Maintenance inspection recommended soon.
,230,2004,49800.0,34.3,38.26,39.59,Universal Analysis Mode,Warning,Maintenance inspection recommended soon.
,230,2005,49800.0,47.26,54.52,40.84,Universal Analysis Mode,Warning,Maintenance inspection recommended soon.
,230,2006,49800.0,55.37,65.14,40.27,Universal Analysis Mode,Warning,Maintenance inspection recommended soon.
,230,2007,49800.0,60.12,72.39,40.22,Universal Analysis Mode,Warning,Maintenance inspection recommended soon.
,230,2008,49800.0,77.79,97.26,40.88,Universal Analysis Mode,Warning,Maintenance inspection recommended soon.
,230,2009,49800.0,49.5,61.67,37.76,Universal Analysis Mode,Warning,Maintenance inspection recommended soon.
,230,2010,49800.0,62.78,79.5,36.69,Universal Analysis Mode,Warning,Maintenance inspection recommended soon.
,230,2011,49800.0,85.17,111.26,36.15,Universal Analysis Mode,Warning,Maintenance inspection recommended soon.
,230,2012,49800.0,83.75,111.67,35.02,Universal Analysis Mode,Warning,Maintenance inspection recommended soon.
,230,2013,49800.0,80.32,108.66,35.26,Universal Analysis Mode,Warning,Maintenance inspection recommended soon.
,230,2014,49800.0,71.97,98.95,34.47,Universal Analysis Mode,Warning,Maintenance inspection recommended soon.
,280,1932,49800.0,10.86,0.87,28.93,Universal Analysis Mode,Healthy,Machine is safe. Continue regular monitoring.
,280,1933,49800.0,8.82,0.67,28.91,Universal Analysis Mode,Healthy,Machine is safe. Continue regular monitoring.
,280,1934,49800.0,12.72,1.0,29.39,Universal Analysis Mode,Healthy,Machine is safe. Continue regular monitoring.
,280,1935,49800.0,12.04,0.97,29.04,Universal Analysis Mode,Healthy,Machine is safe. Continue regular monitoring.
,280,1936,49800.0,13.38,1.09,29.35,Universal Analysis Mode,Healthy,Machine is safe. Continue regular monitoring.
,280,1937,49800.0,13.98,1.18,29.11,Universal Analysis Mode,Healthy,Machine is safe. Continue regular monitoring.
,280,1938,49800.0,13.66,1.13,29.14,Universal Analysis Mode,Healthy,Machine is safe. Continue regular monitoring.
,280,1939,49800.0,12.5,1.02,29.07,Universal Analysis Mode,Healthy,Machine is safe. Continue regular monitoring.
,280,1940,49800.0,12.38,1.02,28.99,Universal Analysis Mode,Healthy,Machine is safe. Continue regular monitoring.
,280,1941,49800.0,13.18,1.14,29.02,Universal Analysis Mode,Healthy,Machine is safe. Continue regular monitoring.
,280,1942,49800.0,12.42,1.19,28.83,Universal Analysis Mode,Healthy,Machine is safe. Continue regular monitoring.
,280,1943,49800.0,11.81,1.2,28.58,Universal Analysis Mode,Healthy,Machine is safe. Continue regular monitoring.
,280,1944,49800.0,11.71,1.21,28.54,Universal Analysis Mode,Healthy,Machine is safe. Continue regular monitoring.
,280,1945,49800.0,9.93,1.05,28.2,Universal Analysis Mode,Healthy,Machine is safe. Continue regular monitoring.
,280,1946,49800.0,9.77,1.12,28.09,Universal Analysis Mode,Healthy,Machine is safe. Continue regular monitoring.
,280,1947,49800.0,14.48,1.9,29.04,Universal Analysis Mode,Healthy,Machine is safe. Continue regular monitoring.
,280,1948,49800.0,14.07,1.99,29.06,Universal Analysis Mode,Healthy,Machine is safe. Continue regular monitoring.
,280,1949,49800.0,12.71,1.78,29.42,Universal Analysis Mode,Healthy,Machine is safe. Continue regular monitoring.
,280,1950,49800.0,12.08,1.71,30.99,Universal Analysis Mode,Warning,Maintenance inspection recommended soon.
,280,1951,49800.0,11.2,1.71,30.8,Universal Analysis Mode,Warning,Maintenance inspection recommended soon.
,280,1952,49800.0,10.96,1.71,30.77,Universal Analysis Mode,Warning,Maintenance inspection recommended soon.
,280,1953,49800.0,12.27,1.93,31.28,Universal Analysis Mode,Warning,Maintenance inspection recommended soon.
,280,1954,49800.0,12.21,1.93,31.18,Universal Analysis Mode,Warning,Maintenance inspection recommended soon.
,280,1955,49800.0,12.27,1.93,33.28,Universal Analysis Mode,Warning,Maintenance inspection recommended soon.
,280,1956,49800.0,12.07,1.93,34.09,Universal Analysis Mode,Warning,Maintenance inspection recommended soon.
,280,1957,49800.0,11.48,1.9,33.77,Universal Analysis Mode,Warning,Maintenance inspection recommended soon.
,280,1958,49800.0,12.25,2.08,34.25,Universal Analysis Mode,Warning,Maintenance inspection recommended soon.
,280,1959,49800.0,12.14,2.08,34.46,Universal Analysis Mode,Warning,Maintenance inspection recommended soon.
,280,1960,5530000.0,10.91,1.9,48.24,Universal Analysis Mode,Warning,Maintenance inspection recommended soon.
,280,1961,6204000.0,10.24,1.8,48.4,Universal Analysis Mode,Warning,Maintenance inspection recommended soon.
,280,1962,6776000.0,10.12,1.8,49.5,Universal Analysis Mode,Warning,Maintenance inspection recommended soon.
,280,1963,7383000.0,9.99,1.8,49.69,Universal Analysis Mode,Warning,Maintenance inspection recommended soon.
,280,1964,7673000.0,9.86,1.8,48.9,Universal Analysis Mode,Warning,Maintenance inspection recommended soon.
,280,1965,7884000.0,9.71,1.8,49.89,Universal Analysis Mode,Warning,Maintenance inspection recommended soon.
,280,1966,7868000.0,9.41,1.8,49.38,Universal Analysis Mode,Warning,Maintenance inspection recommended soon.
,280,1967,7927000.0,9.16,1.8,49.35,Universal Analysis Mode,Warning,Maintenance inspection recommended soon.
,280,1968,7866353.42,8.8,1.8,49.26,Universal Analysis Mode,Warning,Maintenance inspection recommended soon.
,280,1969,7761432.33,8.35,1.8,49.52,Universal Analysis Mode,Warning,Maintenance inspection recommended soon.
,280,1970,7425930.41,7.88,1.8,49.43,Universal Analysis Mode,Warning,Maintenance inspection recommended soon.
,280,1971,7312686.58,9.41,2.24,49.92,Universal Analysis Mode,Warning,Maintenance inspection recommended soon.
,280,1972,6995330.96,10.09,2.48,50.02,Universal Analysis Mode,Warning,Maintenance inspection recommended soon.
,280,1973,6541400.55,12.59,3.29,50.37,Universal Analysis Mode,Warning,Maintenance inspection recommended soon.
,280,1974,6101250.41,39.93,11.58,52.66,Universal Analysis Mode,Warning,Maintenance inspection recommended soon.
,280,1975,5658098.63,36.44,11.53,52.86,Universal Analysis Mode,Warning,Maintenance inspection recommended soon.
,280,1976,5444163.29,38.23,12.8,54.55,Universal Analysis Mode,Warning,Maintenance inspection recommended soon.
,280,1977,5323961.1,39.04,13.92,55.88,Universal Analysis Mode,Warning,Maintenance inspection recommended soon.
,280,1978,4985593.97,36.54,14.02,55.5,Universal Analysis Mode,Warning,Maintenance inspection recommended soon.
,280,1979,4704667.4,74.02,31.61,58.17,Universal Analysis Mode,Warning,Maintenance inspection recommended soon.
,280,1980,4563863.01,75.97,36.83,59.49,Universal Analysis Mode,Warning,Maintenance inspection recommended soon.
,280,1981,4394270.14,67.14,35.93,60.0,Universal Analysis Mode,Warning,Maintenance inspection recommended soon.
,280,1982,4193296.44,58.02,32.97,59.96,Universal Analysis Mode,Warning,Maintenance inspection recommended soon.
,280,1983,4063134.25,50.39,29.55,59.5,Universal Analysis Mode,Warning,Maintenance inspection recommended soon.
,280,1984,3996143.01,45.82,28.78,59.03,Universal Analysis Mode,Warning,Maintenance inspection recommended soon.
,280,1985,4045397.26,43.43,27.56,58.65,Universal Analysis Mode,Warning,Maintenance inspection recommended soon.
,280,1986,3958758.9,22.22,14.43,55.91,Universal Analysis Mode,Warning,Maintenance inspection recommended soon.
,280,1987,3744823.56,27.46,18.44,54.93,Universal Analysis Mode,Warning,Maintenance inspection recommended soon.
,280,1988,3879897.53,21.42,14.92,53.04,Universal Analysis Mode,Warning,Maintenance inspection recommended soon.
,280,1989,3715352.88,24.87,18.23,53.64,Universal Analysis Mode,Warning,Maintenance inspection recommended soon.
,280,1990,3553673.42,30.88,23.73,55.84,Universal Analysis Mode,Warning,Maintenance inspection recommended soon.
,280,1991,49800.0,24.95,20.0,33.1,Universal Analysis Mode,Warning,Maintenance inspection recommended soon.
,280,1992,49800.0,23.39,19.32,31.56,Universal Analysis Mode,Warning,Maintenance inspection recommended soon.
,280,1993,49800.0,20.01,16.97,31.14,Universal Analysis Mode,Warning,Maintenance inspection recommended soon.
,280,1994,49800.0,18.26,15.82,30.58,Universal Analysis Mode,Warning,Maintenance inspection recommended soon.
,280,1995,49800.0,19.1,17.02,30.5,Universal Analysis Mode,Warning,Maintenance inspection recommended soon.
,280,1996,49800.0,22.48,20.67,31.26,Universal Analysis Mode,Warning,Maintenance inspection recommended soon.
,280,1997,49800.0,20.38,19.09,31.08,Universal Analysis Mode,Warning,Maintenance inspection recommended soon.
,280,1998,49800.0,13.62,12.72,30.04,Universal Analysis Mode,Warning,Maintenance inspection recommended soon.
,280,1999,49800.0,18.56,17.97,30.78,Universal Analysis Mode,Warning,Maintenance inspection recommended soon.
,280,2000,49800.0,28.5,28.5,33.94,Universal Analysis Mode,Warning,Maintenance inspection recommended soon.
,280,2001,49800.0,23.7,24.44,33.87,Universal Analysis Mode,Warning,Maintenance inspection recommended soon.
,280,2002,49800.0,23.72,25.02,33.45,Universal Analysis Mode,Warning,Maintenance inspection recommended soon.
,280,2003,49800.0,26.54,28.83,35.55,Universal Analysis Mode,Warning,Maintenance inspection recommended soon.
,280,2004,49800.0,34.3,38.26,36.05,Universal Analysis Mode,Warning,Maintenance inspection recommended soon.
,280,2005,49800.0,47.26,54.52,37.29,Universal Analysis Mode,Warning,Maintenance inspection recommended soon.
,280,2006,49800.0,55.37,65.14,36.71,Universal Analysis Mode,Warning,Maintenance inspection recommended soon.
,280,2007,49800.0,60.12,72.39,36.66,Universal Analysis Mode,Warning,Maintenance inspection recommended soon.
,280,2008,49800.0,77.79,97.26,37.32,Universal Analysis Mode,Warning,Maintenance inspection recommended soon.
,280,2009,49800.0,49.5,61.67,34.2,Universal Analysis Mode,Warning,Maintenance inspection recommended soon.
,280,2010,49800.0,62.78,79.5,34.95,Universal Analysis Mode,Warning,Maintenance inspection recommended soon.
,280,2011,49800.0,85.17,111.26,34.41,Universal Analysis Mode,Warning,Maintenance inspection recommended soon.
,280,2012,49800.0,83.75,111.67,33.28,Universal Analysis Mode,Warning,Maintenance inspection recommended soon.
,280,2013,49800.0,80.32,108.66,33.52,Universal Analysis Mode,Warning,Maintenance inspection recommended soon.
,280,2014,49800.0,71.97,98.95,34.55,Universal Analysis Mode,Warning,Maintenance inspection recommended soon.
FJI,242,1932,49800.0,10.86,0.87,28.88,Universal Analysis Mode,Healthy,Machine is safe. Continue regular monitoring.
FJI,242,1933,49800.0,8.82,0.67,28.86,Universal Analysis Mode,Healthy,Machine is safe. Continue regular monitoring.
FJI,242,1934,49800.0,12.72,1.0,29.34,Universal Analysis Mode,Healthy,Machine is safe. Continue regular monitoring.
FJI,242,1935,49800.0,12.04,0.97,28.99,Universal Analysis Mode,Healthy,Machine is safe. Continue regular monitoring.
FJI,242,1936,49800.0,13.38,1.09,29.29,Universal Analysis Mode,Healthy,Machine is safe. Continue regular monitoring.
FJI,242,1937,49800.0,13.98,1.18,29.06,Universal Analysis Mode,Healthy,Machine is safe. Continue regular monitoring.
FJI,242,1938,49800.0,13.66,1.13,29.09,Universal Analysis Mode,Healthy,Machine is safe. Continue regular monitoring.
FJI,242,1939,49800.0,12.5,1.02,29.01,Universal Analysis Mode,Healthy,Machine is safe. Continue regular monitoring.
FJI,242,1940,49800.0,12.38,1.02,28.94,Universal Analysis Mode,Healthy,Machine is safe. Continue regular monitoring.
FJI,242,1941,49800.0,13.18,1.14,28.97,Universal Analysis Mode,Healthy,Machine is safe. Continue regular monitoring.
FJI,242,1942,49800.0,12.42,1.19,28.78,Universal Analysis Mode,Healthy,Machine is safe. Continue regular monitoring.
FJI,242,1943,49800.0,11.81,1.2,28.53,Universal Analysis Mode,Healthy,Machine is safe. Continue regular monitoring.
FJI,242,1944,49800.0,11.71,1.21,28.48,Universal Analysis Mode,Healthy,Machine is safe. Continue regular monitoring.
FJI,242,1945,49800.0,9.93,1.05,28.14,Universal Analysis Mode,Healthy,Machine is safe. Continue regular monitoring.
FJI,242,1946,49800.0,9.77,1.12,28.04,Universal Analysis Mode,Healthy,Machine is safe. Continue regular monitoring.
FJI,242,1947,49800.0,14.48,1.9,28.98,Universal Analysis Mode,Healthy,Machine is safe. Continue regular monitoring.
FJI,242,1948,49800.0,14.07,1.99,29.01,Universal Analysis Mode,Healthy,Machine is safe. Continue regular monitoring.
FJI,242,1949,49800.0,12.71,1.78,28.56,Universal Analysis Mode,Healthy,Machine is safe. Continue regular monitoring.
FJI,242,1950,49800.0,12.08,1.71,27.33,Universal Analysis Mode,Healthy,Machine is safe. Continue regular monitoring.
FJI,242,1951,49800.0,11.2,1.71,27.14,Universal Analysis Mode,Healthy,Machine is safe. Continue regular monitoring.
FJI,242,1952,49800.0,10.96,1.71,27.12,Universal Analysis Mode,Healthy,Machine is safe. Continue regular monitoring.
FJI,242,1953,49800.0,12.27,1.93,27.63,Universal Analysis Mode,Healthy,Machine is safe. Continue regular monitoring.
FJI,242,1954,49800.0,12.21,1.93,27.53,Universal Analysis Mode,Healthy,Machine is safe. Continue regular monitoring.
FJI,242,1955,49800.0,12.27,1.93,27.19,Universal Analysis Mode,Healthy,Machine is safe. Continue regular monitoring.
FJI,242,1956,49800.0,12.07,1.93,27.17,Universal Analysis Mode,Healthy,Machine is safe. Continue regular monitoring.
FJI,242,1957,49800.0,11.48,1.9,26.9,Universal Analysis Mode,Healthy,Machine is safe. Continue regular monitoring.
FJI,242,1958,49800.0,12.25,2.08,27.35,Universal Analysis Mode,Healthy,Machine is safe. Continue regular monitoring.
FJI,242,1959,49800.0,12.14,2.08,27.37,Universal Analysis Mode,Healthy,Machine is safe. Continue regular monitoring.
FJI,242,1960,49800.0,10.91,1.9,27.31,Universal Analysis Mode,Healthy,Machine is safe. Continue regular monitoring.
FJI,242,1961,49800.0,10.24,1.8,27.25,Universal Analysis Mode,Healthy,Machine is safe. Continue regular monitoring.
FJI,242,1962,49800.0,10.12,1.8,28.12,Universal Analysis Mode,Healthy,Machine is safe. Continue regular monitoring.
FJI,242,1963,49800.0,9.99,1.8,27.95,Universal Analysis Mode,Healthy,Machine is safe. Continue regular monitoring.
FJI,242,1964,49800.0,9.86,1.8,27.03,Universal Analysis Mode,Healthy,Machine is safe. Continue regular monitoring.
FJI,242,1965,49800.0,9.71,1.8,27.64,Universal Analysis Mode,Healthy,Machine is safe. Continue regular monitoring.
FJI,242,1966,49800.0,9.41,1.8,26.99,Universal Analysis Mode,Healthy,Machine is safe. Continue regular monitoring.
FJI,242,1967,49800.0,9.16,1.8,26.87,Universal Analysis Mode,Healthy,Machine is safe. Continue regular monitoring.
FJI,242,1968,49800.0,8.8,1.8,26.63,Universal Analysis Mode,Healthy,Machine is safe. Continue regular monitoring.
FJI,242,1969,49800.0,8.35,1.8,26.75,Universal Analysis Mode,Healthy,Machine is safe. Continue regular monitoring.
FJI,242,1970,0.0,7.88,1.8,22.96,Universal Analysis Mode,Healthy,Machine is safe. Continue regular monitoring.
FJI,242,1971,0.0,9.41,2.24,23.29,Universal Analysis Mode,Healthy,Machine is safe. Continue regular monitoring.
FJI,242,1972,0.0,10.09,2.48,23.3,Universal Analysis Mode,Healthy,Machine is safe. Continue regular monitoring.
FJI,242,1973,0.0,12.59,3.29,23.53,Universal Analysis Mode,Healthy,Machine is safe. Continue regular monitoring.
FJI,242,1974,0.0,39.93,11.58,25.41,Universal Analysis Mode,Healthy,Machine is safe. Continue regular monitoring.
FJI,242,1975,0.0,36.44,11.53,25.66,Universal Analysis Mode,Healthy,Machine is safe. Continue regular monitoring.
FJI,242,1976,0.0,38.23,12.8,27.25,Universal Analysis Mode,Healthy,Machine is safe. Continue regular monitoring.
FJI,242,1977,0.0,39.04,13.92,28.45,Universal Analysis Mode,Healthy,Machine is safe. Continue regular monitoring.
FJI,242,1978,0.0,36.54,14.02,28.12,Universal Analysis Mode,Healthy,Machine is safe. Continue regular monitoring.
FJI,242,1979,0.0,74.02,31.61,30.5,Universal Analysis Mode,Warning,Maintenance inspection recommended soon.
FJI,242,1980,0.0,75.97,36.83,31.73,Universal Analysis Mode,Warning,Maintenance inspection recommended soon.
FJI,242,1981,0.0,67.14,35.93,32.21,Universal Analysis Mode,Warning,Maintenance inspection recommended soon.
FJI,242,1982,0.0,58.02,32.97,32.3,Universal Analysis Mode,Warning,Maintenance inspection recommended soon.
FJI,242,1983,0.0,50.39,29.55,31.9,Universal Analysis Mode,Warning,Maintenance inspection recommended soon.
FJI,242,1984,0.0,45.82,28.78,31.52,Universal Analysis Mode,Warning,Maintenance inspection recommended soon.
FJI,242,1985,0.0,43.43,27.56,31.25,Universal Analysis Mode,Warning,Maintenance inspection recommended soon.
FJI,242,1986,0.0,22.22,14.43,28.84,Universal Analysis Mode,Healthy,Machine is safe. Continue regular monitoring.
FJI,242,1987,0.0,27.46,18.44,27.91,Universal Analysis Mode,Healthy,Machine is safe. Continue regular monitoring.
FJI,242,1988,0.0,21.42,14.92,26.32,Universal Analysis Mode,Healthy,Machine is safe. Continue regular monitoring.
FJI,242,1989,0.0,24.87,18.23,26.78,Universal Analysis Mode,Healthy,Machine is safe. Continue regular monitoring.
FJI,242,1990,0.0,30.88,23.73,28.75,Universal Analysis Mode,Healthy,Machine is safe. Continue regular monitoring.
FJI,242,1991,0.0,24.95,20.0,28.62,Universal Analysis Mode,Healthy,Machine is safe. Continue regular monitoring.
FJI,242,1992,0.0,23.39,19.32,27.09,Universal Analysis Mode,Healthy,Machine is safe. Continue regular monitoring.
FJI,242,1993,0.0,20.01,16.97,26.68,Universal Analysis Mode,Healthy,Machine is safe. Continue regular monitoring.
FJI,242,1994,0.0,18.26,15.82,26.12,Universal Analysis Mode,Healthy,Machine is safe. Continue regular monitoring.
FJI,242,1995,0.0,19.1,17.02,26.04,Universal Analysis Mode,Healthy,Machine is safe. Continue regular monitoring.
FJI,242,1996,0.0,22.48,20.67,26.81,Universal Analysis Mode,Healthy,Machine is safe. Continue regular monitoring.
FJI,242,1997,0.0,20.38,19.09,26.62,Universal Analysis Mode,Healthy,Machine is safe. Continue regular monitoring.
FJI,242,1998,0.0,13.62,12.72,25.59,Universal Analysis Mode,Healthy,Machine is safe. Continue regular monitoring.
FJI,242,1999,0.0,18.56,17.97,26.33,Universal Analysis Mode,Healthy,Machine is safe. Continue regular monitoring.
FJI,242,2000,0.0,28.5,28.5,29.49,Universal Analysis Mode,Healthy,Machine is safe. Continue regular monitoring.
FJI,242,2001,0.0,23.7,24.44,29.42,Universal Analysis Mode,Healthy,Machine is safe. Continue regular monitoring.
FJI,242,2002,0.0,23.72,25.02,29.01,Universal Analysis Mode,Healthy,Machine is safe. Continue regular monitoring.
FJI,242,2003,0.0,26.54,28.83,31.11,Universal Analysis Mode,Warning,Maintenance inspection recommended soon.
FJI,242,2004,0.0,34.3,38.26,31.6,Universal Analysis Mode,Warning,Maintenance inspection recommended soon.
FJI,242,2005,0.0,47.26,54.52,32.85,Universal Analysis Mode,Warning,Maintenance inspection recommended soon.
FJI,242,2006,0.0,55.37,65.14,32.27,Universal Analysis Mode,Warning,Maintenance inspection recommended soon.
FJI,242,2007,0.0,60.12,72.39,32.22,Universal Analysis Mode,Warning,Maintenance inspection recommended soon.
FJI,242,2008,0.0,77.79,97.26,32.88,Universal Analysis Mode,Warning,Maintenance inspection recommended soon.
FJI,242,2009,0.0,49.5,61.67,29.76,Universal Analysis Mode,Healthy,Machine is safe. Continue regular monitoring.
FJI,242,2010,0.0,62.78,79.5,30.93,Universal Analysis Mode,Warning,Maintenance inspection recommended soon.
FJI,242,2011,0.0,85.17,111.26,30.39,Universal Analysis Mode,Warning,Maintenance inspection recommended soon.
FJI,242,2012,0.0,83.75,111.67,29.26,Universal Analysis Mode,Healthy,Machine is safe. Continue regular monitoring.
FJI,242,2013,0.0,80.32,108.66,29.49,Universal Analysis Mode,Healthy,Machine is safe. Continue regular monitoring.
FJI,242,2014,0.0,71.97,98.95,30.53,Universal Analysis Mode,Warning,Maintenance inspection recommended soon.
FIN,246,1932,49800.0,10.86,0.87,29.18,Universal Analysis Mode,Healthy,Machine is safe. Continue regular monitoring.
FIN,246,1933,49800.0,8.82,0.67,29.17,Universal Analysis Mode,Healthy,Machine is safe. Continue regular monitoring.
FIN,246,1934,49800.0,12.72,1.0,29.65,Universal Analysis Mode,Healthy,Machine is safe. Continue regular monitoring.
FIN,246,1935,49800.0,12.04,0.97,29.3,Universal Analysis Mode,Healthy,Machine is safe. Continue regular monitoring.
FIN,246,1936,49800.0,13.38,1.09,29.61,Universal Analysis Mode,Healthy,Machine is safe. Continue regular monitoring.
FIN,246,1937,49800.0,13.98,1.18,29.38,Universal Analysis Mode,Healthy,Machine is safe. Continue regular monitoring.
FIN,246,1938,49800.0,13.66,1.13,29.41,Universal Analysis Mode,Healthy,Machine is safe. Continue regular monitoring.
FIN,246,1939,49800.0,12.5,1.02,29.34,Universal Analysis Mode,Healthy,Machine is safe. Continue regular monitoring.
FIN,246,1940,49800.0,12.38,1.02,29.27,Universal Analysis Mode,Healthy,Machine is safe. Continue regular monitoring.
FIN,246,1941,49800.0,13.18,1.14,29.29,Universal Analysis Mode,Healthy,Machine is safe. Continue regular monitoring.
FIN,246,1942,49800.0,12.42,1.19,29.11,Universal Analysis Mode,Healthy,Machine is safe. Continue regular monitoring.
FIN,246,1943,49800.0,11.81,1.2,28.86,Universal Analysis Mode,Healthy,Machine is safe. Continue regular monitoring.
FIN,246,1944,49800.0,11.71,1.21,28.81,Universal Analysis Mode,Healthy,Machine is safe. Continue regular monitoring.
FIN,246,1945,49800.0,9.93,1.05,28.47,Universal Analysis Mode,Healthy,Machine is safe. Continue regular monitoring.
FIN,246,1946,49800.0,9.77,1.12,28.37,Universal Analysis Mode,Healthy,Machine is safe. Continue regular monitoring.
FIN,246,1947,49800.0,14.48,1.9,29.32,Universal Analysis Mode,Healthy,Machine is safe. Continue regular monitoring.
FIN,246,1948,49800.0,14.07,1.99,29.35,Universal Analysis Mode,Healthy,Machine is safe. Continue regular monitoring.
FIN,246,1949,49800.0,12.71,1.78,28.91,Universal Analysis Mode,Healthy,Machine is safe. Continue regular monitoring.
FIN,246,1950,49800.0,12.08,1.71,28.74,Universal Analysis Mode,Healthy,Machine is safe. Continue regular monitoring.
FIN,246,1951,49800.0,11.2,1.71,28.54,Universal Analysis Mode,Healthy,Machine is safe. Continue regular monitoring.
FIN,246,1952,49800.0,10.96,1.71,28.53,Universal Analysis Mode,Healthy,Machine is safe. Continue regular monitoring.
FIN,246,1953,49800.0,12.27,1.93,29.03,Universal Analysis Mode,Healthy,Machine is safe. Continue regular monitoring.
FIN,246,1954,49800.0,12.21,1.93,28.93,Universal Analysis Mode,Healthy,Machine is safe. Continue regular monitoring.
FIN,246,1955,49800.0,12.27,1.93,28.59,Universal Analysis Mode,Healthy,Machine is safe. Continue regular monitoring.
FIN,246,1956,49800.0,12.07,1.93,28.57,Universal Analysis Mode,Healthy,Machine is safe. Continue regular monitoring.
FIN,246,1957,49800.0,11.48,1.9,28.3,Universal Analysis Mode,Healthy,Machine is safe. Continue regular monitoring.
FIN,246,1958,49800.0,12.25,2.08,28.74,Universal Analysis Mode,Healthy,Machine is safe. Continue regular monitoring.
FIN,246,1959,49800.0,12.14,2.08,28.77,Universal Analysis Mode,Healthy,Machine is safe. Continue regular monitoring.
FIN,246,1960,0.0,10.91,1.9,24.35,Universal Analysis Mode,Healthy,Machine is safe. Continue regular monitoring.
FIN,246,1961,0.0,10.24,1.8,24.3,Universal Analysis Mode,Healthy,Machine is safe. Continue regular monitoring.
FIN,246,1962,0.0,10.12,1.8,25.16,Universal Analysis Mode,Healthy,Machine is safe. Continue regular monitoring.
FIN,246,1963,0.0,9.99,1.8,24.99,Universal Analysis Mode,Healthy,Machine is safe. Continue regular monitoring.
FIN,246,1964,0.0,9.86,1.8,24.07,Universal Analysis Mode,Healthy,Machine is safe. Continue regular monitoring.
FIN,246,1965,0.0,9.71,1.8,24.67,Universal Analysis Mode,Healthy,Machine is safe. Continue regular monitoring.
FIN,246,1966,0.0,9.41,1.8,24.02,Universal Analysis Mode,Healthy,Machine is safe. Continue regular monitoring.
FIN,246,1967,0.0,9.16,1.8,23.9,Universal Analysis Mode,Healthy,Machine is safe. Continue regular monitoring.
FIN,246,1968,0.0,8.8,1.8,23.66,Universal Analysis Mode,Healthy,Machine is safe. Continue regular monitoring.
FIN,246,1969,0.0,8.35,1.8,23.77,Universal Analysis Mode,Healthy,Machine is safe. Continue regular monitoring.
FIN,246,1970,0.0,7.88,1.8,23.51,Universal Analysis Mode,Healthy,Machine is safe. Continue regular monitoring.
FIN,246,1971,0.0,9.41,2.24,23.84,Universal Analysis Mode,Healthy,Machine is safe. Continue regular monitoring.
FIN,246,1972,0.0,10.09,2.48,23.85,Universal Analysis Mode,Healthy,Machine is safe. Continue regular monitoring.
FIN,246,1973,0.0,12.59,3.29,24.08,Universal Analysis Mode,Healthy,Machine is safe. Continue regular monitoring.
FIN,246,1974,0.0,39.93,11.58,25.95,Universal Analysis Mode,Healthy,Machine is safe. Continue regular monitoring.
FIN,246,1975,0.0,36.44,11.53,26.21,Universal Analysis Mode,Healthy,Machine is safe. Continue regular monitoring.
FIN,246,1976,0.0,38.23,12.8,27.79,Universal Analysis Mode,Healthy,Machine is safe. Continue regular monitoring.
FIN,246,1977,0.0,39.04,13.92,28.99,Universal Analysis Mode,Healthy,Machine is safe. Continue regular monitoring.
FIN,246,1978,0.0,36.54,14.02,28.65,Universal Analysis Mode,Healthy,Machine is safe. Continue regular monitoring.
FIN,246,1979,0.0,74.02,31.61,31.02,Universal Analysis Mode,Warning,Maintenance inspection recommended soon.
FIN,246,1980,0.0,75.97,36.83,32.25,Universal Analysis Mode,Warning,Maintenance inspection recommended soon.
FIN,246,1981,0.0,67.14,35.93,32.73,Universal Analysis Mode,Warning,Maintenance inspection recommended soon.
FIN,246,1982,0.0,58.02,32.97,32.82,Universal Analysis Mode,Warning,Maintenance inspection recommended soon.
FIN,246,1983,0.0,50.39,29.55,32.42,Universal Analysis Mode,Warning,Maintenance inspection recommended soon.
FIN,246,1984,0.0,45.82,28.78,28.88,Universal Analysis Mode,Healthy,Machine is safe. Continue regular monitoring.
FIN,246,1985,0.0,43.43,27.56,28.6,Universal Analysis Mode,Healthy,Machine is safe. Continue regular monitoring.
FIN,246,1986,0.0,22.22,14.43,27.01,Universal Analysis Mode,Healthy,Machine is safe. Continue regular monitoring.
FIN,246,1987,0.0,27.46,18.44,25.27,Universal Analysis Mode,Healthy,Machine is safe. Continue regular monitoring.
FIN,246,1988,0.0,21.42,14.92,23.74,Universal Analysis Mode,Healthy,Machine is safe. Continue regular monitoring.
FIN,246,1989,0.0,24.87,18.23,24.18,Universal Analysis Mode,Healthy,Machine is safe. Continue regular monitoring.
FIN,246,1990,0.0,30.88,23.73,22.2,Universal Analysis Mode,Healthy,Machine is safe. Continue regular monitoring.
FIN,246,1991,0.0,24.95,20.0,22.06,Universal Analysis Mode,Healthy,Machine is safe. Continue regular monitoring.
FIN,246,1992,0.0,23.39,19.32,21.27,Universal Analysis Mode,Healthy,Machine is safe. Continue regular monitoring.
FIN,246,1993,0.0,20.01,16.97,20.18,Universal Analysis Mode,Healthy,Machine is safe. Continue regular monitoring.
FIN,246,1994,0.0,18.26,15.82,20.3,Universal Analysis Mode,Healthy,Machine is safe. Continue regular monitoring.
FIN,246,1995,0.0,19.1,17.02,19.57,Universal Analysis Mode,Healthy,Machine is safe. Continue regular monitoring.
FIN,246,1996,0.0,22.48,20.67,20.99,Universal Analysis Mode,Healthy,Machine is safe. Continue regular monitoring.
FIN,246,1997,0.0,20.38,19.09,20.82,Universal Analysis Mode,Healthy,Machine is safe. Continue regular monitoring.
FIN,246,1998,0.0,13.62,12.72,19.05,Universal Analysis Mode,Healthy,Machine is safe. Continue regular monitoring.
FIN,246,1999,0.0,18.56,17.97,19.75,Universal Analysis Mode,Healthy,Machine is safe. Continue regular monitoring.
FIN,246,2000,0.0,28.5,28.5,22.82,Universal Analysis Mode,Healthy,Machine is safe. Continue regular monitoring.
FIN,246,2001,0.0,23.7,24.44,22.75,Universal Analysis Mode,Healthy,Machine is safe. Continue regular monitoring.
FIN,246,2002,0.0,23.72,25.02,22.34,Universal Analysis Mode,Healthy,Machine is safe. Continue regular monitoring.
FIN,246,2003,0.0,26.54,28.83,24.38,Universal Analysis Mode,Healthy,Machine is safe. Continue regular monitoring.
FIN,246,2004,0.0,34.3,38.26,24.86,Universal Analysis Mode,Healthy,Machine is safe. Continue regular monitoring.
FIN,246,2005,0.0,47.26,54.52,26.1,Universal Analysis Mode,Healthy,Machine is safe. Continue regular monitoring.
FIN,246,2006,0.0,55.37,65.14,25.49,Universal Analysis Mode,Healthy,Machine is safe. Continue regular monitoring.
FIN,246,2007,0.0,60.12,72.39,25.44,Universal Analysis Mode,Healthy,Machine is safe. Continue regular monitoring.
FIN,246,2008,0.0,77.79,97.26,26.08,Universal Analysis Mode,Healthy,Machine is safe. Continue regular monitoring.
FIN,246,2009,0.0,49.5,61.67,23.8,Universal Analysis Mode,Healthy,Machine is safe. Continue regular monitoring.
FIN,246,2010,0.0,62.78,79.5,23.98,Universal Analysis Mode,Healthy,Machine is safe. Continue regular monitoring.
FIN,246,2011,0.0,85.17,111.26,23.45,Universal Analysis Mode,Healthy,Machine is safe. Continue regular monitoring.
FIN,246,2012,0.0,83.75,111.67,22.36,Universal Analysis Mode,Healthy,Machine is safe. Continue regular monitoring.
FIN,246,2013,0.0,80.32,108.66,26.4,Universal Analysis Mode,Healthy,Machine is safe. Continue regular monitoring.
FIN,246,2014,0.0,71.97,98.95,30.82,Universal Analysis Mode,Warning,Maintenance inspection recommended soon.
,991,1932,72404.0,10.86,0.87,31.19,Universal Analysis Mode,Warning,Maintenance inspection recommended soon.
,991,1933,76776.0,8.82,0.67,31.22,Universal Analysis Mode,Warning,Maintenance inspection recommended soon.
,991,1934,76093.0,12.72,1.0,31.62,Universal Analysis Mode,Warning,Maintenance inspection recommended soon.
,991,1935,73907.0,12.04,0.97,31.28,Universal Analysis Mode,Warning,Maintenance inspection recommended soon.
,991,1936,68716.0,13.38,1.09,31.56,Universal Analysis Mode,Warning,Maintenance inspection recommended soon.
,991,1937,68579.0,13.98,1.18,31.31,Universal Analysis Mode,Warning,Maintenance inspection recommended soon.
,991,1938,70082.0,13.66,1.13,31.35,Universal Analysis Mode,Warning,Maintenance inspection recommended soon.
,991,1939,68306.0,12.5,1.02,31.3,Universal Analysis Mode,Warning,Maintenance inspection recommended soon.
,991,1940,67760.0,12.38,1.02,31.22,Universal Analysis Mode,Warning,Maintenance inspection recommended soon.
,991,1941,56557.0,13.18,1.14,31.23,Universal Analysis Mode,Warning,Maintenance inspection recommended soon.
,991,1942,63251.0,12.42,1.19,31.05,Universal Analysis Mode,Warning,Maintenance inspection recommended soon.
,991,1943,48634.0,11.81,1.2,30.24,Universal Analysis Mode,Warning,Maintenance inspection recommended soon.
,991,1944,41530.0,11.71,1.21,30.23,Universal Analysis Mode,Warning,Maintenance inspection recommended soon.
,991,1945,27869.0,9.93,1.05,29.99,Universal Analysis Mode,Healthy,Machine is safe. Continue regular monitoring.
,991,1946,50410.0,9.77,1.12,30.35,Universal Analysis Mode,Warning,Maintenance inspection recommended soon.
,991,1947,48771.0,14.48,1.9,30.67,Universal Analysis Mode,Warning,Maintenance inspection recommended soon.
,991,1948,50547.0,14.07,1.99,31.26,Universal Analysis Mode,Warning,Maintenance inspection recommended soon.
,991,1949,56421.0,12.71,1.78,30.84,Universal Analysis Mode,Warning,Maintenance inspection recommended soon.
,991,1950,127459.0,12.08,1.71,32.06,Universal Analysis Mode,Warning,Maintenance inspection recommended soon.
,991,1951,284836.0,11.2,1.71,34.73,Universal Analysis Mode,Warning,Maintenance inspection recommended soon.
,991,1952,372268.0,10.96,1.71,35.45,Universal Analysis Mode,Warning,Maintenance inspection recommended soon.
,991,1953,436202.0,12.27,1.93,37.39,Universal Analysis Mode,Warning,Maintenance inspection recommended soon.
,991,1954,571858.0,12.21,1.93,38.24,Universal Analysis Mode,Warning,Maintenance inspection recommended soon.
,991,1955,910109.0,12.27,1.93,44.03,Universal Analysis Mode,Warning,Maintenance inspection recommended soon.
,991,1956,1277732.0,12.07,1.93,45.88,Universal Analysis Mode,Warning,Maintenance inspection recommended soon.
,991,1957,1401366.0,11.48,1.9,45.89,Universal Analysis Mode,Warning,Maintenance inspection recommended soon.
,991,1958,1816667.0,12.25,2.08,47.41,Universal Analysis Mode,Warning,Maintenance inspection recommended soon.
,991,1959,2907104.0,12.14,2.08,49.24,Universal Analysis Mode,Warning,Maintenance inspection recommended soon.
,991,1960,11181148.0,10.91,1.9,51.24,Universal Analysis Mode,Warning,Maintenance inspection recommended soon.
,991,1961,18728142.0,10.24,1.8,51.62,Universal Analysis Mode,Warning,Maintenance inspection recommended soon.
,991,1962,49800.0,10.12,1.8,30.46,Universal Analysis Mode,Warning,Maintenance inspection recommended soon.
,991,1963,49800.0,9.99,1.8,30.29,Universal Analysis Mode,Warning,Maintenance inspection recommended soon.
,991,1964,49800.0,9.86,1.8,29.37,Universal Analysis Mode,Healthy,Machine is safe. Continue regular monitoring.
,991,1965,49800.0,9.71,1.8,29.97,Universal Analysis Mode,Healthy,Machine is safe. Continue regular monitoring.
,991,1966,49800.0,9.41,1.8,29.32,Universal Analysis Mode,Healthy,Machine is safe. Continue regular monitoring.
,991,1967,49800.0,9.16,1.8,29.2,Universal Analysis Mode,Healthy,Machine is safe. Continue regular monitoring.
,991,1968,49800.0,8.8,1.8,28.95,Universal Analysis Mode,Healthy,Machine is safe. Continue regular monitoring.
,991,1969,49800.0,8.35,1.8,29.06,Universal Analysis Mode,Healthy,Machine is safe. Continue regular monitoring.
,991,1970,49800.0,7.88,1.8,28.8,Universal Analysis Mode,Healthy,Machine is safe. Continue regular monitoring.
,991,1971,49800.0,9.41,2.24,29.13,Universal Analysis Mode,Healthy,Machine is safe. Continue regular monitoring.
,991,1972,49800.0,10.09,2.48,29.14,Universal Analysis Mode,Healthy,Machine is safe. Continue regular monitoring.
,991,1973,49800.0,12.59,3.29,29.37,Universal Analysis Mode,Healthy,Machine is safe. Continue regular monitoring.
,991,1974,49800.0,39.93,11.58,31.24,Universal Analysis Mode,Warning,Maintenance inspection recommended soon.
,991,1975,49800.0,36.44,11.53,31.49,Universal Analysis Mode,Warning,Maintenance inspection recommended soon.
,991,1976,49800.0,38.23,12.8,33.08,Universal Analysis Mode,Warning,Maintenance inspection recommended soon.
,991,1977,49800.0,39.04,13.92,34.27,Universal Analysis Mode,Warning,Maintenance inspection recommended soon.
,991,1978,49800.0,36.54,14.02,33.93,Universal Analysis Mode,Warning,Maintenance inspection recommended soon.
,991,1979,49800.0,74.02,31.61,36.3,Universal Analysis Mode,Warning,Maintenance inspection recommended soon.
,991,1980,49800.0,75.97,36.83,37.53,Universal Analysis Mode,Warning,Maintenance inspection recommended soon.
,991,1981,49800.0,67.14,35.93,38.01,Universal Analysis Mode,Warning,Maintenance inspection recommended soon.
,991,1982,49800.0,58.02,32.97,38.09,Universal Analysis Mode,Warning,Maintenance inspection recommended soon.
,991,1983,49800.0,50.39,29.55,37.69,Universal Analysis Mode,Warning,Maintenance inspection recommended soon.
,991,1984,49800.0,45.82,28.78,37.31,Universal Analysis Mode,Warning,Maintenance inspection recommended soon.
,991,1985,49800.0,43.43,27.56,37.04,Universal Analysis Mode,Warning,Maintenance inspection recommended soon.
,991,1986,49800.0,22.22,14.43,34.63,Universal Analysis Mode,Warning,Maintenance inspection recommended soon.
,991,1987,49800.0,27.46,18.44,33.69,Universal Analysis Mode,Warning,Maintenance inspection recommended soon.
,991,1988,49800.0,21.42,14.92,32.11,Universal Analysis Mode,Warning,Maintenance inspection recommended soon.
,991,1989,49800.0,24.87,18.23,32.56,Universal Analysis Mode,Warning,Maintenance inspection recommended soon.
,991,1990,49800.0,30.88,23.73,34.53,Universal Analysis Mode,Warning,Maintenance inspection recommended soon.
,991,1991,49800.0,24.95,20.0,34.4,Universal Analysis Mode,Warning,Maintenance inspection recommended soon.
,991,1992,49800.0,23.39,19.32,32.86,Universal Analysis Mode,Warning,Maintenance inspection recommended soon.
,991,1993,49800.0,20.01,16.97,32.45,Universal Analysis Mode,Warning,Maintenance inspection recommended soon.
,991,1994,49800.0,18.26,15.82,31.89,Universal Analysis Mode,Warning,Maintenance inspection recommended soon.
,991,1995,49800.0,19.1,17.02,31.81,Universal Analysis Mode,Warning,Maintenance inspection recommended soon.
,991,1996,49800.0,22.48,20.67,32.57,Universal Analysis Mode,Warning,Maintenance inspection recommended soon.
,991,1997,49800.0,20.38,19.09,32.39,Universal Analysis Mode,Warning,Maintenance inspection recommended soon.
,991,1998,49800.0,13.62,12.72,31.35,Universal Analysis Mode,Warning,Maintenance inspection recommended soon.
,991,1999,49800.0,18.56,17.97,32.09,Universal Analysis Mode,Warning,Maintenance inspection recommended soon.
,991,2000,49800.0,28.5,28.5,35.25,Universal Analysis Mode,Warning,Maintenance inspection recommended soon.
,991,2001,49800.0,23.7,24.44,35.18,Universal Analysis Mode,Warning,Maintenance inspection recommended soon.
,991,2002,49800.0,23.72,25.02,34.76,Universal Analysis Mode,Warning,Maintenance inspection recommended soon.
,991,2003,49800.0,26.54,28.83,36.86,Universal Analysis Mode,Warning,Maintenance inspection recommended soon.
,991,2004,49800.0,34.3,38.26,37.36,Universal Analysis Mode,Warning,Maintenance inspection recommended soon.
,991,2005,49800.0,47.26,54.52,38.6,Universal Analysis Mode,Warning,Maintenance inspection recommended soon.
,991,2006,49800.0,55.37,65.14,38.02,Universal Analysis Mode,Warning,Maintenance inspection recommended soon.
,991,2007,49800.0,60.12,72.39,37.97,Universal Analysis Mode,Warning,Maintenance inspection recommended soon.
,991,2008,49800.0,77.79,97.26,38.62,Universal Analysis Mode,Warning,Maintenance inspection recommended soon.
,991,2009,49800.0,49.5,61.67,35.51,Universal Analysis Mode,Warning,Maintenance inspection recommended soon.
,991,2010,49800.0,62.78,79.5,36.26,Universal Analysis Mode,Warning,Maintenance inspection recommended soon.
,991,2011,49800.0,85.17,111.26,35.72,Universal Analysis Mode,Warning,Maintenance inspection recommended soon.
,991,2012,49800.0,83.75,111.67,34.59,Universal Analysis Mode,Warning,Maintenance inspection recommended soon.
,991,2013,49800.0,80.32,108.66,34.82,Universal Analysis Mode,Warning,Maintenance inspection recommended soon.
,991,2014,49800.0,71.97,98.95,35.86,Universal Analysis Mode,Warning,Maintenance inspection recommended soon.
FRA,250,1932,72404.0,10.86,0.87,30.74,Universal Analysis Mode,Warning,Maintenance inspection recommended soon.
FRA,250,1933,76776.0,8.82,0.67,30.76,Universal Analysis Mode,Warning,Maintenance inspection recommended soon.
FRA,250,1934,76093.0,12.72,1.0,31.16,Universal Analysis Mode,Warning,Maintenance inspection recommended soon.
FRA,250,1935,73907.0,12.04,0.97,30.82,Universal Analysis Mode,Warning,Maintenance inspection recommended soon.
FRA,250,1936,68716.0,13.38,1.09,31.1,Universal Analysis Mode,Warning,Maintenance inspection recommended soon.
FRA,250,1937,68579.0,13.98,1.18,30.85,Universal Analysis Mode,Warning,Maintenance inspection recommended soon.
FRA,250,1938,70082.0,13.66,1.13,30.89,Universal Analysis Mode,Warning,Maintenance inspection recommended soon.
FRA,250,1939,68306.0,12.5,1.02,30.84,Universal Analysis Mode,Warning,Maintenance inspection recommended soon.
FRA,250,1940,67760.0,12.38,1.02,30.76,Universal Analysis Mode,Warning,Maintenance inspection recommended soon.
FRA,250,1941,56557.0,13.18,1.14,30.76,Universal Analysis Mode,Warning,Maintenance inspection recommended soon.
FRA,250,1942,63251.0,12.42,1.19,30.58,Universal Analysis Mode,Warning,Maintenance inspection recommended soon.
FRA,250,1943,48634.0,11.81,1.2,29.77,Universal Analysis Mode,Healthy,Machine is safe. Continue regular monitoring.
FRA,250,1944,40984.0,11.71,1.21,29.77,Universal Analysis Mode,Healthy,Machine is safe. Continue regular monitoring.
FRA,250,1945,27596.0,9.93,1.05,29.52,Universal Analysis Mode,Healthy,Machine is safe. Continue regular monitoring.
FRA,250,1946,50273.0,9.77,1.12,29.88,Universal Analysis Mode,Healthy,Machine is safe. Continue regular monitoring.
FRA,250,1947,48634.0,14.48,1.9,30.2,Universal Analysis Mode,Warning,Maintenance inspection recommended soon.
FRA,250,1948,50410.0,14.07,1.99,30.79,Universal Analysis Mode,Warning,Maintenance inspection recommended soon.
FRA,250,1949,56148.0,12.71,1.78,30.37,Universal Analysis Mode,Warning,Maintenance inspection recommended soon.
FRA,250,1950,124180.0,12.08,1.71,31.57,Universal Analysis Mode,Warning,Maintenance inspection recommended soon.
FRA,250,1951,278142.0,11.2,1.71,34.19,Universal Analysis Mode,Warning,Maintenance inspection recommended soon.
FRA,250,1952,324727.0,10.96,1.71,34.54,Universal Analysis Mode,Warning,Maintenance inspection recommended soon.
FRA,250,1953,349044.0,12.27,1.93,36.06,Universal Analysis Mode,Warning,Maintenance inspection recommended soon.
FRA,250,1954,493989.0,12.21,1.93,37.19,Universal Analysis Mode,Warning,Maintenance inspection recommended soon.
FRA,250,1955,850273.0,12.27,1.93,44.02,Universal Analysis Mode,Warning,Maintenance inspection recommended soon.
FRA,250,1956,1243169.0,12.07,1.93,45.58,Universal Analysis Mode,Warning,Maintenance inspection recommended soon.
FRA,250,1957,1387568.0,11.48,1.9,45.64,Universal Analysis Mode,Warning,Maintenance inspection recommended soon.
FRA,250,1958,1363798.0,12.25,2.08,46.47,Universal Analysis Mode,Warning,Maintenance inspection recommended soon.
FRA,250,1959,1583880.0,12.14,2.08,47.89,Universal Analysis Mode,Warning,Maintenance inspection recommended soon.
FRA,250,1960,1944399.0,10.91,1.9,49.42,Universal Analysis Mode,Warning,Maintenance inspection recommended soon.
FRA,250,1961,2128142.0,10.24,1.8,49.86,Universal Analysis Mode,Warning,Maintenance inspection recommended soon.
FRA,250,1962,2332104.0,10.12,1.8,51.88,Universal Analysis Mode,Warning,Maintenance inspection recommended soon.
FRA,250,1963,2522000.0,9.99,1.8,51.68,Universal Analysis Mode,Warning,Maintenance inspection recommended soon.
FRA,250,1964,2845000.0,9.86,1.8,50.82,Universal Analysis Mode,Warning,Maintenance inspection recommended soon.
FRA,250,1965,2988000.0,9.71,1.8,51.49,Universal Analysis Mode,Warning,Maintenance inspection recommended soon.
FRA,250,1966,2925000.0,9.41,1.8,50.83,Universal Analysis Mode,Warning,Maintenance inspection recommended soon.
FRA,250,1967,2832000.0,9.16,1.8,50.72,Universal Analysis Mode,Warning,Maintenance inspection recommended soon.
FRA,250,1968,2688000.0,8.8,1.8,50.43,Universal Analysis Mode,Warning,Maintenance inspection recommended soon.
FRA,250,1969,2487295.0,8.35,1.8,50.61,Universal Analysis Mode,Warning,Maintenance inspection recommended soon.
FRA,250,1970,2309000.0,7.88,1.8,50.41,Universal Analysis Mode,Warning,Maintenance inspection recommended soon.
FRA,250,1971,1861000.0,9.41,2.24,50.73,Universal Analysis Mode,Warning,Maintenance inspection recommended soon.
FRA,250,1972,1484000.0,10.09,2.48,50.7,Universal Analysis Mode,Warning,Maintenance inspection recommended soon.
FRA,250,1973,1254000.0,12.59,3.29,50.96,Universal Analysis Mode,Warning,Maintenance inspection recommended soon.
FRA,250,1974,1080000.0,39.93,11.58,53.13,Universal Analysis Mode,Warning,Maintenance inspection recommended soon.
FRA,250,1975,1028000.0,36.44,11.53,53.41,Universal Analysis Mode,Warning,Maintenance inspection recommended soon.
FRA,250,1976,1057000.0,38.23,12.8,55.1,Universal Analysis Mode,Warning,Maintenance inspection recommended soon.
FRA,250,1977,1037000.0,39.04,13.92,56.48,Universal Analysis Mode,Warning,Maintenance inspection recommended soon.
FRA,250,1978,1117000.0,36.54,14.02,56.12,Universal Analysis Mode,Warning,Maintenance inspection recommended soon.
FRA,250,1979,1197000.0,74.02,31.61,58.85,Universal Analysis Mode,Warning,Maintenance inspection recommended soon.
FRA,250,1980,1196000.0,75.97,36.83,60.39,Universal Analysis Mode,Warning,Maintenance inspection recommended soon.
FRA,250,1981,1676000.0,67.14,35.93,61.0,Universal Analysis Mode,Warning,Maintenance inspection recommended soon.
FRA,250,1982,1646000.0,58.02,32.97,61.02,Universal Analysis Mode,Warning,Maintenance inspection recommended soon.
FRA,250,1983,1661000.0,50.39,29.55,60.57,Universal Analysis Mode,Warning,Maintenance inspection recommended soon.
FRA,250,1984,2065000.0,45.82,28.78,56.88,Universal Analysis Mode,Warning,Maintenance inspection recommended soon.
FRA,250,1985,2642000.0,43.43,27.56,56.58,Universal Analysis Mode,Warning,Maintenance inspection recommended soon.
FRA,250,1986,2948000.0,22.22,14.43,54.55,Universal Analysis Mode,Warning,Maintenance inspection recommended soon.
FRA,250,1987,3230000.0,27.46,18.44,53.52,Universal Analysis Mode,Warning,Maintenance inspection recommended soon.
FRA,250,1988,3355000.0,21.42,14.92,51.53,Universal Analysis Mode,Warning,Maintenance inspection recommended soon.
FRA,250,1989,3244000.0,24.87,18.23,52.05,Universal Analysis Mode,Warning,Maintenance inspection recommended soon.
FRA,250,1990,3024000.0,30.88,23.73,50.83,Universal Analysis Mode,Warning,Maintenance inspection recommended soon.
FRA,250,1991,2952000.0,24.95,20.0,50.57,Universal Analysis Mode,Warning,Maintenance inspection recommended soon.
FRA,250,1992,2866000.0,23.39,19.32,48.92,Universal Analysis Mode,Warning,Maintenance inspection recommended soon.
FRA,250,1993,2752000.0,20.01,16.97,48.46,Universal Analysis Mode,Warning,Maintenance inspection recommended soon.
FRA,250,1994,2769000.0,18.26,15.82,47.99,Universal Analysis Mode,Warning,Maintenance inspection recommended soon.
FRA,250,1995,2503000.0,19.1,17.02,47.83,Universal Analysis Mode,Warning,Maintenance inspection recommended soon.
FRA,250,1996,2107000.0,22.48,20.67,48.48,Universal Analysis Mode,Warning,Maintenance inspection recommended soon.
FRA,250,1997,1780000.0,20.38,19.09,47.81,Universal Analysis Mode,Warning,Maintenance inspection recommended soon.
FRA,250,1998,1709000.0,13.62,12.72,45.9,Universal Analysis Mode,Warning,Maintenance inspection recommended soon.
FRA,250,1999,1539000.0,18.56,17.97,46.74,Universal Analysis Mode,Warning,Maintenance inspection recommended soon.
FRA,250,2000,1417000.0,28.5,28.5,50.67,Universal Analysis Mode,Warning,Maintenance inspection recommended soon.
FRA,250,2001,1390170.49,23.7,24.44,50.61,Universal Analysis Mode,Warning,Maintenance inspection recommended soon.
FRA,250,2002,1340506.94,23.72,25.02,50.57,Universal Analysis Mode,Warning,Maintenance inspection recommended soon.
FRA,250,2003,1199020.16,26.54,28.83,52.04,Universal Analysis Mode,Warning,Maintenance inspection recommended soon.
FRA,250,2004,1161863.88,34.3,38.26,52.57,Universal Analysis Mode,Warning,Maintenance inspection recommended soon.
FRA,250,2005,1062582.1,47.26,54.52,53.94,Universal Analysis Mode,Warning,Maintenance inspection recommended soon.
FRA,250,2006,1070631.77,55.37,65.14,53.26,Universal Analysis Mode,Warning,Maintenance inspection recommended soon.
FRA,250,2007,987813.88,60.12,72.39,53.89,Universal Analysis Mode,Warning,Maintenance inspection recommended soon.
FRA,250,2008,971100.0,77.79,97.26,54.69,Universal Analysis Mode,Warning,Maintenance inspection recommended soon.
FRA,250,2009,903903.86,49.5,61.67,50.55,Universal Analysis Mode,Warning,Maintenance inspection recommended soon.
FRA,250,2010,900629.51,62.78,79.5,50.04,Universal Analysis Mode,Warning,Maintenance inspection recommended soon.
FRA,250,2011,887940.97,85.17,111.26,49.72,Universal Analysis Mode,Warning,Maintenance inspection recommended soon.
FRA,250,2012,809318.23,83.75,111.67,47.97,Universal Analysis Mode,Warning,Maintenance inspection recommended soon.
FRA,250,2013,796936.45,80.32,108.66,47.98,Universal Analysis Mode,Warning,Maintenance inspection recommended soon.
FRA,250,2014,763782.1,71.97,98.95,54.08,Universal Analysis Mode,Warning,Maintenance inspection recommended soon.
GAB,266,1932,49800.0,10.86,0.87,28.9,Universal Analysis Mode,Healthy,Machine is safe. Continue regular monitoring.
GAB,266,1933,49800.0,8.82,0.67,28.88,Universal Analysis Mode,Healthy,Machine is safe. Continue regular monitoring.
GAB,266,1934,49800.0,12.72,1.0,29.36,Universal Analysis Mode,Healthy,Machine is safe. Continue regular monitoring.
GAB,266,1935,49800.0,12.04,0.97,29.01,Universal Analysis Mode,Healthy,Machine is safe. Continue regular monitoring.
GAB,266,1936,49800.0,13.38,1.09,29.31,Universal Analysis Mode,Healthy,Machine is safe. Continue regular monitoring.
GAB,266,1937,49800.0,13.98,1.18,29.08,Universal Analysis Mode,Healthy,Machine is safe. Continue regular monitoring.
GAB,266,1938,49800.0,13.66,1.13,29.11,Universal Analysis Mode,Healthy,Machine is safe. Continue regular monitoring.
GAB,266,1939,49800.0,12.5,1.02,29.03,Universal Analysis Mode,Healthy,Machine is safe. Continue regular monitoring.
GAB,266,1940,49800.0,12.38,1.02,28.96,Universal Analysis Mode,Healthy,Machine is safe. Continue regular monitoring.
GAB,266,1941,49800.0,13.18,1.14,28.98,Universal Analysis Mode,Healthy,Machine is safe. Continue regular monitoring.
GAB,266,1942,49800.0,12.42,1.19,28.8,Universal Analysis Mode,Healthy,Machine is safe. Continue regular monitoring.
GAB,266,1943,49800.0,11.81,1.2,28.55,Universal Analysis Mode,Healthy,Machine is safe. Continue regular monitoring.
GAB,266,1944,49800.0,11.71,1.21,28.5,Universal Analysis Mode,Healthy,Machine is safe. Continue regular monitoring.
GAB,266,1945,49800.0,9.93,1.05,28.16,Universal Analysis Mode,Healthy,Machine is safe. Continue regular monitoring.
GAB,266,1946,49800.0,9.77,1.12,28.05,Universal Analysis Mode,Healthy,Machine is safe. Continue regular monitoring.
GAB,266,1947,49800.0,14.48,1.9,29.0,Universal Analysis Mode,Healthy,Machine is safe. Continue regular monitoring.
GAB,266,1948,49800.0,14.07,1.99,29.03,Universal Analysis Mode,Healthy,Machine is safe. Continue regular monitoring.
GAB,266,1949,49800.0,12.71,1.78,28.58,Universal Analysis Mode,Healthy,Machine is safe. Continue regular monitoring.
GAB,266,1950,49800.0,12.08,1.71,27.41,Universal Analysis Mode,Healthy,Machine is safe. Continue regular monitoring.
GAB,266,1951,49800.0,11.2,1.71,27.22,Universal Analysis Mode,Healthy,Machine is safe. Continue regular monitoring.
GAB,266,1952,49800.0,10.96,1.71,27.2,Universal Analysis Mode,Healthy,Machine is safe. Continue regular monitoring.
GAB,266,1953,49800.0,12.27,1.93,27.7,Universal Analysis Mode,Healthy,Machine is safe. Continue regular monitoring.
GAB,266,1954,49800.0,12.21,1.93,27.6,Universal Analysis Mode,Healthy,Machine is safe. Continue regular monitoring.
GAB,266,1955,49800.0,12.27,1.93,27.25,Universal Analysis Mode,Healthy,Machine is safe. Continue regular monitoring.
GAB,266,1956,49800.0,12.07,1.93,27.23,Universal Analysis Mode,Healthy,Machine is safe. Continue regular monitoring.
GAB,266,1957,164891.0,11.48,1.9,35.06,Universal Analysis Mode,Warning,Maintenance inspection recommended soon.
GAB,266,1958,484973.0,12.25,2.08,40.53,Universal Analysis Mode,Warning,Maintenance inspection recommended soon.
GAB,266,1959,723361.0,12.14,2.08,42.26,Universal Analysis Mode,Warning,Maintenance inspection recommended soon.
GAB,266,1960,768579.0,10.91,1.9,42.9,Universal Analysis Mode,Warning,Maintenance inspection recommended soon.
GAB,266,1961,743989.0,10.24,1.8,42.43,Universal Analysis Mode,Warning,Maintenance inspection recommended soon.
GAB,266,1962,818579.0,10.12,1.8,43.72,Universal Analysis Mode,Warning,Maintenance inspection recommended soon.
GAB,266,1963,880601.0,9.99,1.8,43.73,Universal Analysis Mode,Warning,Maintenance inspection recommended soon.
GAB,266,1964,1047541.0,9.86,1.8,43.33,Universal Analysis Mode,Warning,Maintenance inspection recommended soon.
GAB,266,1965,1251503.0,9.71,1.8,44.56,Universal Analysis Mode,Warning,Maintenance inspection recommended soon.
GAB,266,1966,1432240.0,9.41,1.8,44.3,Universal Analysis Mode,Warning,Maintenance inspection recommended soon.
GAB,266,1967,3443033.0,9.16,1.8,45.95,Universal Analysis Mode,Warning,Maintenance inspection recommended soon.
GAB,266,1968,4594262.0,8.8,1.8,45.92,Universal Analysis Mode,Warning,Maintenance inspection recommended soon.
GAB,266,1969,4975546.0,8.35,1.8,46.06,Universal Analysis Mode,Warning,Maintenance inspection recommended soon.
GAB,266,1970,5423000.0,7.88,1.8,45.9,Universal Analysis Mode,Warning,Maintenance inspection recommended soon.
GAB,266,1971,5785000.0,9.41,2.24,46.57,Universal Analysis Mode,Warning,Maintenance inspection recommended soon.
GAB,266,1972,6309000.0,10.09,2.48,46.7,Universal Analysis Mode,Warning,Maintenance inspection recommended soon.
GAB,266,1973,7598000.0,12.59,3.29,47.53,Universal Analysis Mode,Warning,Maintenance inspection recommended soon.
GAB,266,1974,10200000.0,39.93,11.58,50.19,Universal Analysis Mode,Warning,Maintenance inspection recommended soon.
GAB,266,1975,11100000.0,36.44,11.53,50.48,Universal Analysis Mode,Warning,Maintenance inspection recommended soon.
GAB,266,1976,11300000.0,38.23,12.8,52.15,Universal Analysis Mode,Warning,Maintenance inspection recommended soon.
GAB,266,1977,11300000.0,39.04,13.92,53.41,Universal Analysis Mode,Warning,Maintenance inspection recommended soon.
GAB,266,1978,10600000.0,36.54,14.02,53.0,Universal Analysis Mode,Warning,Maintenance inspection recommended soon.
GAB,266,1979,10300000.0,74.02,31.61,55.75,Universal Analysis Mode,Warning,Maintenance inspection recommended soon.
GAB,266,1980,8895000.0,75.97,36.83,56.98,Universal Analysis Mode,Warning,Maintenance inspection recommended soon.
GAB,266,1981,7652000.0,67.14,35.93,57.39,Universal Analysis Mode,Warning,Maintenance inspection recommended soon.
GAB,266,1982,7792000.0,58.02,32.97,57.47,Universal Analysis Mode,Warning,Maintenance inspection recommended soon.
GAB,266,1983,7870000.0,50.39,29.55,56.94,Universal Analysis Mode,Warning,Maintenance inspection recommended soon.
GAB,266,1984,7919000.0,45.82,28.78,56.59,Universal Analysis Mode,Warning,Maintenance inspection recommended soon.
GAB,266,1985,8626000.0,43.43,27.56,56.36,Universal Analysis Mode,Warning,Maintenance inspection recommended soon.
GAB,266,1986,8295000.0,22.22,14.43,57.17,Universal Analysis Mode,Warning,Maintenance inspection recommended soon.
GAB,266,1987,7730000.0,27.46,18.44,56.18,Universal Analysis Mode,Warning,Maintenance inspection recommended soon.
GAB,266,1988,8890000.0,21.42,14.92,54.54,Universal Analysis Mode,Warning,Maintenance inspection recommended soon.
GAB,266,1989,10200000.0,24.87,18.23,55.24,Universal Analysis Mode,Warning,Maintenance inspection recommended soon.
GAB,266,1990,13500000.0,30.88,23.73,57.77,Universal Analysis Mode,Warning,Maintenance inspection recommended soon.
GAB,266,1991,14700000.0,24.95,20.0,57.6,Universal Analysis Mode,Warning,Maintenance inspection recommended soon.
GAB,266,1992,14500000.0,23.39,19.32,55.99,Universal Analysis Mode,Warning,Maintenance inspection recommended soon.
GAB,266,1993,15200000.0,20.01,16.97,55.54,Universal Analysis Mode,Warning,Maintenance inspection recommended soon.
GAB,266,1994,16800000.0,18.26,15.82,54.97,Universal Analysis Mode,Warning,Maintenance inspection recommended soon.
GAB,266,1995,17800000.0,19.1,17.02,54.97,Universal Analysis Mode,Warning,Maintenance inspection recommended soon.
GAB,266,1996,18300000.0,22.48,20.67,55.86,Universal Analysis Mode,Warning,Maintenance inspection recommended soon.
GAB,266,1997,18200000.0,20.38,19.09,55.62,Universal Analysis Mode,Warning,Maintenance inspection recommended soon.
GAB,266,1998,16900000.0,13.62,12.72,54.29,Universal Analysis Mode,Warning,Maintenance inspection recommended soon.
GAB,266,1999,17000000.0,18.56,17.97,55.2,Universal Analysis Mode,Warning,Maintenance inspection recommended soon.
GAB,266,2000,16400000.0,28.5,28.5,58.64,Universal Analysis Mode,Warning,Maintenance inspection recommended soon.
GAB,266,2001,13400000.0,23.7,24.44,58.94,Universal Analysis Mode,Warning,Maintenance inspection recommended soon.
GAB,266,2002,12500000.0,23.72,25.02,58.45,Universal Analysis Mode,Warning,Maintenance inspection recommended soon.
GAB,266,2003,12000000.0,26.54,28.83,60.71,Universal Analysis Mode,Warning,Maintenance inspection recommended soon.
GAB,266,2004,11900000.0,34.3,38.26,61.34,Universal Analysis Mode,Warning,Maintenance inspection recommended soon.
GAB,266,2005,13300000.0,47.26,54.52,62.91,Universal Analysis Mode,Warning,Maintenance inspection recommended soon.
GAB,266,2006,11800000.0,55.37,65.14,62.23,Universal Analysis Mode,Warning,Maintenance inspection recommended soon.
GAB,266,2007,12162185.38,60.12,72.39,62.24,Universal Analysis Mode,Warning,Maintenance inspection recommended soon.
GAB,266,2008,12357203.18,77.79,97.26,63.08,Universal Analysis Mode,Warning,Maintenance inspection recommended soon.
GAB,266,2009,12058012.75,49.5,61.67,59.56,Universal Analysis Mode,Warning,Maintenance inspection recommended soon.
GAB,266,2010,12244660.16,62.78,79.5,60.86,Universal Analysis Mode,Warning,Maintenance inspection recommended soon.
GAB,266,2011,12187219.84,85.17,111.26,60.45,Universal Analysis Mode,Warning,Maintenance inspection recommended soon.
GAB,266,2012,12067927.93,83.75,111.67,58.91,Universal Analysis Mode,Warning,Maintenance inspection recommended soon.
GAB,266,2013,11915024.99,80.32,108.66,54.67,Universal Analysis Mode,Warning,Maintenance inspection recommended soon.
GAB,266,2014,11952000.0,71.97,98.95,55.7,Universal Analysis Mode,Warning,Maintenance inspection recommended soon.
GMB,270,1932,49800.0,10.86,0.87,28.91,Universal Analysis Mode,Healthy,Machine is safe. Continue regular monitoring.
GMB,270,1933,49800.0,8.82,0.67,28.89,Universal Analysis Mode,Healthy,Machine is safe. Continue regular monitoring.
GMB,270,1934,49800.0,12.72,1.0,29.37,Universal Analysis Mode,Healthy,Machine is safe. Continue regular monitoring.
GMB,270,1935,49800.0,12.04,0.97,29.02,Universal Analysis Mode,Healthy,Machine is safe. Continue regular monitoring.
GMB,270,1936,49800.0,13.38,1.09,29.33,Universal Analysis Mode,Healthy,Machine is safe. Continue regular monitoring.
GMB,270,1937,49800.0,13.98,1.18,29.09,Universal Analysis Mode,Healthy,Machine is safe. Continue regular monitoring.
GMB,270,1938,49800.0,13.66,1.13,29.12,Universal Analysis Mode,Healthy,Machine is safe. Continue regular monitoring.
GMB,270,1939,49800.0,12.5,1.02,29.05,Universal Analysis Mode,Healthy,Machine is safe. Continue regular monitoring.
GMB,270,1940,49800.0,12.38,1.02,28.97,Universal Analysis Mode,Healthy,Machine is safe. Continue regular monitoring.
GMB,270,1941,49800.0,13.18,1.14,29.0,Universal Analysis Mode,Healthy,Machine is safe. Continue regular monitoring.
GMB,270,1942,49800.0,12.42,1.19,28.81,Universal Analysis Mode,Healthy,Machine is safe. Continue regular monitoring.
GMB,270,1943,49800.0,11.81,1.2,28.56,Universal Analysis Mode,Healthy,Machine is safe. Continue regular monitoring.
GMB,270,1944,49800.0,11.71,1.21,28.52,Universal Analysis Mode,Healthy,Machine is safe. Continue regular monitoring.
GMB,270,1945,49800.0,9.93,1.05,28.18,Universal Analysis Mode,Healthy,Machine is safe. Continue regular monitoring.
GMB,270,1946,49800.0,9.77,1.12,28.07,Universal Analysis Mode,Healthy,Machine is safe. Continue regular monitoring.
GMB,270,1947,49800.0,14.48,1.9,29.02,Universal Analysis Mode,Healthy,Machine is safe. Continue regular monitoring.
GMB,270,1948,49800.0,14.07,1.99,29.04,Universal Analysis Mode,Healthy,Machine is safe. Continue regular monitoring.
GMB,270,1949,49800.0,12.71,1.78,28.59,Universal Analysis Mode,Healthy,Machine is safe. Continue regular monitoring.
GMB,270,1950,49800.0,12.08,1.71,27.36,Universal Analysis Mode,Healthy,Machine is safe. Continue regular monitoring.
GMB,270,1951,49800.0,11.2,1.71,27.17,Universal Analysis Mode,Healthy,Machine is safe. Continue regular monitoring.
GMB,270,1952,49800.0,10.96,1.71,27.15,Universal Analysis Mode,Healthy,Machine is safe. Continue regular monitoring.
GMB,270,1953,49800.0,12.27,1.93,27.65,Universal Analysis Mode,Healthy,Machine is safe. Continue regular monitoring.
GMB,270,1954,49800.0,12.21,1.93,27.55,Universal Analysis Mode,Healthy,Machine is safe. Continue regular monitoring.
GMB,270,1955,49800.0,12.27,1.93,27.21,Universal Analysis Mode,Healthy,Machine is safe. Continue regular monitoring.
GMB,270,1956,49800.0,12.07,1.93,27.19,Universal Analysis Mode,Healthy,Machine is safe. Continue regular monitoring.
GMB,270,1957,49800.0,11.48,1.9,26.92,Universal Analysis Mode,Healthy,Machine is safe. Continue regular monitoring.
GMB,270,1958,49800.0,12.25,2.08,27.36,Universal Analysis Mode,Healthy,Machine is safe. Continue regular monitoring.
GMB,270,1959,49800.0,12.14,2.08,27.39,Universal Analysis Mode,Healthy,Machine is safe. Continue regular monitoring.
GMB,270,1960,49800.0,10.91,1.9,27.32,Universal Analysis Mode,Healthy,Machine is safe. Continue regular monitoring.
GMB,270,1961,49800.0,10.24,1.8,27.27,Universal Analysis Mode,Healthy,Machine is safe. Continue regular monitoring.
GMB,270,1962,49800.0,10.12,1.8,28.13,Universal Analysis Mode,Healthy,Machine is safe. Continue regular monitoring.
GMB,270,1963,49800.0,9.99,1.8,27.96,Universal Analysis Mode,Healthy,Machine is safe. Continue regular monitoring.
GMB,270,1964,49800.0,9.86,1.8,27.05,Universal Analysis Mode,Healthy,Machine is safe. Continue regular monitoring.
GMB,270,1965,0.0,9.71,1.8,24.12,Universal Analysis Mode,Healthy,Machine is safe. Continue regular monitoring.
GMB,270,1966,0.0,9.41,1.8,23.47,Universal Analysis Mode,Healthy,Machine is safe. Continue regular monitoring.
GMB,270,1967,0.0,9.16,1.8,23.35,Universal Analysis Mode,Healthy,Machine is safe. Continue regular monitoring.
GMB,270,1968,0.0,8.8,1.8,23.11,Universal Analysis Mode,Healthy,Machine is safe. Continue regular monitoring.
GMB,270,1969,0.0,8.35,1.8,23.23,Universal Analysis Mode,Healthy,Machine is safe. Continue regular monitoring.
GMB,270,1970,0.0,7.88,1.8,22.98,Universal Analysis Mode,Healthy,Machine is safe. Continue regular monitoring.
GMB,270,1971,0.0,9.41,2.24,23.31,Universal Analysis Mode,Healthy,Machine is safe. Continue regular monitoring.
GMB,270,1972,0.0,10.09,2.48,23.33,Universal Analysis Mode,Healthy,Machine is safe. Continue regular monitoring.
GMB,270,1973,0.0,12.59,3.29,23.56,Universal Analysis Mode,Healthy,Machine is safe. Continue regular monitoring.
GMB,270,1974,0.0,39.93,11.58,25.44,Universal Analysis Mode,Healthy,Machine is safe. Continue regular monitoring.
GMB,270,1975,0.0,36.44,11.53,25.7,Universal Analysis Mode,Healthy,Machine is safe. Continue regular monitoring.
GMB,270,1976,0.0,38.23,12.8,27.29,Universal Analysis Mode,Healthy,Machine is safe. Continue regular monitoring.
GMB,270,1977,0.0,39.04,13.92,28.49,Universal Analysis Mode,Healthy,Machine is safe. Continue regular monitoring.
GMB,270,1978,0.0,36.54,14.02,28.16,Universal Analysis Mode,Healthy,Machine is safe. Continue regular monitoring.
GMB,270,1979,0.0,74.02,31.61,30.54,Universal Analysis Mode,Warning,Maintenance inspection recommended soon.
GMB,270,1980,0.0,75.97,36.83,31.77,Universal Analysis Mode,Warning,Maintenance inspection recommended soon.
GMB,270,1981,0.0,67.14,35.93,32.25,Universal Analysis Mode,Warning,Maintenance inspection recommended soon.
GMB,270,1982,0.0,58.02,32.97,32.34,Universal Analysis Mode,Warning,Maintenance inspection recommended soon.
GMB,270,1983,0.0,50.39,29.55,31.95,Universal Analysis Mode,Warning,Maintenance inspection recommended soon.
GMB,270,1984,0.0,45.82,28.78,31.58,Universal Analysis Mode,Warning,Maintenance inspection recommended soon.
GMB,270,1985,0.0,43.43,27.56,31.31,Universal Analysis Mode,Warning,Maintenance inspection recommended soon.
GMB,270,1986,0.0,22.22,14.43,28.91,Universal Analysis Mode,Healthy,Machine is safe. Continue regular monitoring.
GMB,270,1987,0.0,27.46,18.44,27.97,Universal Analysis Mode,Healthy,Machine is safe. Continue regular monitoring.
GMB,270,1988,0.0,21.42,14.92,26.39,Universal Analysis Mode,Healthy,Machine is safe. Continue regular monitoring.
GMB,270,1989,0.0,24.87,18.23,26.85,Universal Analysis Mode,Healthy,Machine is safe. Continue regular monitoring.
GMB,270,1990,0.0,30.88,23.73,28.82,Universal Analysis Mode,Healthy,Machine is safe. Continue regular monitoring.
GMB,270,1991,0.0,24.95,20.0,28.7,Universal Analysis Mode,Healthy,Machine is safe. Continue regular monitoring.
GMB,270,1992,0.0,23.39,19.32,27.17,Universal Analysis Mode,Healthy,Machine is safe. Continue regular monitoring.
GMB,270,1993,0.0,20.01,16.97,26.76,Universal Analysis Mode,Healthy,Machine is safe. Continue regular monitoring.
GMB,270,1994,0.0,18.26,15.82,26.2,Universal Analysis Mode,Healthy,Machine is safe. Continue regular monitoring.
GMB,270,1995,0.0,19.1,17.02,26.13,Universal Analysis Mode,Healthy,Machine is safe. Continue regular monitoring.
GMB,270,1996,0.0,22.48,20.67,26.9,Universal Analysis Mode,Healthy,Machine is safe. Continue regular monitoring.
GMB,270,1997,0.0,20.38,19.09,26.72,Universal Analysis Mode,Healthy,Machine is safe. Continue regular monitoring.
GMB,270,1998,0.0,13.62,12.72,25.7,Universal Analysis Mode,Healthy,Machine is safe. Continue regular monitoring.
GMB,270,1999,0.0,18.56,17.97,26.44,Universal Analysis Mode,Healthy,Machine is safe. Continue regular monitoring.
GMB,270,2000,0.0,28.5,28.5,29.61,Universal Analysis Mode,Healthy,Machine is safe. Continue regular monitoring.
GMB,270,2001,0.0,23.7,24.44,29.54,Universal Analysis Mode,Healthy,Machine is safe. Continue regular monitoring.
GMB,270,2002,0.0,23.72,25.02,29.13,Universal Analysis Mode,Healthy,Machine is safe. Continue regular monitoring.
GMB,270,2003,0.0,26.54,28.83,31.24,Universal Analysis Mode,Warning,Maintenance inspection recommended soon.
GMB,270,2004,0.0,34.3,38.26,31.74,Universal Analysis Mode,Warning,Maintenance inspection recommended soon.
GMB,270,2005,0.0,47.26,54.52,32.99,Universal Analysis Mode,Warning,Maintenance inspection recommended soon.
GMB,270,2006,0.0,55.37,65.14,32.42,Universal Analysis Mode,Warning,Maintenance inspection recommended soon.
GMB,270,2007,0.0,60.12,72.39,32.37,Universal Analysis Mode,Warning,Maintenance inspection recommended soon.
GMB,270,2008,0.0,77.79,97.26,33.03,Universal Analysis Mode,Warning,Maintenance inspection recommended soon.
GMB,270,2009,0.0,49.5,61.67,29.92,Universal Analysis Mode,Healthy,Machine is safe. Continue regular monitoring.
GMB,270,2010,0.0,62.78,79.5,31.03,Universal Analysis Mode,Warning,Maintenance inspection recommended soon.
GMB,270,2011,0.0,85.17,111.26,30.5,Universal Analysis Mode,Warning,Maintenance inspection recommended soon.
GMB,270,2012,0.0,83.75,111.67,29.37,Universal Analysis Mode,Healthy,Machine is safe. Continue regular monitoring.
GMB,270,2013,0.0,80.32,108.66,29.6,Universal Analysis Mode,Healthy,Machine is safe. Continue regular monitoring.
GMB,270,2014,0.0,71.97,98.95,30.65,Universal Analysis Mode,Warning,Maintenance inspection recommended soon.
GEO,268,1932,49800.0,10.86,0.87,28.91,Universal Analysis Mode,Healthy,Machine is safe. Continue regular monitoring.
GEO,268,1933,49800.0,8.82,0.67,28.89,Universal Analysis Mode,Healthy,Machine is safe. Continue regular monitoring.
GEO,268,1934,49800.0,12.72,1.0,29.37,Universal Analysis Mode,Healthy,Machine is safe. Continue regular monitoring.
GEO,268,1935,49800.0,12.04,0.97,29.01,Universal Analysis Mode,Healthy,Machine is safe. Continue regular monitoring.
GEO,268,1936,49800.0,13.38,1.09,29.32,Universal Analysis Mode,Healthy,Machine is safe. Continue regular monitoring.
GEO,268,1937,49800.0,13.98,1.18,29.08,Universal Analysis Mode,Healthy,Machine is safe. Continue regular monitoring.
GEO,268,1938,49800.0,13.66,1.13,29.11,Universal Analysis Mode,Healthy,Machine is safe. Continue regular monitoring.
GEO,268,1939,49800.0,12.5,1.02,29.04,Universal Analysis Mode,Healthy,Machine is safe. Continue regular monitoring.
GEO,268,1940,49800.0,12.38,1.02,28.97,Universal Analysis Mode,Healthy,Machine is safe. Continue regular monitoring.
GEO,268,1941,49800.0,13.18,1.14,28.99,Universal Analysis Mode,Healthy,Machine is safe. Continue regular monitoring.
GEO,268,1942,49800.0,12.42,1.19,28.8,Universal Analysis Mode,Healthy,Machine is safe. Continue regular monitoring.
GEO,268,1943,49800.0,11.81,1.2,28.55,Universal Analysis Mode,Healthy,Machine is safe. Continue regular monitoring.
GEO,268,1944,49800.0,11.71,1.21,28.51,Universal Analysis Mode,Healthy,Machine is safe. Continue regular monitoring.
GEO,268,1945,49800.0,9.93,1.05,28.17,Universal Analysis Mode,Healthy,Machine is safe. Continue regular monitoring.
GEO,268,1946,49800.0,9.77,1.12,28.06,Universal Analysis Mode,Healthy,Machine is safe. Continue regular monitoring.
GEO,268,1947,49800.0,14.48,1.9,29.01,Universal Analysis Mode,Healthy,Machine is safe. Continue regular monitoring.
GEO,268,1948,49800.0,14.07,1.99,29.03,Universal Analysis Mode,Healthy,Machine is safe. Continue regular monitoring.
GEO,268,1949,49800.0,12.71,1.78,28.59,Universal Analysis Mode,Healthy,Machine is safe. Continue regular monitoring.
GEO,268,1950,49800.0,12.08,1.71,27.9,Universal Analysis Mode,Healthy,Machine is safe. Continue regular monitoring.
GEO,268,1951,49800.0,11.2,1.71,27.71,Universal Analysis Mode,Healthy,Machine is safe. Continue regular monitoring.
GEO,268,1952,49800.0,10.96,1.71,27.69,Universal Analysis Mode,Healthy,Machine is safe. Continue regular monitoring.
GEO,268,1953,49800.0,12.27,1.93,28.2,Universal Analysis Mode,Healthy,Machine is safe. Continue regular monitoring.
GEO,268,1954,49800.0,12.21,1.93,28.11,Universal Analysis Mode,Healthy,Machine is safe. Continue regular monitoring.
GEO,268,1955,49800.0,12.27,1.93,27.76,Universal Analysis Mode,Healthy,Machine is safe. Continue regular monitoring.
GEO,268,1956,49800.0,12.07,1.93,27.74,Universal Analysis Mode,Healthy,Machine is safe. Continue regular monitoring.
GEO,268,1957,49800.0,11.48,1.9,27.47,Universal Analysis Mode,Healthy,Machine is safe. Continue regular monitoring.
GEO,268,1958,49800.0,12.25,2.08,27.92,Universal Analysis Mode,Healthy,Machine is safe. Continue regular monitoring.
GEO,268,1959,49800.0,12.14,2.08,27.94,Universal Analysis Mode,Healthy,Machine is safe. Continue regular monitoring.
GEO,268,1960,49800.0,10.91,1.9,27.88,Universal Analysis Mode,Healthy,Machine is safe. Continue regular monitoring.
GEO,268,1961,49800.0,10.24,1.8,27.82,Universal Analysis Mode,Healthy,Machine is safe. Continue regular monitoring.
GEO,268,1962,49800.0,10.12,1.8,28.69,Universal Analysis Mode,Healthy,Machine is safe. Continue regular monitoring.
GEO,268,1963,49800.0,9.99,1.8,28.52,Universal Analysis Mode,Healthy,Machine is safe. Continue regular monitoring.
GEO,268,1964,49800.0,9.86,1.8,27.61,Universal Analysis Mode,Healthy,Machine is safe. Continue regular monitoring.
GEO,268,1965,49800.0,9.71,1.8,28.22,Universal Analysis Mode,Healthy,Machine is safe. Continue regular monitoring.
GEO,268,1966,49800.0,9.41,1.8,27.57,Universal Analysis Mode,Healthy,Machine is safe. Continue regular monitoring.
GEO,268,1967,49800.0,9.16,1.8,27.46,Universal Analysis Mode,Healthy,Machine is safe. Continue regular monitoring.
GEO,268,1968,49800.0,8.8,1.8,27.21,Universal Analysis Mode,Healthy,Machine is safe. Continue regular monitoring.
GEO,268,1969,49800.0,8.35,1.8,27.33,Universal Analysis Mode,Healthy,Machine is safe. Continue regular monitoring.
GEO,268,1970,49800.0,7.88,1.8,27.07,Universal Analysis Mode,Healthy,Machine is safe. Continue regular monitoring.
GEO,268,1971,0.0,9.41,2.24,23.06,Universal Analysis Mode,Healthy,Machine is safe. Continue regular monitoring.
GEO,268,1972,0.0,10.09,2.48,23.07,Universal Analysis Mode,Healthy,Machine is safe. Continue regular monitoring.
GEO,268,1973,0.0,12.59,3.29,23.3,Universal Analysis Mode,Healthy,Machine is safe. Continue regular monitoring.
GEO,268,1974,0.0,39.93,11.58,25.17,Universal Analysis Mode,Healthy,Machine is safe. Continue regular monitoring.
GEO,268,1975,0.0,36.44,11.53,25.43,Universal Analysis Mode,Healthy,Machine is safe. Continue regular monitoring.
GEO,268,1976,0.0,38.23,12.8,27.01,Universal Analysis Mode,Healthy,Machine is safe. Continue regular monitoring.
GEO,268,1977,0.0,39.04,13.92,28.21,Universal Analysis Mode,Healthy,Machine is safe. Continue regular monitoring.
GEO,268,1978,0.0,36.54,14.02,27.87,Universal Analysis Mode,Healthy,Machine is safe. Continue regular monitoring.
GEO,268,1979,0.0,74.02,31.61,30.25,Universal Analysis Mode,Warning,Maintenance inspection recommended soon.
GEO,268,1980,0.0,75.97,36.83,31.47,Universal Analysis Mode,Warning,Maintenance inspection recommended soon.
GEO,268,1981,0.0,67.14,35.93,31.96,Universal Analysis Mode,Warning,Maintenance inspection recommended soon.
GEO,268,1982,49800.0,58.02,32.97,36.39,Universal Analysis Mode,Warning,Maintenance inspection recommended soon.
GEO,268,1983,49800.0,50.39,29.55,35.99,Universal Analysis Mode,Warning,Maintenance inspection recommended soon.
GEO,268,1984,49800.0,45.82,28.78,35.61,Universal Analysis Mode,Warning,Maintenance inspection recommended soon.
GEO,268,1985,49800.0,43.43,27.56,35.34,Universal Analysis Mode,Warning,Maintenance inspection recommended soon.
GEO,268,1986,49800.0,22.22,14.43,32.94,Universal Analysis Mode,Warning,Maintenance inspection recommended soon.
GEO,268,1987,49800.0,27.46,18.44,32.0,Universal Analysis Mode,Warning,Maintenance inspection recommended soon.
GEO,268,1988,49800.0,21.42,14.92,30.42,Universal Analysis Mode,Warning,Maintenance inspection recommended soon.
GEO,268,1989,49800.0,24.87,18.23,30.88,Universal Analysis Mode,Warning,Maintenance inspection recommended soon.
GEO,268,1990,49800.0,30.88,23.73,32.85,Universal Analysis Mode,Warning,Maintenance inspection recommended soon.
GEO,268,1991,181000.0,24.95,20.0,42.94,Universal Analysis Mode,Warning,Maintenance inspection recommended soon.
GEO,268,1992,100000.0,23.39,19.32,32.56,Universal Analysis Mode,Warning,Maintenance inspection recommended soon.
GEO,268,1993,100000.0,20.01,16.97,30.67,Universal Analysis Mode,Warning,Maintenance inspection recommended soon.
GEO,268,1994,74000.0,18.26,15.82,28.13,Universal Analysis Mode,Healthy,Machine is safe. Continue regular monitoring.
GEO,268,1995,47000.0,19.1,17.02,28.05,Universal Analysis Mode,Healthy,Machine is safe. Continue regular monitoring.
GEO,268,1996,128000.0,22.48,20.67,41.29,Universal Analysis Mode,Warning,Maintenance inspection recommended soon.
GEO,268,1997,134000.0,20.38,19.09,38.74,Universal Analysis Mode,Warning,Maintenance inspection recommended soon.
GEO,268,1998,119000.0,13.62,12.72,34.46,Universal Analysis Mode,Warning,Maintenance inspection recommended soon.
GEO,268,1999,107000.0,18.56,17.97,36.08,Universal Analysis Mode,Warning,Maintenance inspection recommended soon.
GEO,268,2000,110000.0,28.5,28.5,40.88,Universal Analysis Mode,Warning,Maintenance inspection recommended soon.
GEO,268,2001,99600.0,23.7,24.44,39.14,Universal Analysis Mode,Warning,Maintenance inspection recommended soon.
GEO,268,2002,73704.0,23.72,25.02,40.99,Universal Analysis Mode,Warning,Maintenance inspection recommended soon.
GEO,268,2003,139440.0,26.54,28.83,47.51,Universal Analysis Mode,Warning,Maintenance inspection recommended soon.
GEO,268,2004,99600.0,34.3,38.26,47.55,Universal Analysis Mode,Warning,Maintenance inspection recommended soon.
GEO,268,2005,99600.0,47.26,54.52,50.31,Universal Analysis Mode,Warning,Maintenance inspection recommended soon.
GEO,268,2006,49800.0,55.37,65.14,46.6,Universal Analysis Mode,Warning,Maintenance inspection recommended soon.
GEO,268,2007,49800.0,60.12,72.39,46.85,Universal Analysis Mode,Warning,Maintenance inspection recommended soon.
GEO,268,2008,49800.0,77.79,97.26,48.66,Universal Analysis Mode,Warning,Maintenance inspection recommended soon.
GEO,268,2009,49800.0,49.5,61.67,43.64,Universal Analysis Mode,Warning,Maintenance inspection recommended soon.
GEO,268,2010,49800.0,62.78,79.5,45.51,Universal Analysis Mode,Warning,Maintenance inspection recommended soon.
GEO,268,2011,49800.0,85.17,111.26,46.31,Universal Analysis Mode,Warning,Maintenance inspection recommended soon.
GEO,268,2012,49800.0,83.75,111.67,42.65,Universal Analysis Mode,Warning,Maintenance inspection recommended soon.
GEO,268,2013,49800.0,80.32,108.66,41.56,Universal Analysis Mode,Warning,Maintenance inspection recommended soon.
GEO,268,2014,49800.0,71.97,98.95,46.09,Universal Analysis Mode,Warning,Maintenance inspection recommended soon.
DDR,278,1932,49800.0,10.86,0.87,28.93,Universal Analysis Mode,Healthy,Machine is safe. Continue regular monitoring.
DDR,278,1933,49800.0,8.82,0.67,28.91,Universal Analysis Mode,Healthy,Machine is safe. Continue regular monitoring.
DDR,278,1934,49800.0,12.72,1.0,29.39,Universal Analysis Mode,Healthy,Machine is safe. Continue regular monitoring.
DDR,278,1935,49800.0,12.04,0.97,29.03,Universal Analysis Mode,Healthy,Machine is safe. Continue regular monitoring.
DDR,278,1936,49800.0,13.38,1.09,29.34,Universal Analysis Mode,Healthy,Machine is safe. Continue regular monitoring.
DDR,278,1937,49800.0,13.98,1.18,29.1,Universal Analysis Mode,Healthy,Machine is safe. Continue regular monitoring.
DDR,278,1938,49800.0,13.66,1.13,29.13,Universal Analysis Mode,Healthy,Machine is safe. Continue regular monitoring.
DDR,278,1939,49800.0,12.5,1.02,29.06,Universal Analysis Mode,Healthy,Machine is safe. Continue regular monitoring.
DDR,278,1940,49800.0,12.38,1.02,28.99,Universal Analysis Mode,Healthy,Machine is safe. Continue regular monitoring.
DDR,278,1941,49800.0,13.18,1.14,29.01,Universal Analysis Mode,Healthy,Machine is safe. Continue regular monitoring.
DDR,278,1942,49800.0,12.42,1.19,28.82,Universal Analysis Mode,Healthy,Machine is safe. Continue regular monitoring.
DDR,278,1943,49800.0,11.81,1.2,28.57,Universal Analysis Mode,Healthy,Machine is safe. Continue regular monitoring.
DDR,278,1944,49800.0,11.71,1.21,28.53,Universal Analysis Mode,Healthy,Machine is safe. Continue regular monitoring.
DDR,278,1945,49800.0,9.93,1.05,28.19,Universal Analysis Mode,Healthy,Machine is safe. Continue regular monitoring.
DDR,278,1946,49800.0,9.77,1.12,28.93,Universal Analysis Mode,Healthy,Machine is safe. Continue regular monitoring.
DDR,278,1947,49800.0,14.48,1.9,29.92,Universal Analysis Mode,Healthy,Machine is safe. Continue regular monitoring.
DDR,278,1948,49800.0,14.07,1.99,29.95,Universal Analysis Mode,Healthy,Machine is safe. Continue regular monitoring.
DDR,278,1949,49800.0,12.71,1.78,30.31,Universal Analysis Mode,Warning,Maintenance inspection recommended soon.
DDR,278,1950,49800.0,12.08,1.71,30.11,Universal Analysis Mode,Warning,Maintenance inspection recommended soon.
DDR,278,1951,49800.0,11.2,1.71,29.91,Universal Analysis Mode,Healthy,Machine is safe. Continue regular monitoring.
DDR,278,1952,49800.0,10.96,1.71,29.88,Universal Analysis Mode,Healthy,Machine is safe. Continue regular monitoring.
DDR,278,1953,49800.0,12.27,1.93,30.38,Universal Analysis Mode,Warning,Maintenance inspection recommended soon.
DDR,278,1954,49800.0,12.21,1.93,30.27,Universal Analysis Mode,Warning,Maintenance inspection recommended soon.
DDR,278,1955,49800.0,12.27,1.93,27.29,Universal Analysis Mode,Healthy,Machine is safe. Continue regular monitoring.
DDR,278,1956,49800.0,12.07,1.93,27.25,Universal Analysis Mode,Healthy,Machine is safe. Continue regular monitoring.
DDR,278,1957,49800.0,11.48,1.9,26.97,Universal Analysis Mode,Healthy,Machine is safe. Continue regular monitoring.
DDR,278,1958,49800.0,12.25,2.08,27.4,Universal Analysis Mode,Healthy,Machine is safe. Continue regular monitoring.
DDR,278,1959,49800.0,12.14,2.08,27.42,Universal Analysis Mode,Healthy,Machine is safe. Continue regular monitoring.
DDR,278,1960,0.0,10.91,1.9,25.63,Universal Analysis Mode,Healthy,Machine is safe. Continue regular monitoring.
DDR,278,1961,0.0,10.24,1.8,25.56,Universal Analysis Mode,Healthy,Machine is safe. Continue regular monitoring.
DDR,278,1962,0.0,10.12,1.8,26.42,Universal Analysis Mode,Healthy,Machine is safe. Continue regular monitoring.
DDR,278,1963,0.0,9.99,1.8,26.25,Universal Analysis Mode,Healthy,Machine is safe. Continue regular monitoring.
DDR,278,1964,0.0,9.86,1.8,25.32,Universal Analysis Mode,Healthy,Machine is safe. Continue regular monitoring.
DDR,278,1965,0.0,9.71,1.8,25.92,Universal Analysis Mode,Healthy,Machine is safe. Continue regular monitoring.
DDR,278,1966,0.0,9.41,1.8,25.27,Universal Analysis Mode,Healthy,Machine is safe. Continue regular monitoring.
DDR,278,1967,0.0,9.16,1.8,25.15,Universal Analysis Mode,Healthy,Machine is safe. Continue regular monitoring.
DDR,278,1968,29880.0,8.8,1.8,27.21,Universal Analysis Mode,Healthy,Machine is safe. Continue regular monitoring.
DDR,278,1969,49800.0,8.35,1.8,27.5,Universal Analysis Mode,Healthy,Machine is safe. Continue regular monitoring.
DDR,278,1970,59760.0,7.88,1.8,34.39,Universal Analysis Mode,Warning,Maintenance inspection recommended soon.
DDR,278,1971,60033.0,9.41,2.24,41.09,Universal Analysis Mode,Warning,Maintenance inspection recommended soon.
DDR,278,1972,249000.0,10.09,2.48,44.42,Universal Analysis Mode,Warning,Maintenance inspection recommended soon.
DDR,278,1973,341096.0,12.59,3.29,46.04,Universal Analysis Mode,Warning,Maintenance inspection recommended soon.
DDR,278,1974,341096.0,39.93,11.58,49.99,Universal Analysis Mode,Warning,Maintenance inspection recommended soon.
DDR,278,1975,341096.0,36.44,11.53,50.34,Universal Analysis Mode,Warning,Maintenance inspection recommended soon.
DDR,278,1976,53484.0,38.23,12.8,48.17,Universal Analysis Mode,Warning,Maintenance inspection recommended soon.
DDR,278,1977,53484.0,39.04,13.92,49.56,Universal Analysis Mode,Warning,Maintenance inspection recommended soon.
DDR,278,1978,53484.0,36.54,14.02,49.13,Universal Analysis Mode,Warning,Maintenance inspection recommended soon.
DDR,278,1979,60579.0,74.02,31.61,53.12,Universal Analysis Mode,Warning,Maintenance inspection recommended soon.
DDR,278,1980,54575.0,75.97,36.83,54.46,Universal Analysis Mode,Warning,Maintenance inspection recommended soon.
DDR,278,1981,54575.0,67.14,35.93,54.83,Universal Analysis Mode,Warning,Maintenance inspection recommended soon.
DDR,278,1982,57577.0,58.02,32.97,54.77,Universal Analysis Mode,Warning,Maintenance inspection recommended soon.
DDR,278,1983,52256.0,50.39,29.55,54.0,Universal Analysis Mode,Warning,Maintenance inspection recommended soon.
DDR,278,1984,58668.0,45.82,28.78,53.91,Universal Analysis Mode,Warning,Maintenance inspection recommended soon.
DDR,278,1985,58668.0,43.43,27.56,53.49,Universal Analysis Mode,Warning,Maintenance inspection recommended soon.
DDR,278,1986,49118.0,22.22,14.43,49.38,Universal Analysis Mode,Warning,Maintenance inspection recommended soon.
DDR,278,1987,49118.0,27.46,18.44,48.44,Universal Analysis Mode,Warning,Maintenance inspection recommended soon.
DDR,278,1988,49118.0,21.42,14.92,46.53,Universal Analysis Mode,Warning,Maintenance inspection recommended soon.
DDR,278,1989,47753.0,24.87,18.23,47.06,Universal Analysis Mode,Warning,Maintenance inspection recommended soon.
DDR,278,1990,40932.0,30.88,23.73,49.17,Universal Analysis Mode,Warning,Maintenance inspection recommended soon.
DDR,278,1991,49800.0,24.95,20.0,33.83,Universal Analysis Mode,Warning,Maintenance inspection recommended soon.
DDR,278,1992,49800.0,23.39,19.32,32.28,Universal Analysis Mode,Warning,Maintenance inspection recommended soon.
DDR,278,1993,49800.0,20.01,16.97,31.87,Universal Analysis Mode,Warning,Maintenance inspection recommended soon.
DDR,278,1994,49800.0,18.26,15.82,31.3,Universal Analysis Mode,Warning,Maintenance inspection recommended soon.
DDR,278,1995,49800.0,19.1,17.02,31.22,Universal Analysis Mode,Warning,Maintenance inspection recommended soon.
DDR,278,1996,49800.0,22.48,20.67,31.98,Universal Analysis Mode,Warning,Maintenance inspection recommended soon.
DDR,278,1997,49800.0,20.38,19.09,31.07,Universal Analysis Mode,Warning,Maintenance inspection recommended soon.
DDR,278,1998,49800.0,13.62,12.72,30.04,Universal Analysis Mode,Warning,Maintenance inspection recommended soon.
DDR,278,1999,49800.0,18.56,17.97,30.77,Universal Analysis Mode,Warning,Maintenance inspection recommended soon.
DDR,278,2000,49800.0,28.5,28.5,33.94,Universal Analysis Mode,Warning,Maintenance inspection recommended soon.
DDR,278,2001,49800.0,23.7,24.44,33.86,Universal Analysis Mode,Warning,Maintenance inspection recommended soon.
DDR,278,2002,49800.0,23.72,25.02,33.45,Universal Analysis Mode,Warning,Maintenance inspection recommended soon.
DDR,278,2003,49800.0,26.54,28.83,35.55,Universal Analysis Mode,Warning,Maintenance inspection recommended soon.
DDR,278,2004,49800.0,34.3,38.26,36.04,Universal Analysis Mode,Warning,Maintenance inspection recommended soon.
DDR,278,2005,49800.0,47.26,54.52,37.29,Universal Analysis Mode,Warning,Maintenance inspection recommended soon.
DDR,278,2006,49800.0,55.37,65.14,36.7,Universal Analysis Mode,Warning,Maintenance inspection recommended soon.
DDR,278,2007,49800.0,60.12,72.39,36.65,Universal Analysis Mode,Warning,Maintenance inspection recommended soon.
DDR,278,2008,49800.0,77.79,97.26,37.31,Universal Analysis Mode,Warning,Maintenance inspection recommended soon.
DDR,278,2009,49800.0,49.5,61.67,34.19,Universal Analysis Mode,Warning,Maintenance inspection recommended soon.
DDR,278,2010,49800.0,62.78,79.5,34.95,Universal Analysis Mode,Warning,Maintenance inspection recommended soon.
DDR,278,2011,49800.0,85.17,111.26,34.41,Universal Analysis Mode,Warning,Maintenance inspection recommended soon.
DDR,278,2012,49800.0,83.75,111.67,33.27,Universal Analysis Mode,Warning,Maintenance inspection recommended soon.
DDR,278,2013,49800.0,80.32,108.66,33.51,Universal Analysis Mode,Warning,Maintenance inspection recommended soon.
DDR,278,2014,49800.0,71.97,98.95,34.55,Universal Analysis Mode,Warning,Maintenance inspection recommended soon.
DEU,276,1932,49800.0,10.86,0.87,33.31,Universal Analysis Mode,Warning,Maintenance inspection recommended soon.
DEU,276,1933,49800.0,8.82,0.67,33.29,Universal Analysis Mode,Warning,Maintenance inspection recommended soon.
DEU,276,1934,49800.0,12.72,1.0,33.77,Universal Analysis Mode,Warning,Maintenance inspection recommended soon.
DEU,276,1935,49800.0,12.04,0.97,33.42,Universal Analysis Mode,Warning,Maintenance inspection recommended soon.
DEU,276,1936,49800.0,13.38,1.09,33.73,Universal Analysis Mode,Warning,Maintenance inspection recommended soon.
DEU,276,1937,49800.0,13.98,1.18,33.5,Universal Analysis Mode,Warning,Maintenance inspection recommended soon.
DEU,276,1938,49800.0,13.66,1.13,33.53,Universal Analysis Mode,Warning,Maintenance inspection recommended soon.
DEU,276,1939,49800.0,12.5,1.02,33.46,Universal Analysis Mode,Warning,Maintenance inspection recommended soon.
DEU,276,1940,49800.0,12.38,1.02,33.38,Universal Analysis Mode,Warning,Maintenance inspection recommended soon.
DEU,276,1941,49800.0,13.18,1.14,33.41,Universal Analysis Mode,Warning,Maintenance inspection recommended soon.
DEU,276,1942,49800.0,12.42,1.19,33.23,Universal Analysis Mode,Warning,Maintenance inspection recommended soon.
DEU,276,1943,49800.0,11.81,1.2,32.97,Universal Analysis Mode,Warning,Maintenance inspection recommended soon.
DEU,276,1944,49800.0,11.71,1.21,32.93,Universal Analysis Mode,Warning,Maintenance inspection recommended soon.
DEU,276,1945,49800.0,9.93,1.05,32.58,Universal Analysis Mode,Warning,Maintenance inspection recommended soon.
DEU,276,1946,49800.0,9.77,1.12,32.46,Universal Analysis Mode,Warning,Maintenance inspection recommended soon.
DEU,276,1947,49800.0,14.48,1.9,33.42,Universal Analysis Mode,Warning,Maintenance inspection recommended soon.
DEU,276,1948,49800.0,14.07,1.99,33.45,Universal Analysis Mode,Warning,Maintenance inspection recommended soon.
DEU,276,1949,49800.0,12.71,1.78,32.19,Universal Analysis Mode,Warning,Maintenance inspection recommended soon.
DEU,276,1950,49800.0,12.08,1.71,32.01,Universal Analysis Mode,Warning,Maintenance inspection recommended soon.
DEU,276,1951,49800.0,11.2,1.71,31.82,Universal Analysis Mode,Warning,Maintenance inspection recommended soon.
DEU,276,1952,49800.0,10.96,1.71,31.8,Universal Analysis Mode,Warning,Maintenance inspection recommended soon.
DEU,276,1953,49800.0,12.27,1.93,32.3,Universal Analysis Mode,Warning,Maintenance inspection recommended soon.
DEU,276,1954,49800.0,12.21,1.93,32.2,Universal Analysis Mode,Warning,Maintenance inspection recommended soon.
DEU,276,1955,49800.0,12.27,1.93,34.25,Universal Analysis Mode,Warning,Maintenance inspection recommended soon.
DEU,276,1956,49800.0,12.07,1.93,35.07,Universal Analysis Mode,Warning,Maintenance inspection recommended soon.
DEU,276,1957,49800.0,11.48,1.9,34.75,Universal Analysis Mode,Warning,Maintenance inspection recommended soon.
DEU,276,1958,49800.0,12.25,2.08,35.23,Universal Analysis Mode,Warning,Maintenance inspection recommended soon.
DEU,276,1959,49800.0,12.14,2.08,35.44,Universal Analysis Mode,Warning,Maintenance inspection recommended soon.
DEU,276,1960,5477490.0,10.91,1.9,48.51,Universal Analysis Mode,Warning,Maintenance inspection recommended soon.
DEU,276,1961,6224420.0,10.24,1.8,48.67,Universal Analysis Mode,Warning,Maintenance inspection recommended soon.
DEU,276,1962,6722374.0,10.12,1.8,49.86,Universal Analysis Mode,Warning,Maintenance inspection recommended soon.
DEU,276,1963,7469305.0,9.99,1.8,50.44,Universal Analysis Mode,Warning,Maintenance inspection recommended soon.
DEU,276,1964,7469305.0,9.86,1.8,49.64,Universal Analysis Mode,Warning,Maintenance inspection recommended soon.
DEU,276,1965,7718281.0,9.71,1.8,50.53,Universal Analysis Mode,Warning,Maintenance inspection recommended soon.
DEU,276,1966,7718281.0,9.41,1.8,50.02,Universal Analysis Mode,Warning,Maintenance inspection recommended soon.
DEU,276,1967,7718281.0,9.16,1.8,50.1,Universal Analysis Mode,Warning,Maintenance inspection recommended soon.
DEU,276,1968,7718281.0,8.8,1.8,50.21,Universal Analysis Mode,Warning,Maintenance inspection recommended soon.
DEU,276,1969,7718281.0,8.35,1.8,50.48,Universal Analysis Mode,Warning,Maintenance inspection recommended soon.
DEU,276,1970,7469305.0,7.88,1.8,50.33,Universal Analysis Mode,Warning,Maintenance inspection recommended soon.
DEU,276,1971,7310630.8,9.41,2.24,50.85,Universal Analysis Mode,Warning,Maintenance inspection recommended soon.
DEU,276,1972,6993364.4,10.09,2.48,50.97,Universal Analysis Mode,Warning,Maintenance inspection recommended soon.
DEU,276,1973,6539561.6,12.59,3.29,51.33,Universal Analysis Mode,Warning,Maintenance inspection recommended soon.
DEU,276,1974,6099535.2,39.93,11.58,53.65,Universal Analysis Mode,Warning,Maintenance inspection recommended soon.
DEU,276,1975,5656508.0,36.44,11.53,53.87,Universal Analysis Mode,Warning,Maintenance inspection recommended soon.
DEU,276,1976,5442632.8,38.23,12.8,55.56,Universal Analysis Mode,Warning,Maintenance inspection recommended soon.
DEU,276,1977,5322464.4,39.04,13.92,56.88,Universal Analysis Mode,Warning,Maintenance inspection recommended soon.
DEU,276,1978,5130000.0,36.54,14.02,56.51,Universal Analysis Mode,Warning,Maintenance inspection recommended soon.
DEU,276,1979,4799000.0,74.02,31.61,59.18,Universal Analysis Mode,Warning,Maintenance inspection recommended soon.
DEU,276,1980,4667000.0,75.97,36.83,60.5,Universal Analysis Mode,Warning,Maintenance inspection recommended soon.
DEU,276,1981,4495000.0,67.14,35.93,61.02,Universal Analysis Mode,Warning,Maintenance inspection recommended soon.
DEU,276,1982,4292000.0,58.02,32.97,61.01,Universal Analysis Mode,Warning,Maintenance inspection recommended soon.
DEU,276,1983,4145000.0,50.39,29.55,60.55,Universal Analysis Mode,Warning,Maintenance inspection recommended soon.
DEU,276,1984,4071000.0,45.82,28.78,60.14,Universal Analysis Mode,Warning,Maintenance inspection recommended soon.
DEU,276,1985,4136000.0,43.43,27.56,59.78,Universal Analysis Mode,Warning,Maintenance inspection recommended soon.
DEU,276,1986,4068000.0,22.22,14.43,57.04,Universal Analysis Mode,Warning,Maintenance inspection recommended soon.
DEU,276,1987,3767000.0,27.46,18.44,55.93,Universal Analysis Mode,Warning,Maintenance inspection recommended soon.
DEU,276,1988,3986000.0,21.42,14.92,54.17,Universal Analysis Mode,Warning,Maintenance inspection recommended soon.
DEU,276,1989,3837000.0,24.87,18.23,54.62,Universal Analysis Mode,Warning,Maintenance inspection recommended soon.
DEU,276,1990,3648000.0,30.88,23.73,56.77,Universal Analysis Mode,Warning,Maintenance inspection recommended soon.
DEU,276,1991,3405000.0,24.95,20.0,50.88,Universal Analysis Mode,Warning,Maintenance inspection recommended soon.
DEU,276,1992,3279000.0,23.39,19.32,49.18,Universal Analysis Mode,Warning,Maintenance inspection recommended soon.
DEU,276,1993,3064000.0,20.01,16.97,49.38,Universal Analysis Mode,Warning,Maintenance inspection recommended soon.
DEU,276,1994,2938000.0,18.26,15.82,48.82,Universal Analysis Mode,Warning,Maintenance inspection recommended soon.
DEU,276,1995,2926000.0,19.1,17.02,48.76,Universal Analysis Mode,Warning,Maintenance inspection recommended soon.
DEU,276,1996,2874000.0,22.48,20.67,49.61,Universal Analysis Mode,Warning,Maintenance inspection recommended soon.
DEU,276,1997,2804000.0,20.38,19.09,49.45,Universal Analysis Mode,Warning,Maintenance inspection recommended soon.
DEU,276,1998,2934000.0,13.62,12.72,48.24,Universal Analysis Mode,Warning,Maintenance inspection recommended soon.
DEU,276,1999,2746000.0,18.56,17.97,49.07,Universal Analysis Mode,Warning,Maintenance inspection recommended soon.
DEU,276,2000,3166000.0,28.5,28.5,52.64,Universal Analysis Mode,Warning,Maintenance inspection recommended soon.
DEU,276,2001,2378049.6,23.7,24.44,52.54,Universal Analysis Mode,Warning,Maintenance inspection recommended soon.
DEU,276,2002,2502400.2,23.72,25.02,52.16,Universal Analysis Mode,Warning,Maintenance inspection recommended soon.
DEU,276,2003,2554540.8,26.54,28.83,54.53,Universal Analysis Mode,Warning,Maintenance inspection recommended soon.
DEU,276,2004,2252557.09,34.3,38.26,55.01,Universal Analysis Mode,Warning,Maintenance inspection recommended soon.
DEU,276,2005,2149722.58,47.26,54.52,56.48,Universal Analysis Mode,Warning,Maintenance inspection recommended soon.
DEU,276,2006,2040162.58,55.37,65.14,55.69,Universal Analysis Mode,Warning,Maintenance inspection recommended soon.
DEU,276,2007,2045620.16,60.12,72.39,55.65,Universal Analysis Mode,Warning,Maintenance inspection recommended soon.
DEU,276,2008,1773886.96,77.79,97.26,56.31,Universal Analysis Mode,Warning,Maintenance inspection recommended soon.
DEU,276,2009,1534931.62,49.5,61.67,52.52,Universal Analysis Mode,Warning,Maintenance inspection recommended soon.
DEU,276,2010,1401085.65,62.78,79.5,51.65,Universal Analysis Mode,Warning,Maintenance inspection recommended soon.
DEU,276,2011,1535340.97,85.17,111.26,51.16,Universal Analysis Mode,Warning,Maintenance inspection recommended soon.
DEU,276,2012,2440200.0,83.75,111.67,50.03,Universal Analysis Mode,Warning,Maintenance inspection recommended soon.
DEU,276,2013,2518106.12,80.32,108.66,50.26,Universal Analysis Mode,Warning,Maintenance inspection recommended soon.
DEU,276,2014,2332277.42,71.97,98.95,57.15,Universal Analysis Mode,Warning,Maintenance inspection recommended soon.
GHA,288,1932,49800.0,10.86,0.87,28.94,Universal Analysis Mode,Healthy,Machine is safe. Continue regular monitoring.
GHA,288,1933,49800.0,8.82,0.67,28.92,Universal Analysis Mode,Healthy,Machine is safe. Continue regular monitoring.
GHA,288,1934,49800.0,12.72,1.0,29.4,Universal Analysis Mode,Healthy,Machine is safe. Continue regular monitoring.
GHA,288,1935,49800.0,12.04,0.97,29.04,Universal Analysis Mode,Healthy,Machine is safe. Continue regular monitoring.
GHA,288,1936,49800.0,13.38,1.09,29.35,Universal Analysis Mode,Healthy,Machine is safe. Continue regular monitoring.
GHA,288,1937,49800.0,13.98,1.18,29.12,Universal Analysis Mode,Healthy,Machine is safe. Continue regular monitoring.
GHA,288,1938,49800.0,13.66,1.13,29.15,Universal Analysis Mode,Healthy,Machine is safe. Continue regular monitoring.
GHA,288,1939,49800.0,12.5,1.02,29.07,Universal Analysis Mode,Healthy,Machine is safe. Continue regular monitoring.
GHA,288,1940,49800.0,12.38,1.02,29.0,Universal Analysis Mode,Healthy,Machine is safe. Continue regular monitoring.
GHA,288,1941,49800.0,13.18,1.14,29.02,Universal Analysis Mode,Healthy,Machine is safe. Continue regular monitoring.
GHA,288,1942,49800.0,12.42,1.19,28.83,Universal Analysis Mode,Healthy,Machine is safe. Continue regular monitoring.
GHA,288,1943,49800.0,11.81,1.2,28.58,Universal Analysis Mode,Healthy,Machine is safe. Continue regular monitoring.
GHA,288,1944,49800.0,11.71,1.21,28.54,Universal Analysis Mode,Healthy,Machine is safe. Continue regular monitoring.
GHA,288,1945,49800.0,9.93,1.05,28.2,Universal Analysis Mode,Healthy,Machine is safe. Continue regular monitoring.
GHA,288,1946,49800.0,9.77,1.12,28.09,Universal Analysis Mode,Healthy,Machine is safe. Continue regular monitoring.
GHA,288,1947,49800.0,14.48,1.9,29.04,Universal Analysis Mode,Healthy,Machine is safe. Continue regular monitoring.
GHA,288,1948,49800.0,14.07,1.99,29.06,Universal Analysis Mode,Healthy,Machine is safe. Continue regular monitoring.
GHA,288,1949,49800.0,12.71,1.78,28.62,Universal Analysis Mode,Healthy,Machine is safe. Continue regular monitoring.
GHA,288,1950,49800.0,12.08,1.71,28.08,Universal Analysis Mode,Healthy,Machine is safe. Continue regular monitoring.
GHA,288,1951,49800.0,11.2,1.71,27.9,Universal Analysis Mode,Healthy,Machine is safe. Continue regular monitoring.
GHA,288,1952,49800.0,10.96,1.71,27.88,Universal Analysis Mode,Healthy,Machine is safe. Continue regular monitoring.
GHA,288,1953,49800.0,12.27,1.93,28.38,Universal Analysis Mode,Healthy,Machine is safe. Continue regular monitoring.
GHA,288,1954,49800.0,12.21,1.93,28.28,Universal Analysis Mode,Healthy,Machine is safe. Continue regular monitoring.
GHA,288,1955,49800.0,12.27,1.93,27.93,Universal Analysis Mode,Healthy,Machine is safe. Continue regular monitoring.
GHA,288,1956,49800.0,12.07,1.93,28.3,Universal Analysis Mode,Healthy,Machine is safe. Continue regular monitoring.
GHA,288,1957,49800.0,11.48,1.9,28.86,Universal Analysis Mode,Healthy,Machine is safe. Continue regular monitoring.
GHA,288,1958,49800.0,12.25,2.08,29.6,Universal Analysis Mode,Healthy,Machine is safe. Continue regular monitoring.
GHA,288,1959,49800.0,12.14,2.08,29.65,Universal Analysis Mode,Healthy,Machine is safe. Continue regular monitoring.
GHA,288,1960,0.0,10.91,1.9,25.26,Universal Analysis Mode,Healthy,Machine is safe. Continue regular monitoring.
GHA,288,1961,0.0,10.24,1.8,25.23,Universal Analysis Mode,Healthy,Machine is safe. Continue regular monitoring.
GHA,288,1962,0.0,10.12,1.8,26.13,Universal Analysis Mode,Healthy,Machine is safe. Continue regular monitoring.
GHA,288,1963,0.0,9.99,1.8,25.99,Universal Analysis Mode,Healthy,Machine is safe. Continue regular monitoring.
GHA,288,1964,0.0,9.86,1.8,25.1,Universal Analysis Mode,Healthy,Machine is safe. Continue regular monitoring.
GHA,288,1965,0.0,9.71,1.8,25.74,Universal Analysis Mode,Healthy,Machine is safe. Continue regular monitoring.
GHA,288,1966,0.0,9.41,1.8,25.12,Universal Analysis Mode,Healthy,Machine is safe. Continue regular monitoring.
GHA,288,1967,0.0,9.16,1.8,25.04,Universal Analysis Mode,Healthy,Machine is safe. Continue regular monitoring.
GHA,288,1968,0.0,8.8,1.8,24.83,Universal Analysis Mode,Healthy,Machine is safe. Continue regular monitoring.
GHA,288,1969,0.0,8.35,1.8,24.99,Universal Analysis Mode,Healthy,Machine is safe. Continue regular monitoring.
GHA,288,1970,0.0,7.88,1.8,24.69,Universal Analysis Mode,Healthy,Machine is safe. Continue regular monitoring.
GHA,288,1971,0.0,9.41,2.24,25.07,Universal Analysis Mode,Healthy,Machine is safe. Continue regular monitoring.
GHA,288,1972,0.0,10.09,2.48,25.12,Universal Analysis Mode,Healthy,Machine is safe. Continue regular monitoring.
GHA,288,1973,0.0,12.59,3.29,25.39,Universal Analysis Mode,Healthy,Machine is safe. Continue regular monitoring.
GHA,288,1974,0.0,39.93,11.58,27.3,Universal Analysis Mode,Healthy,Machine is safe. Continue regular monitoring.
GHA,288,1975,0.0,36.44,11.53,27.59,Universal Analysis Mode,Healthy,Machine is safe. Continue regular monitoring.
GHA,288,1976,0.0,38.23,12.8,29.22,Universal Analysis Mode,Healthy,Machine is safe. Continue regular monitoring.
GHA,288,1977,0.0,39.04,13.92,30.44,Universal Analysis Mode,Warning,Maintenance inspection recommended soon.
GHA,288,1978,39000.0,36.54,14.02,34.41,Universal Analysis Mode,Warning,Maintenance inspection recommended soon.
GHA,288,1979,75000.0,74.02,31.61,44.81,Universal Analysis Mode,Warning,Maintenance inspection recommended soon.
GHA,288,1980,88000.0,75.97,36.83,47.28,Universal Analysis Mode,Warning,Maintenance inspection recommended soon.
GHA,288,1981,63000.0,67.14,35.93,45.45,Universal Analysis Mode,Warning,Maintenance inspection recommended soon.
GHA,288,1982,67000.0,58.02,32.97,45.25,Universal Analysis Mode,Warning,Maintenance inspection recommended soon.
GHA,288,1983,70000.0,50.39,29.55,44.49,Universal Analysis Mode,Warning,Maintenance inspection recommended soon.
GHA,288,1984,33000.0,45.82,28.78,39.02,Universal Analysis Mode,Warning,Maintenance inspection recommended soon.
GHA,288,1985,14000.0,43.43,27.56,36.21,Universal Analysis Mode,Warning,Maintenance inspection recommended soon.
GHA,288,1986,10000.0,22.22,14.43,30.73,Universal Analysis Mode,Warning,Maintenance inspection recommended soon.
GHA,288,1987,0.0,27.46,18.44,27.51,Universal Analysis Mode,Healthy,Machine is safe. Continue regular monitoring.
GHA,288,1988,0.0,21.42,14.92,25.95,Universal Analysis Mode,Healthy,Machine is safe. Continue regular monitoring.
GHA,288,1989,0.0,24.87,18.23,26.46,Universal Analysis Mode,Healthy,Machine is safe. Continue regular monitoring.
GHA,288,1990,0.0,30.88,23.73,27.82,Universal Analysis Mode,Healthy,Machine is safe. Continue regular monitoring.
GHA,288,1991,0.0,24.95,20.0,27.75,Universal Analysis Mode,Healthy,Machine is safe. Continue regular monitoring.
GHA,288,1992,0.0,23.39,19.32,26.25,Universal Analysis Mode,Healthy,Machine is safe. Continue regular monitoring.
GHA,288,1993,0.0,20.01,16.97,25.88,Universal Analysis Mode,Healthy,Machine is safe. Continue regular monitoring.
GHA,288,1994,0.0,18.26,15.82,25.37,Universal Analysis Mode,Healthy,Machine is safe. Continue regular monitoring.
GHA,288,1995,0.0,19.1,17.02,25.34,Universal Analysis Mode,Healthy,Machine is safe. Continue regular monitoring.
GHA,288,1996,354562.0,22.48,20.67,41.68,Universal Analysis Mode,Warning,Maintenance inspection recommended soon.
GHA,288,1997,354562.0,20.38,19.09,40.97,Universal Analysis Mode,Warning,Maintenance inspection recommended soon.
GHA,288,1998,298650.3,13.62,12.72,36.96,Universal Analysis Mode,Warning,Maintenance inspection recommended soon.
GHA,288,1999,348425.3,18.56,17.97,40.14,Universal Analysis Mode,Warning,Maintenance inspection recommended soon.
GHA,288,2000,447975.4,28.5,28.5,46.06,Universal Analysis Mode,Warning,Maintenance inspection recommended soon.
GHA,288,2001,348600.0,23.7,24.44,45.31,Universal Analysis Mode,Warning,Maintenance inspection recommended soon.
GHA,288,2002,348600.0,23.72,25.02,47.41,Universal Analysis Mode,Warning,Maintenance inspection recommended soon.
GHA,288,2003,348600.0,26.54,28.83,49.07,Universal Analysis Mode,Warning,Maintenance inspection recommended soon.
GHA,288,2004,348600.0,34.3,38.26,50.28,Universal Analysis Mode,Warning,Maintenance inspection recommended soon.
GHA,288,2005,298800.0,47.26,54.52,49.41,Universal Analysis Mode,Warning,Maintenance inspection recommended soon.
GHA,288,2006,298800.0,55.37,65.14,49.53,Universal Analysis Mode,Warning,Maintenance inspection recommended soon.
GHA,288,2007,298800.0,60.12,72.39,49.66,Universal Analysis Mode,Warning,Maintenance inspection recommended soon.
GHA,288,2008,298800.0,77.79,97.26,50.88,Universal Analysis Mode,Warning,Maintenance inspection recommended soon.
GHA,288,2009,298800.0,49.5,61.67,46.57,Universal Analysis Mode,Warning,Maintenance inspection recommended soon.
GHA,288,2010,358014.19,62.78,79.5,47.63,Universal Analysis Mode,Warning,Maintenance inspection recommended soon.
GHA,288,2011,3810314.03,85.17,111.26,57.34,Universal Analysis Mode,Warning,Maintenance inspection recommended soon.
GHA,288,2012,3902088.46,83.75,111.67,45.68,Universal Analysis Mode,Warning,Maintenance inspection recommended soon.
GHA,288,2013,4876034.03,80.32,108.66,51.04,Universal Analysis Mode,Warning,Maintenance inspection recommended soon.
GHA,288,2014,5229955.16,71.97,98.95,53.54,Universal Analysis Mode,Warning,Maintenance inspection recommended soon.
GRC,300,1932,49800.0,10.86,0.87,30.11,Universal Analysis Mode,Warning,Maintenance inspection recommended soon.
GRC,300,1933,49800.0,8.82,0.67,30.11,Universal Analysis Mode,Warning,Maintenance inspection recommended soon.
GRC,300,1934,49800.0,12.72,1.0,30.6,Universal Analysis Mode,Warning,Maintenance inspection recommended soon.
GRC,300,1935,49800.0,12.04,0.97,30.27,Universal Analysis Mode,Warning,Maintenance inspection recommended soon.
GRC,300,1936,49800.0,13.38,1.09,30.59,Universal Analysis Mode,Warning,Maintenance inspection recommended soon.
GRC,300,1937,49800.0,13.98,1.18,30.37,Universal Analysis Mode,Warning,Maintenance inspection recommended soon.
GRC,300,1938,49800.0,13.66,1.13,30.41,Universal Analysis Mode,Warning,Maintenance inspection recommended soon.
GRC,300,1939,49800.0,12.5,1.02,30.35,Universal Analysis Mode,Warning,Maintenance inspection recommended soon.
GRC,300,1940,49800.0,12.38,1.02,30.3,Universal Analysis Mode,Warning,Maintenance inspection recommended soon.
GRC,300,1941,49800.0,13.18,1.14,30.34,Universal Analysis Mode,Warning,Maintenance inspection recommended soon.
GRC,300,1942,49800.0,12.42,1.19,30.15,Universal Analysis Mode,Warning,Maintenance inspection recommended soon.
GRC,300,1943,49800.0,11.81,1.2,29.89,Universal Analysis Mode,Healthy,Machine is safe. Continue regular monitoring.
GRC,300,1944,49800.0,11.71,1.21,29.84,Universal Analysis Mode,Healthy,Machine is safe. Continue regular monitoring.
GRC,300,1945,49800.0,9.93,1.05,29.51,Universal Analysis Mode,Healthy,Machine is safe. Continue regular monitoring.
GRC,300,1946,49800.0,9.77,1.12,29.42,Universal Analysis Mode,Healthy,Machine is safe. Continue regular monitoring.
GRC,300,1947,49800.0,14.48,1.9,30.39,Universal Analysis Mode,Warning,Maintenance inspection recommended soon.
GRC,300,1948,49800.0,14.07,1.99,30.45,Universal Analysis Mode,Warning,Maintenance inspection recommended soon.
GRC,300,1949,49800.0,12.71,1.78,30.01,Universal Analysis Mode,Warning,Maintenance inspection recommended soon.
GRC,300,1950,49800.0,12.08,1.71,29.79,Universal Analysis Mode,Healthy,Machine is safe. Continue regular monitoring.
GRC,300,1951,49800.0,11.2,1.71,29.61,Universal Analysis Mode,Healthy,Machine is safe. Continue regular monitoring.
GRC,300,1952,49800.0,10.96,1.71,29.6,Universal Analysis Mode,Healthy,Machine is safe. Continue regular monitoring.
GRC,300,1953,49800.0,12.27,1.93,30.12,Universal Analysis Mode,Warning,Maintenance inspection recommended soon.
GRC,300,1954,49800.0,12.21,1.93,30.02,Universal Analysis Mode,Warning,Maintenance inspection recommended soon.
GRC,300,1955,49800.0,12.27,1.93,29.68,Universal Analysis Mode,Healthy,Machine is safe. Continue regular monitoring.
GRC,300,1956,49800.0,12.07,1.93,29.67,Universal Analysis Mode,Healthy,Machine is safe. Continue regular monitoring.
GRC,300,1957,49800.0,11.48,1.9,29.41,Universal Analysis Mode,Healthy,Machine is safe. Continue regular monitoring.
GRC,300,1958,49800.0,12.25,2.08,29.86,Universal Analysis Mode,Healthy,Machine is safe. Continue regular monitoring.
GRC,300,1959,49800.0,12.14,2.08,29.89,Universal Analysis Mode,Healthy,Machine is safe. Continue regular monitoring.
GRC,300,1960,0.0,10.91,1.9,25.49,Universal Analysis Mode,Healthy,Machine is safe. Continue regular monitoring.
GRC,300,1961,0.0,10.24,1.8,25.44,Universal Analysis Mode,Healthy,Machine is safe. Continue regular monitoring.
GRC,300,1962,0.0,10.12,1.8,26.31,Universal Analysis Mode,Healthy,Machine is safe. Continue regular monitoring.
GRC,300,1963,0.0,9.99,1.8,26.13,Universal Analysis Mode,Healthy,Machine is safe. Continue regular monitoring.
GRC,300,1964,0.0,9.86,1.8,25.22,Universal Analysis Mode,Healthy,Machine is safe. Continue regular monitoring.
GRC,300,1965,0.0,9.71,1.8,25.83,Universal Analysis Mode,Healthy,Machine is safe. Continue regular monitoring.
GRC,300,1966,0.0,9.41,1.8,25.18,Universal Analysis Mode,Healthy,Machine is safe. Continue regular monitoring.
GRC,300,1967,0.0,9.16,1.8,25.08,Universal Analysis Mode,Healthy,Machine is safe. Continue regular monitoring.
GRC,300,1968,0.0,8.8,1.8,24.83,Universal Analysis Mode,Healthy,Machine is safe. Continue regular monitoring.
GRC,300,1969,0.0,8.35,1.8,24.95,Universal Analysis Mode,Healthy,Machine is safe. Continue regular monitoring.
GRC,300,1970,0.0,7.88,1.8,24.7,Universal Analysis Mode,Healthy,Machine is safe. Continue regular monitoring.
GRC,300,1971,0.0,9.41,2.24,25.03,Universal Analysis Mode,Healthy,Machine is safe. Continue regular monitoring.
GRC,300,1972,0.0,10.09,2.48,25.05,Universal Analysis Mode,Healthy,Machine is safe. Continue regular monitoring.
GRC,300,1973,0.0,12.59,3.29,25.28,Universal Analysis Mode,Healthy,Machine is safe. Continue regular monitoring.
GRC,300,1974,0.0,39.93,11.58,27.16,Universal Analysis Mode,Healthy,Machine is safe. Continue regular monitoring.
GRC,300,1975,0.0,36.44,11.53,27.43,Universal Analysis Mode,Healthy,Machine is safe. Continue regular monitoring.
GRC,300,1976,0.0,38.23,12.8,29.03,Universal Analysis Mode,Healthy,Machine is safe. Continue regular monitoring.
GRC,300,1977,0.0,39.04,13.92,30.25,Universal Analysis Mode,Warning,Maintenance inspection recommended soon.
GRC,300,1978,0.0,36.54,14.02,29.92,Universal Analysis Mode,Healthy,Machine is safe. Continue regular monitoring.
GRC,300,1979,0.0,74.02,31.61,32.31,Universal Analysis Mode,Warning,Maintenance inspection recommended soon.
GRC,300,1980,0.0,75.97,36.83,33.55,Universal Analysis Mode,Warning,Maintenance inspection recommended soon.
GRC,300,1981,196000.0,67.14,35.93,51.78,Universal Analysis Mode,Warning,Maintenance inspection recommended soon.
GRC,300,1982,986000.0,58.02,32.97,56.92,Universal Analysis Mode,Warning,Maintenance inspection recommended soon.
GRC,300,1983,1176000.0,50.39,29.55,56.55,Universal Analysis Mode,Warning,Maintenance inspection recommended soon.
GRC,300,1984,1251000.0,45.82,28.78,53.79,Universal Analysis Mode,Warning,Maintenance inspection recommended soon.
GRC,300,1985,1250000.0,43.43,27.56,53.49,Universal Analysis Mode,Warning,Maintenance inspection recommended soon.
GRC,300,1986,1253000.0,22.22,14.43,50.71,Universal Analysis Mode,Warning,Maintenance inspection recommended soon.
GRC,300,1987,1149000.0,27.46,18.44,49.77,Universal Analysis Mode,Warning,Maintenance inspection recommended soon.
GRC,300,1988,1050000.0,21.42,14.92,47.93,Universal Analysis Mode,Warning,Maintenance inspection recommended soon.
GRC,300,1989,851000.0,24.87,18.23,48.36,Universal Analysis Mode,Warning,Maintenance inspection recommended soon.
GRC,300,1990,773000.0,30.88,23.73,49.52,Universal Analysis Mode,Warning,Maintenance inspection recommended soon.
GRC,300,1991,789000.0,24.95,20.0,49.37,Universal Analysis Mode,Warning,Maintenance inspection recommended soon.
GRC,300,1992,653000.0,23.39,19.32,47.5,Universal Analysis Mode,Warning,Maintenance inspection recommended soon.
GRC,300,1993,537000.0,20.01,16.97,45.9,Universal Analysis Mode,Warning,Maintenance inspection recommended soon.
GRC,300,1994,500000.0,18.26,15.82,44.57,Universal Analysis Mode,Warning,Maintenance inspection recommended soon.
GRC,300,1995,435000.0,19.1,17.02,44.08,Universal Analysis Mode,Warning,Maintenance inspection recommended soon.
GRC,300,1996,483000.0,22.48,20.67,42.83,Universal Analysis Mode,Warning,Maintenance inspection recommended soon.
GRC,300,1997,436000.0,20.38,19.09,41.9,Universal Analysis Mode,Warning,Maintenance inspection recommended soon.
GRC,300,1998,293000.0,13.62,12.72,36.11,Universal Analysis Mode,Warning,Maintenance inspection recommended soon.
GRC,300,1999,15000.0,18.56,17.97,27.21,Universal Analysis Mode,Healthy,Machine is safe. Continue regular monitoring.
GRC,300,2000,256000.0,28.5,28.5,42.67,Universal Analysis Mode,Warning,Maintenance inspection recommended soon.
GRC,300,2001,248590.64,23.7,24.44,41.52,Universal Analysis Mode,Warning,Maintenance inspection recommended soon.
GRC,300,2002,157449.67,23.72,25.02,39.88,Universal Analysis Mode,Warning,Maintenance inspection recommended soon.
GRC,300,2003,140940.97,26.54,28.83,42.03,Universal Analysis Mode,Warning,Maintenance inspection recommended soon.
GRC,300,2004,141236.29,34.3,38.26,43.38,Universal Analysis Mode,Warning,Maintenance inspection recommended soon.
GRC,300,2005,132890.8,47.26,54.52,44.76,Universal Analysis Mode,Warning,Maintenance inspection recommended soon.
GRC,300,2006,91550.33,55.37,65.14,43.14,Universal Analysis Mode,Warning,Maintenance inspection recommended soon.
GRC,300,2007,62079.68,60.12,72.39,41.9,Universal Analysis Mode,Warning,Maintenance inspection recommended soon.
GRC,300,2008,49800.0,77.79,97.26,42.31,Universal Analysis Mode,Warning,Maintenance inspection recommended soon.
GRC,300,2009,58149.97,49.5,61.67,38.13,Universal Analysis Mode,Warning,Maintenance inspection recommended soon.
GRC,300,2010,116245.65,62.78,79.5,42.12,Universal Analysis Mode,Warning,Maintenance inspection recommended soon.
GRC,300,2011,87183.86,85.17,111.26,42.26,Universal Analysis Mode,Warning,Maintenance inspection recommended soon.
GRC,300,2012,83136.12,83.75,111.67,40.8,Universal Analysis Mode,Warning,Maintenance inspection recommended soon.
GRC,300,2013,62079.68,80.32,108.66,39.63,Universal Analysis Mode,Warning,Maintenance inspection recommended soon.
GRC,300,2014,57849.67,71.97,98.95,46.6,Universal Analysis Mode,Warning,Maintenance inspection recommended soon.
GTM,320,1932,49800.0,10.86,0.87,29.03,Universal Analysis Mode,Healthy,Machine is safe. Continue regular monitoring.
GTM,320,1933,49800.0,8.82,0.67,29.02,Universal Analysis Mode,Healthy,Machine is safe. Continue regular monitoring.
GTM,320,1934,49800.0,12.72,1.0,29.5,Universal Analysis Mode,Healthy,Machine is safe. Continue regular monitoring.
GTM,320,1935,49800.0,12.04,0.97,29.16,Universal Analysis Mode,Healthy,Machine is safe. Continue regular monitoring.
GTM,320,1936,49800.0,13.38,1.09,29.47,Universal Analysis Mode,Healthy,Machine is safe. Continue regular monitoring.
GTM,320,1937,49800.0,13.98,1.18,29.25,Universal Analysis Mode,Healthy,Machine is safe. Continue regular monitoring.
GTM,320,1938,49800.0,13.66,1.13,29.28,Universal Analysis Mode,Healthy,Machine is safe. Continue regular monitoring.
GTM,320,1939,49800.0,12.5,1.02,29.21,Universal Analysis Mode,Healthy,Machine is safe. Continue regular monitoring.
GTM,320,1940,49800.0,12.38,1.02,29.14,Universal Analysis Mode,Healthy,Machine is safe. Continue regular monitoring.
GTM,320,1941,49800.0,13.18,1.14,29.17,Universal Analysis Mode,Healthy,Machine is safe. Continue regular monitoring.
GTM,320,1942,49800.0,12.42,1.19,28.99,Universal Analysis Mode,Healthy,Machine is safe. Continue regular monitoring.
GTM,320,1943,49800.0,11.81,1.2,28.74,Universal Analysis Mode,Healthy,Machine is safe. Continue regular monitoring.
GTM,320,1944,49800.0,11.71,1.21,28.7,Universal Analysis Mode,Healthy,Machine is safe. Continue regular monitoring.
GTM,320,1945,49800.0,9.93,1.05,28.36,Universal Analysis Mode,Healthy,Machine is safe. Continue regular monitoring.
GTM,320,1946,49800.0,9.77,1.12,28.26,Universal Analysis Mode,Healthy,Machine is safe. Continue regular monitoring.
GTM,320,1947,49800.0,14.48,1.9,29.22,Universal Analysis Mode,Healthy,Machine is safe. Continue regular monitoring.
GTM,320,1948,49800.0,14.07,1.99,29.25,Universal Analysis Mode,Healthy,Machine is safe. Continue regular monitoring.
GTM,320,1949,49800.0,12.71,1.78,28.81,Universal Analysis Mode,Healthy,Machine is safe. Continue regular monitoring.
GTM,320,1950,49800.0,12.08,1.71,28.67,Universal Analysis Mode,Healthy,Machine is safe. Continue regular monitoring.
GTM,320,1951,49800.0,11.2,1.71,28.49,Universal Analysis Mode,Healthy,Machine is safe. Continue regular monitoring.
GTM,320,1952,49800.0,10.96,1.71,28.48,Universal Analysis Mode,Healthy,Machine is safe. Continue regular monitoring.
GTM,320,1953,49800.0,12.27,1.93,29.0,Universal Analysis Mode,Healthy,Machine is safe. Continue regular monitoring.
GTM,320,1954,49800.0,12.21,1.93,28.9,Universal Analysis Mode,Healthy,Machine is safe. Continue regular monitoring.
GTM,320,1955,49800.0,12.27,1.93,28.56,Universal Analysis Mode,Healthy,Machine is safe. Continue regular monitoring.
GTM,320,1956,49800.0,12.07,1.93,28.55,Universal Analysis Mode,Healthy,Machine is safe. Continue regular monitoring.
GTM,320,1957,49800.0,11.48,1.9,28.29,Universal Analysis Mode,Healthy,Machine is safe. Continue regular monitoring.
GTM,320,1958,49800.0,12.25,2.08,28.74,Universal Analysis Mode,Healthy,Machine is safe. Continue regular monitoring.
GTM,320,1959,49800.0,12.14,2.08,28.77,Universal Analysis Mode,Healthy,Machine is safe. Continue regular monitoring.
GTM,320,1960,0.0,10.91,1.9,24.37,Universal Analysis Mode,Healthy,Machine is safe. Continue regular monitoring.
GTM,320,1961,0.0,10.24,1.8,24.32,Universal Analysis Mode,Healthy,Machine is safe. Continue regular monitoring.
GTM,320,1962,0.0,10.12,1.8,25.19,Universal Analysis Mode,Healthy,Machine is safe. Continue regular monitoring.
GTM,320,1963,0.0,9.99,1.8,25.03,Universal Analysis Mode,Healthy,Machine is safe. Continue regular monitoring.
GTM,320,1964,0.0,9.86,1.8,24.13,Universal Analysis Mode,Healthy,Machine is safe. Continue regular monitoring.
GTM,320,1965,0.0,9.71,1.8,24.73,Universal Analysis Mode,Healthy,Machine is safe. Continue regular monitoring.
GTM,320,1966,0.0,9.41,1.8,24.09,Universal Analysis Mode,Healthy,Machine is safe. Continue regular monitoring.
GTM,320,1967,0.0,9.16,1.8,23.97,Universal Analysis Mode,Healthy,Machine is safe. Continue regular monitoring.
GTM,320,1968,0.0,8.8,1.8,23.73,Universal Analysis Mode,Healthy,Machine is safe. Continue regular monitoring.
GTM,320,1969,0.0,8.35,1.8,23.85,Universal Analysis Mode,Healthy,Machine is safe. Continue regular monitoring.
GTM,320,1970,0.0,7.88,1.8,23.6,Universal Analysis Mode,Healthy,Machine is safe. Continue regular monitoring.
GTM,320,1971,0.0,9.41,2.24,23.94,Universal Analysis Mode,Healthy,Machine is safe. Continue regular monitoring.
GTM,320,1972,0.0,10.09,2.48,23.95,Universal Analysis Mode,Healthy,Machine is safe. Continue regular monitoring.
GTM,320,1973,0.0,12.59,3.29,24.18,Universal Analysis Mode,Healthy,Machine is safe. Continue regular monitoring.
GTM,320,1974,0.0,39.93,11.58,26.05,Universal Analysis Mode,Healthy,Machine is safe. Continue regular monitoring.
GTM,320,1975,0.0,36.44,11.53,26.31,Universal Analysis Mode,Healthy,Machine is safe. Continue regular monitoring.
GTM,320,1976,13000.0,38.23,12.8,30.02,Universal Analysis Mode,Warning,Maintenance inspection recommended soon.
GTM,320,1977,7000.0,39.04,13.92,32.06,Universal Analysis Mode,Warning,Maintenance inspection recommended soon.
GTM,320,1978,30000.0,36.54,14.02,34.79,Universal Analysis Mode,Warning,Maintenance inspection recommended soon.
GTM,320,1979,78000.0,74.02,31.61,45.46,Universal Analysis Mode,Warning,Maintenance inspection recommended soon.
GTM,320,1980,203000.0,75.97,36.83,51.3,Universal Analysis Mode,Warning,Maintenance inspection recommended soon.
GTM,320,1981,208000.0,67.14,35.93,54.15,Universal Analysis Mode,Warning,Maintenance inspection recommended soon.
GTM,320,1982,317000.0,58.02,32.97,55.29,Universal Analysis Mode,Warning,Maintenance inspection recommended soon.
GTM,320,1983,350000.0,50.39,29.55,54.99,Universal Analysis Mode,Warning,Maintenance inspection recommended soon.
GTM,320,1984,237000.0,45.82,28.78,53.15,Universal Analysis Mode,Warning,Maintenance inspection recommended soon.
GTM,320,1985,184000.0,43.43,27.56,51.29,Universal Analysis Mode,Warning,Maintenance inspection recommended soon.
GTM,320,1986,241000.0,22.22,14.43,45.06,Universal Analysis Mode,Warning,Maintenance inspection recommended soon.
GTM,320,1987,199000.0,27.46,18.44,44.09,Universal Analysis Mode,Warning,Maintenance inspection recommended soon.
GTM,320,1988,200000.0,21.42,14.92,41.29,Universal Analysis Mode,Warning,Maintenance inspection recommended soon.
GTM,320,1989,198000.0,24.87,18.23,42.43,Universal Analysis Mode,Warning,Maintenance inspection recommended soon.
GTM,320,1990,215000.0,30.88,23.73,45.36,Universal Analysis Mode,Warning,Maintenance inspection recommended soon.
GTM,320,1991,202000.0,24.95,20.0,43.83,Universal Analysis Mode,Warning,Maintenance inspection recommended soon.
GTM,320,1992,306000.0,23.39,19.32,44.42,Universal Analysis Mode,Warning,Maintenance inspection recommended soon.
GTM,320,1993,300000.0,20.01,16.97,43.1,Universal Analysis Mode,Warning,Maintenance inspection recommended soon.
GTM,320,1994,400000.0,18.26,15.82,43.82,Universal Analysis Mode,Warning,Maintenance inspection recommended soon.
GTM,320,1995,468000.0,19.1,17.02,44.68,Universal Analysis Mode,Warning,Maintenance inspection recommended soon.
GTM,320,1996,795000.0,22.48,20.67,47.94,Universal Analysis Mode,Warning,Maintenance inspection recommended soon.
GTM,320,1997,1065000.0,20.38,19.09,54.47,Universal Analysis Mode,Warning,Maintenance inspection recommended soon.
GTM,320,1998,1389000.0,13.62,12.72,53.44,Universal Analysis Mode,Warning,Maintenance inspection recommended soon.
GTM,320,1999,1270000.0,18.56,17.97,54.32,Universal Analysis Mode,Warning,Maintenance inspection recommended soon.
GTM,320,2000,1130000.0,28.5,28.5,55.28,Universal Analysis Mode,Warning,Maintenance inspection recommended soon.
GTM,320,2001,1049784.0,23.7,24.44,55.07,Universal Analysis Mode,Warning,Maintenance inspection recommended soon.
GTM,320,2002,896127.1,23.72,25.02,54.58,Universal Analysis Mode,Warning,Maintenance inspection recommended soon.
GTM,320,2003,1095327.1,26.54,28.83,56.97,Universal Analysis Mode,Warning,Maintenance inspection recommended soon.
GTM,320,2004,986611.7,34.3,38.26,57.58,Universal Analysis Mode,Warning,Maintenance inspection recommended soon.
GTM,320,2005,854240.32,47.26,54.52,58.96,Universal Analysis Mode,Warning,Maintenance inspection recommended soon.
GTM,320,2006,1003204.07,55.37,65.14,58.61,Universal Analysis Mode,Warning,Maintenance inspection recommended soon.
GTM,320,2007,787726.44,60.12,72.39,58.47,Universal Analysis Mode,Warning,Maintenance inspection recommended soon.
GTM,320,2008,773148.98,77.79,97.26,59.33,Universal Analysis Mode,Warning,Maintenance inspection recommended soon.
GTM,320,2009,672798.0,49.5,61.67,55.81,Universal Analysis Mode,Warning,Maintenance inspection recommended soon.
GTM,320,2010,649880.04,62.78,79.5,56.0,Universal Analysis Mode,Warning,Maintenance inspection recommended soon.
GTM,320,2011,547800.0,85.17,111.26,55.57,Universal Analysis Mode,Warning,Maintenance inspection recommended soon.
GTM,320,2012,526118.57,83.75,111.67,54.42,Universal Analysis Mode,Warning,Maintenance inspection recommended soon.
GTM,320,2013,497338.66,80.32,108.66,50.48,Universal Analysis Mode,Warning,Maintenance inspection recommended soon.
GTM,320,2014,500578.64,71.97,98.95,51.47,Universal Analysis Mode,Warning,Maintenance inspection recommended soon.
GIN,324,1932,49800.0,10.86,0.87,28.94,Universal Analysis Mode,Healthy,Machine is safe. Continue regular monitoring.
GIN,324,1933,49800.0,8.82,0.67,28.92,Universal Analysis Mode,Healthy,Machine is safe. Continue regular monitoring.
GIN,324,1934,49800.0,12.72,1.0,29.4,Universal Analysis Mode,Healthy,Machine is safe. Continue regular monitoring.
GIN,324,1935,49800.0,12.04,0.97,29.05,Universal Analysis Mode,Healthy,Machine is safe. Continue regular monitoring.
GIN,324,1936,49800.0,13.38,1.09,29.35,Universal Analysis Mode,Healthy,Machine is safe. Continue regular monitoring.
GIN,324,1937,49800.0,13.98,1.18,29.12,Universal Analysis Mode,Healthy,Machine is safe. Continue regular monitoring.
GIN,324,1938,49800.0,13.66,1.13,29.15,Universal Analysis Mode,Healthy,Machine is safe. Continue regular monitoring.
GIN,324,1939,49800.0,12.5,1.02,29.07,Universal Analysis Mode,Healthy,Machine is safe. Continue regular monitoring.
GIN,324,1940,49800.0,12.38,1.02,29.0,Universal Analysis Mode,Healthy,Machine is safe. Continue regular monitoring.
GIN,324,1941,49800.0,13.18,1.14,29.03,Universal Analysis Mode,Healthy,Machine is safe. Continue regular monitoring.
GIN,324,1942,49800.0,12.42,1.19,28.84,Universal Analysis Mode,Healthy,Machine is safe. Continue regular monitoring.
GIN,324,1943,49800.0,11.81,1.2,28.59,Universal Analysis Mode,Healthy,Machine is safe. Continue regular monitoring.
GIN,324,1944,49800.0,11.71,1.21,28.54,Universal Analysis Mode,Healthy,Machine is safe. Continue regular monitoring.
GIN,324,1945,49800.0,9.93,1.05,28.2,Universal Analysis Mode,Healthy,Machine is safe. Continue regular monitoring.
GIN,324,1946,49800.0,9.77,1.12,28.09,Universal Analysis Mode,Healthy,Machine is safe. Continue regular monitoring.
GIN,324,1947,49800.0,14.48,1.9,29.04,Universal Analysis Mode,Healthy,Machine is safe. Continue regular monitoring.
GIN,324,1948,49800.0,14.07,1.99,29.07,Universal Analysis Mode,Healthy,Machine is safe. Continue regular monitoring.
GIN,324,1949,49800.0,12.71,1.78,28.62,Universal Analysis Mode,Healthy,Machine is safe. Continue regular monitoring.
GIN,324,1950,49800.0,12.08,1.71,27.82,Universal Analysis Mode,Healthy,Machine is safe. Continue regular monitoring.
GIN,324,1951,49800.0,11.2,1.71,27.63,Universal Analysis Mode,Healthy,Machine is safe. Continue regular monitoring.
GIN,324,1952,49800.0,10.96,1.71,27.61,Universal Analysis Mode,Healthy,Machine is safe. Continue regular monitoring.
GIN,324,1953,49800.0,12.27,1.93,28.12,Universal Analysis Mode,Healthy,Machine is safe. Continue regular monitoring.
GIN,324,1954,49800.0,12.21,1.93,28.02,Universal Analysis Mode,Healthy,Machine is safe. Continue regular monitoring.
GIN,324,1955,49800.0,12.27,1.93,27.67,Universal Analysis Mode,Healthy,Machine is safe. Continue regular monitoring.
GIN,324,1956,49800.0,12.07,1.93,27.65,Universal Analysis Mode,Healthy,Machine is safe. Continue regular monitoring.
GIN,324,1957,49800.0,11.48,1.9,27.38,Universal Analysis Mode,Healthy,Machine is safe. Continue regular monitoring.
GIN,324,1958,49800.0,12.25,2.08,28.64,Universal Analysis Mode,Healthy,Machine is safe. Continue regular monitoring.
GIN,324,1959,49800.0,12.14,2.08,28.67,Universal Analysis Mode,Healthy,Machine is safe. Continue regular monitoring.
GIN,324,1960,0.0,10.91,1.9,24.26,Universal Analysis Mode,Healthy,Machine is safe. Continue regular monitoring.
GIN,324,1961,0.0,10.24,1.8,24.21,Universal Analysis Mode,Healthy,Machine is safe. Continue regular monitoring.
GIN,324,1962,0.0,10.12,1.8,25.08,Universal Analysis Mode,Healthy,Machine is safe. Continue regular monitoring.
GIN,324,1963,0.0,9.99,1.8,24.9,Universal Analysis Mode,Healthy,Machine is safe. Continue regular monitoring.
GIN,324,1964,0.0,9.86,1.8,23.99,Universal Analysis Mode,Healthy,Machine is safe. Continue regular monitoring.
GIN,324,1965,0.0,9.71,1.8,24.6,Universal Analysis Mode,Healthy,Machine is safe. Continue regular monitoring.
GIN,324,1966,0.0,9.41,1.8,23.95,Universal Analysis Mode,Healthy,Machine is safe. Continue regular monitoring.
GIN,324,1967,0.0,9.16,1.8,23.84,Universal Analysis Mode,Healthy,Machine is safe. Continue regular monitoring.
GIN,324,1968,0.0,8.8,1.8,23.6,Universal Analysis Mode,Healthy,Machine is safe. Continue regular monitoring.
GIN,324,1969,0.0,8.35,1.8,23.72,Universal Analysis Mode,Healthy,Machine is safe. Continue regular monitoring.
GIN,324,1970,0.0,7.88,1.8,23.47,Universal Analysis Mode,Healthy,Machine is safe. Continue regular monitoring.
GIN,324,1971,0.0,9.41,2.24,23.81,Universal Analysis Mode,Healthy,Machine is safe. Continue regular monitoring.
GIN,324,1972,0.0,10.09,2.48,23.82,Universal Analysis Mode,Healthy,Machine is safe. Continue regular monitoring.
GIN,324,1973,0.0,12.59,3.29,24.05,Universal Analysis Mode,Healthy,Machine is safe. Continue regular monitoring.
GIN,324,1974,0.0,39.93,11.58,25.93,Universal Analysis Mode,Healthy,Machine is safe. Continue regular monitoring.
GIN,324,1975,0.0,36.44,11.53,26.19,Universal Analysis Mode,Healthy,Machine is safe. Continue regular monitoring.
GIN,324,1976,0.0,38.23,12.8,27.78,Universal Analysis Mode,Healthy,Machine is safe. Continue regular monitoring.
GIN,324,1977,0.0,39.04,13.92,28.99,Universal Analysis Mode,Healthy,Machine is safe. Continue regular monitoring.
GIN,324,1978,0.0,36.54,14.02,28.66,Universal Analysis Mode,Healthy,Machine is safe. Continue regular monitoring.
GIN,324,1979,0.0,74.02,31.61,31.03,Universal Analysis Mode,Warning,Maintenance inspection recommended soon.
GIN,324,1980,0.0,75.97,36.83,32.27,Universal Analysis Mode,Warning,Maintenance inspection recommended soon.
GIN,324,1981,0.0,67.14,35.93,32.77,Universal Analysis Mode,Warning,Maintenance inspection recommended soon.
GIN,324,1982,0.0,58.02,32.97,32.86,Universal Analysis Mode,Warning,Maintenance inspection recommended soon.
GIN,324,1983,0.0,50.39,29.55,32.47,Universal Analysis Mode,Warning,Maintenance inspection recommended soon.
GIN,324,1984,0.0,45.82,28.78,32.1,Universal Analysis Mode,Warning,Maintenance inspection recommended soon.
GIN,324,1985,0.0,43.43,27.56,31.84,Universal Analysis Mode,Warning,Maintenance inspection recommended soon.
GIN,324,1986,0.0,22.22,14.43,29.44,Universal Analysis Mode,Healthy,Machine is safe. Continue regular monitoring.
GIN,324,1987,0.0,27.46,18.44,28.51,Universal Analysis Mode,Healthy,Machine is safe. Continue regular monitoring.
GIN,324,1988,0.0,21.42,14.92,26.92,Universal Analysis Mode,Healthy,Machine is safe. Continue regular monitoring.
GIN,324,1989,0.0,24.87,18.23,27.38,Universal Analysis Mode,Healthy,Machine is safe. Continue regular monitoring.
GIN,324,1990,0.0,30.88,23.73,29.35,Universal Analysis Mode,Healthy,Machine is safe. Continue regular monitoring.
GIN,324,1991,0.0,24.95,20.0,29.93,Universal Analysis Mode,Healthy,Machine is safe. Continue regular monitoring.
GIN,324,1992,0.0,23.39,19.32,28.44,Universal Analysis Mode,Healthy,Machine is safe. Continue regular monitoring.
GIN,324,1993,0.0,20.01,16.97,28.05,Universal Analysis Mode,Healthy,Machine is safe. Continue regular monitoring.
GIN,324,1994,0.0,18.26,15.82,27.52,Universal Analysis Mode,Healthy,Machine is safe. Continue regular monitoring.
GIN,324,1995,0.0,19.1,17.02,27.49,Universal Analysis Mode,Healthy,Machine is safe. Continue regular monitoring.
GIN,324,1996,0.0,22.48,20.67,28.29,Universal Analysis Mode,Healthy,Machine is safe. Continue regular monitoring.
GIN,324,1997,0.0,20.38,19.09,28.12,Universal Analysis Mode,Healthy,Machine is safe. Continue regular monitoring.
GIN,324,1998,0.0,13.62,12.72,27.1,Universal Analysis Mode,Healthy,Machine is safe. Continue regular monitoring.
GIN,324,1999,0.0,18.56,17.97,27.88,Universal Analysis Mode,Healthy,Machine is safe. Continue regular monitoring.
GIN,324,2000,0.0,28.5,28.5,31.08,Universal Analysis Mode,Warning,Maintenance inspection recommended soon.
GIN,324,2001,0.0,23.7,24.44,31.02,Universal Analysis Mode,Warning,Maintenance inspection recommended soon.
GIN,324,2002,0.0,23.72,25.02,30.61,Universal Analysis Mode,Warning,Maintenance inspection recommended soon.
GIN,324,2003,0.0,26.54,28.83,32.75,Universal Analysis Mode,Warning,Maintenance inspection recommended soon.
GIN,324,2004,0.0,34.3,38.26,33.28,Universal Analysis Mode,Warning,Maintenance inspection recommended soon.
GIN,324,2005,0.0,47.26,54.52,34.55,Universal Analysis Mode,Warning,Maintenance inspection recommended soon.
GIN,324,2006,0.0,55.37,65.14,34.0,Universal Analysis Mode,Warning,Maintenance inspection recommended soon.
GIN,324,2007,0.0,60.12,72.39,33.98,Universal Analysis Mode,Warning,Maintenance inspection recommended soon.
GIN,324,2008,0.0,77.79,97.26,34.67,Universal Analysis Mode,Warning,Maintenance inspection recommended soon.
GIN,324,2009,0.0,49.5,61.67,31.57,Universal Analysis Mode,Warning,Maintenance inspection recommended soon.
GIN,324,2010,0.0,62.78,79.5,31.84,Universal Analysis Mode,Warning,Maintenance inspection recommended soon.
GIN,324,2011,0.0,85.17,111.26,31.32,Universal Analysis Mode,Warning,Maintenance inspection recommended soon.
GIN,324,2012,0.0,83.75,111.67,30.27,Universal Analysis Mode,Warning,Maintenance inspection recommended soon.
GIN,324,2013,0.0,80.32,108.66,30.52,Universal Analysis Mode,Warning,Maintenance inspection recommended soon.
GIN,324,2014,0.0,71.97,98.95,31.57,Universal Analysis Mode,Warning,Maintenance inspection recommended soon.
GNB,624,1932,49800.0,10.86,0.87,29.54,Universal Analysis Mode,Healthy,Machine is safe. Continue regular monitoring.
GNB,624,1933,49800.0,8.82,0.67,29.53,Universal Analysis Mode,Healthy,Machine is safe. Continue regular monitoring.
GNB,624,1934,49800.0,12.72,1.0,30.0,Universal Analysis Mode,Warning,Maintenance inspection recommended soon.
GNB,624,1935,49800.0,12.04,0.97,29.65,Universal Analysis Mode,Healthy,Machine is safe. Continue regular monitoring.
GNB,624,1936,49800.0,13.38,1.09,29.96,Universal Analysis Mode,Healthy,Machine is safe. Continue regular monitoring.
GNB,624,1937,49800.0,13.98,1.18,29.72,Universal Analysis Mode,Healthy,Machine is safe. Continue regular monitoring.
GNB,624,1938,49800.0,13.66,1.13,29.75,Universal Analysis Mode,Healthy,Machine is safe. Continue regular monitoring.
GNB,624,1939,49800.0,12.5,1.02,29.68,Universal Analysis Mode,Healthy,Machine is safe. Continue regular monitoring.
GNB,624,1940,49800.0,12.38,1.02,29.6,Universal Analysis Mode,Healthy,Machine is safe. Continue regular monitoring.
GNB,624,1941,49800.0,13.18,1.14,29.63,Universal Analysis Mode,Healthy,Machine is safe. Continue regular monitoring.
GNB,624,1942,49800.0,12.42,1.19,29.44,Universal Analysis Mode,Healthy,Machine is safe. Continue regular monitoring.
GNB,624,1943,49800.0,11.81,1.2,29.19,Universal Analysis Mode,Healthy,Machine is safe. Continue regular monitoring.
GNB,624,1944,49800.0,11.71,1.21,29.15,Universal Analysis Mode,Healthy,Machine is safe. Continue regular monitoring.
GNB,624,1945,49800.0,9.93,1.05,28.81,Universal Analysis Mode,Healthy,Machine is safe. Continue regular monitoring.
GNB,624,1946,49800.0,9.77,1.12,28.7,Universal Analysis Mode,Healthy,Machine is safe. Continue regular monitoring.
GNB,624,1947,49800.0,14.48,1.9,29.65,Universal Analysis Mode,Healthy,Machine is safe. Continue regular monitoring.
GNB,624,1948,49800.0,14.07,1.99,29.67,Universal Analysis Mode,Healthy,Machine is safe. Continue regular monitoring.
GNB,624,1949,49800.0,12.71,1.78,29.22,Universal Analysis Mode,Healthy,Machine is safe. Continue regular monitoring.
GNB,624,1950,49800.0,12.08,1.71,28.12,Universal Analysis Mode,Healthy,Machine is safe. Continue regular monitoring.
GNB,624,1951,49800.0,11.2,1.71,27.92,Universal Analysis Mode,Healthy,Machine is safe. Continue regular monitoring.
GNB,624,1952,49800.0,10.96,1.71,27.9,Universal Analysis Mode,Healthy,Machine is safe. Continue regular monitoring.
GNB,624,1953,49800.0,12.27,1.93,28.41,Universal Analysis Mode,Healthy,Machine is safe. Continue regular monitoring.
GNB,624,1954,49800.0,12.21,1.93,28.3,Universal Analysis Mode,Healthy,Machine is safe. Continue regular monitoring.
GNB,624,1955,49800.0,12.27,1.93,27.95,Universal Analysis Mode,Healthy,Machine is safe. Continue regular monitoring.
GNB,624,1956,49800.0,12.07,1.93,27.93,Universal Analysis Mode,Healthy,Machine is safe. Continue regular monitoring.
GNB,624,1957,49800.0,11.48,1.9,27.66,Universal Analysis Mode,Healthy,Machine is safe. Continue regular monitoring.
GNB,624,1958,49800.0,12.25,2.08,28.1,Universal Analysis Mode,Healthy,Machine is safe. Continue regular monitoring.
GNB,624,1959,49800.0,12.14,2.08,28.13,Universal Analysis Mode,Healthy,Machine is safe. Continue regular monitoring.
GNB,624,1960,49800.0,10.91,1.9,28.06,Universal Analysis Mode,Healthy,Machine is safe. Continue regular monitoring.
GNB,624,1961,49800.0,10.24,1.8,28.0,Universal Analysis Mode,Healthy,Machine is safe. Continue regular monitoring.
GNB,624,1962,49800.0,10.12,1.8,28.86,Universal Analysis Mode,Healthy,Machine is safe. Continue regular monitoring.
GNB,624,1963,49800.0,9.99,1.8,28.69,Universal Analysis Mode,Healthy,Machine is safe. Continue regular monitoring.
GNB,624,1964,49800.0,9.86,1.8,27.76,Universal Analysis Mode,Healthy,Machine is safe. Continue regular monitoring.
GNB,624,1965,49800.0,9.71,1.8,28.35,Universal Analysis Mode,Healthy,Machine is safe. Continue regular monitoring.
GNB,624,1966,49800.0,9.41,1.8,27.7,Universal Analysis Mode,Healthy,Machine is safe. Continue regular monitoring.
GNB,624,1967,49800.0,9.16,1.8,27.58,Universal Analysis Mode,Healthy,Machine is safe. Continue regular monitoring.
GNB,624,1968,49800.0,8.8,1.8,27.34,Universal Analysis Mode,Healthy,Machine is safe. Continue regular monitoring.
GNB,624,1969,49800.0,8.35,1.8,27.45,Universal Analysis Mode,Healthy,Machine is safe. Continue regular monitoring.
GNB,624,1970,49800.0,7.88,1.8,27.2,Universal Analysis Mode,Healthy,Machine is safe. Continue regular monitoring.
GNB,624,1971,49800.0,9.41,2.24,27.53,Universal Analysis Mode,Healthy,Machine is safe. Continue regular monitoring.
GNB,624,1972,49800.0,10.09,2.48,27.54,Universal Analysis Mode,Healthy,Machine is safe. Continue regular monitoring.
GNB,624,1973,49800.0,12.59,3.29,27.77,Universal Analysis Mode,Healthy,Machine is safe. Continue regular monitoring.
GNB,624,1974,0.0,39.93,11.58,26.1,Universal Analysis Mode,Healthy,Machine is safe. Continue regular monitoring.
GNB,624,1975,0.0,36.44,11.53,26.36,Universal Analysis Mode,Healthy,Machine is safe. Continue regular monitoring.
GNB,624,1976,0.0,38.23,12.8,27.96,Universal Analysis Mode,Healthy,Machine is safe. Continue regular monitoring.
GNB,624,1977,0.0,39.04,13.92,29.16,Universal Analysis Mode,Healthy,Machine is safe. Continue regular monitoring.
GNB,624,1978,0.0,36.54,14.02,28.82,Universal Analysis Mode,Healthy,Machine is safe. Continue regular monitoring.
GNB,624,1979,0.0,74.02,31.61,31.2,Universal Analysis Mode,Warning,Maintenance inspection recommended soon.
GNB,624,1980,0.0,75.97,36.83,32.43,Universal Analysis Mode,Warning,Maintenance inspection recommended soon.
GNB,624,1981,0.0,67.14,35.93,32.91,Universal Analysis Mode,Warning,Maintenance inspection recommended soon.
GNB,624,1982,0.0,58.02,32.97,33.0,Universal Analysis Mode,Warning,Maintenance inspection recommended soon.
GNB,624,1983,0.0,50.39,29.55,32.6,Universal Analysis Mode,Warning,Maintenance inspection recommended soon.
GNB,624,1984,0.0,45.82,28.78,32.23,Universal Analysis Mode,Warning,Maintenance inspection recommended soon.
GNB,624,1985,0.0,43.43,27.56,31.95,Universal Analysis Mode,Warning,Maintenance inspection recommended soon.
GNB,624,1986,0.0,22.22,14.43,29.55,Universal Analysis Mode,Healthy,Machine is safe. Continue regular monitoring.
GNB,624,1987,0.0,27.46,18.44,28.61,Universal Analysis Mode,Healthy,Machine is safe. Continue regular monitoring.
GNB,624,1988,0.0,21.42,14.92,27.03,Universal Analysis Mode,Healthy,Machine is safe. Continue regular monitoring.
GNB,624,1989,0.0,24.87,18.23,27.49,Universal Analysis Mode,Healthy,Machine is safe. Continue regular monitoring.
GNB,624,1990,0.0,30.88,23.73,29.46,Universal Analysis Mode,Healthy,Machine is safe. Continue regular monitoring.
GNB,624,1991,0.0,24.95,20.0,29.34,Universal Analysis Mode,Healthy,Machine is safe. Continue regular monitoring.
GNB,624,1992,0.0,23.39,19.32,27.8,Universal Analysis Mode,Healthy,Machine is safe. Continue regular monitoring.
GNB,624,1993,0.0,20.01,16.97,27.39,Universal Analysis Mode,Healthy,Machine is safe. Continue regular monitoring.
GNB,624,1994,0.0,18.26,15.82,26.83,Universal Analysis Mode,Healthy,Machine is safe. Continue regular monitoring.
GNB,624,1995,0.0,19.1,17.02,26.76,Universal Analysis Mode,Healthy,Machine is safe. Continue regular monitoring.
GNB,624,1996,0.0,22.48,20.67,27.53,Universal Analysis Mode,Healthy,Machine is safe. Continue regular monitoring.
GNB,624,1997,0.0,20.38,19.09,27.34,Universal Analysis Mode,Healthy,Machine is safe. Continue regular monitoring.
GNB,624,1998,0.0,13.62,12.72,26.31,Universal Analysis Mode,Healthy,Machine is safe. Continue regular monitoring.
GNB,624,1999,0.0,18.56,17.97,27.06,Universal Analysis Mode,Healthy,Machine is safe. Continue regular monitoring.
GNB,624,2000,0.0,28.5,28.5,30.23,Universal Analysis Mode,Warning,Maintenance inspection recommended soon.
GNB,624,2001,0.0,23.7,24.44,30.16,Universal Analysis Mode,Warning,Maintenance inspection recommended soon.
GNB,624,2002,0.0,23.72,25.02,29.74,Universal Analysis Mode,Healthy,Machine is safe. Continue regular monitoring.
GNB,624,2003,0.0,26.54,28.83,31.85,Universal Analysis Mode,Warning,Maintenance inspection recommended soon.
GNB,624,2004,0.0,34.3,38.26,32.35,Universal Analysis Mode,Warning,Maintenance inspection recommended soon.
GNB,624,2005,0.0,47.26,54.52,33.6,Universal Analysis Mode,Warning,Maintenance inspection recommended soon.
GNB,624,2006,0.0,55.37,65.14,33.02,Universal Analysis Mode,Warning,Maintenance inspection recommended soon.
GNB,624,2007,0.0,60.12,72.39,32.97,Universal Analysis Mode,Warning,Maintenance inspection recommended soon.
GNB,624,2008,0.0,77.79,97.26,33.63,Universal Analysis Mode,Warning,Maintenance inspection recommended soon.
GNB,624,2009,0.0,49.5,61.67,30.52,Universal Analysis Mode,Warning,Maintenance inspection recommended soon.
GNB,624,2010,0.0,62.78,79.5,31.65,Universal Analysis Mode,Warning,Maintenance inspection recommended soon.
GNB,624,2011,0.0,85.17,111.26,31.11,Universal Analysis Mode,Warning,Maintenance inspection recommended soon.
GNB,624,2012,0.0,83.75,111.67,29.99,Universal Analysis Mode,Healthy,Machine is safe. Continue regular monitoring.
GNB,624,2013,0.0,80.32,108.66,30.22,Universal Analysis Mode,Warning,Maintenance inspection recommended soon.
GNB,624,2014,0.0,71.97,98.95,31.27,Universal Analysis Mode,Warning,Maintenance inspection recommended soon.
GUY,328,1932,49800.0,10.86,0.87,28.95,Universal Analysis Mode,Healthy,Machine is safe. Continue regular monitoring.
GUY,328,1933,49800.0,8.82,0.67,28.93,Universal Analysis Mode,Healthy,Machine is safe. Continue regular monitoring.
GUY,328,1934,49800.0,12.72,1.0,29.4,Universal Analysis Mode,Healthy,Machine is safe. Continue regular monitoring.
GUY,328,1935,49800.0,12.04,0.97,29.05,Universal Analysis Mode,Healthy,Machine is safe. Continue regular monitoring.
GUY,328,1936,49800.0,13.38,1.09,29.36,Universal Analysis Mode,Healthy,Machine is safe. Continue regular monitoring.
GUY,328,1937,49800.0,13.98,1.18,29.12,Universal Analysis Mode,Healthy,Machine is safe. Continue regular monitoring.
GUY,328,1938,49800.0,13.66,1.13,29.15,Universal Analysis Mode,Healthy,Machine is safe. Continue regular monitoring.
GUY,328,1939,49800.0,12.5,1.02,29.08,Universal Analysis Mode,Healthy,Machine is safe. Continue regular monitoring.
GUY,328,1940,49800.0,12.38,1.02,29.0,Universal Analysis Mode,Healthy,Machine is safe. Continue regular monitoring.
GUY,328,1941,49800.0,13.18,1.14,29.03,Universal Analysis Mode,Healthy,Machine is safe. Continue regular monitoring.
GUY,328,1942,49800.0,12.42,1.19,28.84,Universal Analysis Mode,Healthy,Machine is safe. Continue regular monitoring.
GUY,328,1943,49800.0,11.81,1.2,28.59,Universal Analysis Mode,Healthy,Machine is safe. Continue regular monitoring.
GUY,328,1944,49800.0,11.71,1.21,28.55,Universal Analysis Mode,Healthy,Machine is safe. Continue regular monitoring.
GUY,328,1945,49800.0,9.93,1.05,28.21,Universal Analysis Mode,Healthy,Machine is safe. Continue regular monitoring.
GUY,328,1946,49800.0,9.77,1.12,28.1,Universal Analysis Mode,Healthy,Machine is safe. Continue regular monitoring.
GUY,328,1947,49800.0,14.48,1.9,29.05,Universal Analysis Mode,Healthy,Machine is safe. Continue regular monitoring.
GUY,328,1948,49800.0,14.07,1.99,29.07,Universal Analysis Mode,Healthy,Machine is safe. Continue regular monitoring.
GUY,328,1949,49800.0,12.71,1.78,28.63,Universal Analysis Mode,Healthy,Machine is safe. Continue regular monitoring.
GUY,328,1950,49800.0,12.08,1.71,27.47,Universal Analysis Mode,Healthy,Machine is safe. Continue regular monitoring.
GUY,328,1951,49800.0,11.2,1.71,27.28,Universal Analysis Mode,Healthy,Machine is safe. Continue regular monitoring.
GUY,328,1952,49800.0,10.96,1.71,27.26,Universal Analysis Mode,Healthy,Machine is safe. Continue regular monitoring.
GUY,328,1953,49800.0,12.27,1.93,27.77,Universal Analysis Mode,Healthy,Machine is safe. Continue regular monitoring.
GUY,328,1954,49800.0,12.21,1.93,27.67,Universal Analysis Mode,Healthy,Machine is safe. Continue regular monitoring.
GUY,328,1955,49800.0,12.27,1.93,27.32,Universal Analysis Mode,Healthy,Machine is safe. Continue regular monitoring.
GUY,328,1956,49800.0,12.07,1.93,27.3,Universal Analysis Mode,Healthy,Machine is safe. Continue regular monitoring.
GUY,328,1957,49800.0,11.48,1.9,27.03,Universal Analysis Mode,Healthy,Machine is safe. Continue regular monitoring.
GUY,328,1958,49800.0,12.25,2.08,27.48,Universal Analysis Mode,Healthy,Machine is safe. Continue regular monitoring.
GUY,328,1959,49800.0,12.14,2.08,27.5,Universal Analysis Mode,Healthy,Machine is safe. Continue regular monitoring.
GUY,328,1960,49800.0,10.91,1.9,27.44,Universal Analysis Mode,Healthy,Machine is safe. Continue regular monitoring.
GUY,328,1961,49800.0,10.24,1.8,27.38,Universal Analysis Mode,Healthy,Machine is safe. Continue regular monitoring.
GUY,328,1962,49800.0,10.12,1.8,28.25,Universal Analysis Mode,Healthy,Machine is safe. Continue regular monitoring.
GUY,328,1963,49800.0,9.99,1.8,28.08,Universal Analysis Mode,Healthy,Machine is safe. Continue regular monitoring.
GUY,328,1964,49800.0,9.86,1.8,27.17,Universal Analysis Mode,Healthy,Machine is safe. Continue regular monitoring.
GUY,328,1965,0.0,9.71,1.8,23.42,Universal Analysis Mode,Healthy,Machine is safe. Continue regular monitoring.
GUY,328,1966,0.0,9.41,1.8,23.59,Universal Analysis Mode,Healthy,Machine is safe. Continue regular monitoring.
GUY,328,1967,0.0,9.16,1.8,23.47,Universal Analysis Mode,Healthy,Machine is safe. Continue regular monitoring.
GUY,328,1968,0.0,8.8,1.8,23.22,Universal Analysis Mode,Healthy,Machine is safe. Continue regular monitoring.
GUY,328,1969,0.0,8.35,1.8,23.34,Universal Analysis Mode,Healthy,Machine is safe. Continue regular monitoring.
GUY,328,1970,0.0,7.88,1.8,23.08,Universal Analysis Mode,Healthy,Machine is safe. Continue regular monitoring.
GUY,328,1971,0.0,9.41,2.24,23.41,Universal Analysis Mode,Healthy,Machine is safe. Continue regular monitoring.
GUY,328,1972,0.0,10.09,2.48,23.43,Universal Analysis Mode,Healthy,Machine is safe. Continue regular monitoring.
GUY,328,1973,0.0,12.59,3.29,23.66,Universal Analysis Mode,Healthy,Machine is safe. Continue regular monitoring.
GUY,328,1974,0.0,39.93,11.58,25.54,Universal Analysis Mode,Healthy,Machine is safe. Continue regular monitoring.
GUY,328,1975,0.0,36.44,11.53,25.79,Universal Analysis Mode,Healthy,Machine is safe. Continue regular monitoring.
GUY,328,1976,0.0,38.23,12.8,27.37,Universal Analysis Mode,Healthy,Machine is safe. Continue regular monitoring.
GUY,328,1977,0.0,39.04,13.92,28.56,Universal Analysis Mode,Healthy,Machine is safe. Continue regular monitoring.
GUY,328,1978,0.0,36.54,14.02,28.22,Universal Analysis Mode,Healthy,Machine is safe. Continue regular monitoring.
GUY,328,1979,0.0,74.02,31.61,30.6,Universal Analysis Mode,Warning,Maintenance inspection recommended soon.
GUY,328,1980,0.0,75.97,36.83,31.82,Universal Analysis Mode,Warning,Maintenance inspection recommended soon.
GUY,328,1981,0.0,67.14,35.93,32.31,Universal Analysis Mode,Warning,Maintenance inspection recommended soon.
GUY,328,1982,0.0,58.02,32.97,32.39,Universal Analysis Mode,Warning,Maintenance inspection recommended soon.
GUY,328,1983,0.0,50.39,29.55,31.99,Universal Analysis Mode,Warning,Maintenance inspection recommended soon.
GUY,328,1984,0.0,45.82,28.78,31.61,Universal Analysis Mode,Warning,Maintenance inspection recommended soon.
GUY,328,1985,0.0,43.43,27.56,31.33,Universal Analysis Mode,Warning,Maintenance inspection recommended soon.
GUY,328,1986,0.0,22.22,14.43,28.92,Universal Analysis Mode,Healthy,Machine is safe. Continue regular monitoring.
GUY,328,1987,0.0,27.46,18.44,27.98,Universal Analysis Mode,Healthy,Machine is safe. Continue regular monitoring.
GUY,328,1988,0.0,21.42,14.92,26.4,Universal Analysis Mode,Healthy,Machine is safe. Continue regular monitoring.
GUY,328,1989,0.0,24.87,18.23,26.85,Universal Analysis Mode,Healthy,Machine is safe. Continue regular monitoring.
GUY,328,1990,0.0,30.88,23.73,28.82,Universal Analysis Mode,Healthy,Machine is safe. Continue regular monitoring.
GUY,328,1991,0.0,24.95,20.0,28.69,Universal Analysis Mode,Healthy,Machine is safe. Continue regular monitoring.
GUY,328,1992,0.0,23.39,19.32,27.15,Universal Analysis Mode,Healthy,Machine is safe. Continue regular monitoring.
GUY,328,1993,0.0,20.01,16.97,26.74,Universal Analysis Mode,Healthy,Machine is safe. Continue regular monitoring.
GUY,328,1994,0.0,18.26,15.82,26.17,Universal Analysis Mode,Healthy,Machine is safe. Continue regular monitoring.
GUY,328,1995,0.0,19.1,17.02,26.09,Universal Analysis Mode,Healthy,Machine is safe. Continue regular monitoring.
GUY,328,1996,0.0,22.48,20.67,26.86,Universal Analysis Mode,Healthy,Machine is safe. Continue regular monitoring.
GUY,328,1997,0.0,20.38,19.09,26.67,Universal Analysis Mode,Healthy,Machine is safe. Continue regular monitoring.
GUY,328,1998,0.0,13.62,12.72,25.64,Universal Analysis Mode,Healthy,Machine is safe. Continue regular monitoring.
GUY,328,1999,0.0,18.56,17.97,26.38,Universal Analysis Mode,Healthy,Machine is safe. Continue regular monitoring.
GUY,328,2000,0.0,28.5,28.5,29.54,Universal Analysis Mode,Healthy,Machine is safe. Continue regular monitoring.
GUY,328,2001,0.0,23.7,24.44,29.47,Universal Analysis Mode,Healthy,Machine is safe. Continue regular monitoring.
GUY,328,2002,0.0,23.72,25.02,29.05,Universal Analysis Mode,Healthy,Machine is safe. Continue regular monitoring.
GUY,328,2003,0.0,26.54,28.83,31.16,Universal Analysis Mode,Warning,Maintenance inspection recommended soon.
GUY,328,2004,0.0,34.3,38.26,31.65,Universal Analysis Mode,Warning,Maintenance inspection recommended soon.
GUY,328,2005,0.0,47.26,54.52,32.9,Universal Analysis Mode,Warning,Maintenance inspection recommended soon.
GUY,328,2006,0.0,55.37,65.14,32.31,Universal Analysis Mode,Warning,Maintenance inspection recommended soon.
GUY,328,2007,0.0,60.12,72.39,32.26,Universal Analysis Mode,Warning,Maintenance inspection recommended soon.
GUY,328,2008,0.0,77.79,97.26,32.92,Universal Analysis Mode,Warning,Maintenance inspection recommended soon.
GUY,328,2009,0.0,49.5,61.67,29.8,Universal Analysis Mode,Healthy,Machine is safe. Continue regular monitoring.
GUY,328,2010,0.0,62.78,79.5,30.99,Universal Analysis Mode,Warning,Maintenance inspection recommended soon.
GUY,328,2011,0.0,85.17,111.26,30.45,Universal Analysis Mode,Warning,Maintenance inspection recommended soon.
GUY,328,2012,0.0,83.75,111.67,29.32,Universal Analysis Mode,Healthy,Machine is safe. Continue regular monitoring.
GUY,328,2013,0.0,80.32,108.66,29.55,Universal Analysis Mode,Healthy,Machine is safe. Continue regular monitoring.
GUY,328,2014,0.0,71.97,98.95,30.59,Universal Analysis Mode,Warning,Maintenance inspection recommended soon.
HTI,332,1932,49800.0,10.86,0.87,29.12,Universal Analysis Mode,Healthy,Machine is safe. Continue regular monitoring.
HTI,332,1933,49800.0,8.82,0.67,29.11,Universal Analysis Mode,Healthy,Machine is safe. Continue regular monitoring.
HTI,332,1934,49800.0,12.72,1.0,29.59,Universal Analysis Mode,Healthy,Machine is safe. Continue regular monitoring.
HTI,332,1935,49800.0,12.04,0.97,29.24,Universal Analysis Mode,Healthy,Machine is safe. Continue regular monitoring.
HTI,332,1936,49800.0,13.38,1.09,29.55,Universal Analysis Mode,Healthy,Machine is safe. Continue regular monitoring.
HTI,332,1937,49800.0,13.98,1.18,29.32,Universal Analysis Mode,Healthy,Machine is safe. Continue regular monitoring.
HTI,332,1938,49800.0,13.66,1.13,29.35,Universal Analysis Mode,Healthy,Machine is safe. Continue regular monitoring.
HTI,332,1939,49800.0,12.5,1.02,29.28,Universal Analysis Mode,Healthy,Machine is safe. Continue regular monitoring.
HTI,332,1940,49800.0,12.38,1.02,29.21,Universal Analysis Mode,Healthy,Machine is safe. Continue regular monitoring.
HTI,332,1941,49800.0,13.18,1.14,29.24,Universal Analysis Mode,Healthy,Machine is safe. Continue regular monitoring.
HTI,332,1942,49800.0,12.42,1.19,29.06,Universal Analysis Mode,Healthy,Machine is safe. Continue regular monitoring.
HTI,332,1943,49800.0,11.81,1.2,28.82,Universal Analysis Mode,Healthy,Machine is safe. Continue regular monitoring.
HTI,332,1944,49800.0,11.71,1.21,28.78,Universal Analysis Mode,Healthy,Machine is safe. Continue regular monitoring.
HTI,332,1945,49800.0,9.93,1.05,28.44,Universal Analysis Mode,Healthy,Machine is safe. Continue regular monitoring.
HTI,332,1946,49800.0,9.77,1.12,28.34,Universal Analysis Mode,Healthy,Machine is safe. Continue regular monitoring.
HTI,332,1947,49800.0,14.48,1.9,29.3,Universal Analysis Mode,Healthy,Machine is safe. Continue regular monitoring.
HTI,332,1948,49800.0,14.07,1.99,29.32,Universal Analysis Mode,Healthy,Machine is safe. Continue regular monitoring.
HTI,332,1949,49800.0,12.71,1.78,28.88,Universal Analysis Mode,Healthy,Machine is safe. Continue regular monitoring.
HTI,332,1950,49800.0,12.08,1.71,28.71,Universal Analysis Mode,Healthy,Machine is safe. Continue regular monitoring.
HTI,332,1951,49800.0,11.2,1.71,28.52,Universal Analysis Mode,Healthy,Machine is safe. Continue regular monitoring.
HTI,332,1952,49800.0,10.96,1.71,28.5,Universal Analysis Mode,Healthy,Machine is safe. Continue regular monitoring.
HTI,332,1953,49800.0,12.27,1.93,29.01,Universal Analysis Mode,Healthy,Machine is safe. Continue regular monitoring.
HTI,332,1954,49800.0,12.21,1.93,28.91,Universal Analysis Mode,Healthy,Machine is safe. Continue regular monitoring.
HTI,332,1955,49800.0,12.27,1.93,28.57,Universal Analysis Mode,Healthy,Machine is safe. Continue regular monitoring.
HTI,332,1956,49800.0,12.07,1.93,28.55,Universal Analysis Mode,Healthy,Machine is safe. Continue regular monitoring.
HTI,332,1957,49800.0,11.48,1.9,28.28,Universal Analysis Mode,Healthy,Machine is safe. Continue regular monitoring.
HTI,332,1958,49800.0,12.25,2.08,28.73,Universal Analysis Mode,Healthy,Machine is safe. Continue regular monitoring.
HTI,332,1959,49800.0,12.14,2.08,28.76,Universal Analysis Mode,Healthy,Machine is safe. Continue regular monitoring.
HTI,332,1960,0.0,10.91,1.9,24.35,Universal Analysis Mode,Healthy,Machine is safe. Continue regular monitoring.
HTI,332,1961,0.0,10.24,1.8,24.29,Universal Analysis Mode,Healthy,Machine is safe. Continue regular monitoring.
HTI,332,1962,0.0,10.12,1.8,25.16,Universal Analysis Mode,Healthy,Machine is safe. Continue regular monitoring.
HTI,332,1963,0.0,9.99,1.8,24.99,Universal Analysis Mode,Healthy,Machine is safe. Continue regular monitoring.
HTI,332,1964,0.0,9.86,1.8,24.08,Universal Analysis Mode,Healthy,Machine is safe. Continue regular monitoring.
HTI,332,1965,0.0,9.71,1.8,24.69,Universal Analysis Mode,Healthy,Machine is safe. Continue regular monitoring.
HTI,332,1966,0.0,9.41,1.8,24.04,Universal Analysis Mode,Healthy,Machine is safe. Continue regular monitoring.
HTI,332,1967,0.0,9.16,1.8,23.93,Universal Analysis Mode,Healthy,Machine is safe. Continue regular monitoring.
HTI,332,1968,0.0,8.8,1.8,23.69,Universal Analysis Mode,Healthy,Machine is safe. Continue regular monitoring.
HTI,332,1969,0.0,8.35,1.8,23.82,Universal Analysis Mode,Healthy,Machine is safe. Continue regular monitoring.
HTI,332,1970,0.0,7.88,1.8,23.57,Universal Analysis Mode,Healthy,Machine is safe. Continue regular monitoring.
HTI,332,1971,0.0,9.41,2.24,23.9,Universal Analysis Mode,Healthy,Machine is safe. Continue regular monitoring.
HTI,332,1972,0.0,10.09,2.48,23.92,Universal Analysis Mode,Healthy,Machine is safe. Continue regular monitoring.
HTI,332,1973,0.0,12.59,3.29,24.15,Universal Analysis Mode,Healthy,Machine is safe. Continue regular monitoring.
HTI,332,1974,0.0,39.93,11.58,26.02,Universal Analysis Mode,Healthy,Machine is safe. Continue regular monitoring.
HTI,332,1975,0.0,36.44,11.53,26.28,Universal Analysis Mode,Healthy,Machine is safe. Continue regular monitoring.
HTI,332,1976,0.0,38.23,12.8,27.87,Universal Analysis Mode,Healthy,Machine is safe. Continue regular monitoring.
HTI,332,1977,0.0,39.04,13.92,29.07,Universal Analysis Mode,Healthy,Machine is safe. Continue regular monitoring.
HTI,332,1978,0.0,36.54,14.02,28.73,Universal Analysis Mode,Healthy,Machine is safe. Continue regular monitoring.
HTI,332,1979,0.0,74.02,31.61,31.11,Universal Analysis Mode,Warning,Maintenance inspection recommended soon.
HTI,332,1980,0.0,75.97,36.83,32.34,Universal Analysis Mode,Warning,Maintenance inspection recommended soon.
HTI,332,1981,0.0,67.14,35.93,32.83,Universal Analysis Mode,Warning,Maintenance inspection recommended soon.
HTI,332,1982,0.0,58.02,32.97,32.91,Universal Analysis Mode,Warning,Maintenance inspection recommended soon.
HTI,332,1983,0.0,50.39,29.55,32.52,Universal Analysis Mode,Warning,Maintenance inspection recommended soon.
HTI,332,1984,0.0,45.82,28.78,32.14,Universal Analysis Mode,Warning,Maintenance inspection recommended soon.
HTI,332,1985,0.0,43.43,27.56,31.87,Universal Analysis Mode,Warning,Maintenance inspection recommended soon.
HTI,332,1986,0.0,22.22,14.43,29.46,Universal Analysis Mode,Healthy,Machine is safe. Continue regular monitoring.
HTI,332,1987,0.0,27.46,18.44,28.53,Universal Analysis Mode,Healthy,Machine is safe. Continue regular monitoring.
HTI,332,1988,0.0,21.42,14.92,26.94,Universal Analysis Mode,Healthy,Machine is safe. Continue regular monitoring.
HTI,332,1989,0.0,24.87,18.23,27.4,Universal Analysis Mode,Healthy,Machine is safe. Continue regular monitoring.
HTI,332,1990,0.0,30.88,23.73,29.77,Universal Analysis Mode,Healthy,Machine is safe. Continue regular monitoring.
HTI,332,1991,0.0,24.95,20.0,29.65,Universal Analysis Mode,Healthy,Machine is safe. Continue regular monitoring.
HTI,332,1992,0.0,23.39,19.32,28.4,Universal Analysis Mode,Healthy,Machine is safe. Continue regular monitoring.
HTI,332,1993,0.0,20.01,16.97,28.01,Universal Analysis Mode,Healthy,Machine is safe. Continue regular monitoring.
HTI,332,1994,0.0,18.26,15.82,27.47,Universal Analysis Mode,Healthy,Machine is safe. Continue regular monitoring.
HTI,332,1995,0.0,19.1,17.02,27.42,Universal Analysis Mode,Healthy,Machine is safe. Continue regular monitoring.
HTI,332,1996,0.0,22.48,20.67,28.2,Universal Analysis Mode,Healthy,Machine is safe. Continue regular monitoring.
HTI,332,1997,0.0,20.38,19.09,28.04,Universal Analysis Mode,Healthy,Machine is safe. Continue regular monitoring.
HTI,332,1998,0.0,13.62,12.72,27.03,Universal Analysis Mode,Healthy,Machine is safe. Continue regular monitoring.
HTI,332,1999,0.0,18.56,17.97,27.79,Universal Analysis Mode,Healthy,Machine is safe. Continue regular monitoring.
HTI,332,2000,0.0,28.5,28.5,30.98,Universal Analysis Mode,Warning,Maintenance inspection recommended soon.
HTI,332,2001,0.0,23.7,24.44,30.93,Universal Analysis Mode,Warning,Maintenance inspection recommended soon.
HTI,332,2002,0.0,23.72,25.02,30.53,Universal Analysis Mode,Warning,Maintenance inspection recommended soon.
HTI,332,2003,0.0,26.54,28.83,32.65,Universal Analysis Mode,Warning,Maintenance inspection recommended soon.
HTI,332,2004,0.0,34.3,38.26,33.17,Universal Analysis Mode,Warning,Maintenance inspection recommended soon.
HTI,332,2005,0.0,47.26,54.52,34.45,Universal Analysis Mode,Warning,Maintenance inspection recommended soon.
HTI,332,2006,0.0,55.37,65.14,33.89,Universal Analysis Mode,Warning,Maintenance inspection recommended soon.
HTI,332,2007,0.0,60.12,72.39,33.86,Universal Analysis Mode,Warning,Maintenance inspection recommended soon.
HTI,332,2008,0.0,77.79,97.26,34.54,Universal Analysis Mode,Warning,Maintenance inspection recommended soon.
HTI,332,2009,0.0,49.5,61.67,31.51,Universal Analysis Mode,Warning,Maintenance inspection recommended soon.
HTI,332,2010,0.0,62.78,79.5,31.85,Universal Analysis Mode,Warning,Maintenance inspection recommended soon.
HTI,332,2011,0.0,85.17,111.26,31.32,Universal Analysis Mode,Warning,Maintenance inspection recommended soon.
HTI,332,2012,0.0,83.75,111.67,30.19,Universal Analysis Mode,Warning,Maintenance inspection recommended soon.
HTI,332,2013,0.0,80.32,108.66,30.44,Universal Analysis Mode,Warning,Maintenance inspection recommended soon.
HTI,332,2014,0.0,71.97,98.95,31.49,Universal Analysis Mode,Warning,Maintenance inspection recommended soon.
HND,340,1932,49800.0,10.86,0.87,28.93,Universal Analysis Mode,Healthy,Machine is safe. Continue regular monitoring.
HND,340,1933,49800.0,8.82,0.67,28.91,Universal Analysis Mode,Healthy,Machine is safe. Continue regular monitoring.
HND,340,1934,49800.0,12.72,1.0,29.39,Universal Analysis Mode,Healthy,Machine is safe. Continue regular monitoring.
HND,340,1935,49800.0,12.04,0.97,29.04,Universal Analysis Mode,Healthy,Machine is safe. Continue regular monitoring.
HND,340,1936,49800.0,13.38,1.09,29.35,Universal Analysis Mode,Healthy,Machine is safe. Continue regular monitoring.
HND,340,1937,49800.0,13.98,1.18,29.12,Universal Analysis Mode,Healthy,Machine is safe. Continue regular monitoring.
HND,340,1938,49800.0,13.66,1.13,29.15,Universal Analysis Mode,Healthy,Machine is safe. Continue regular monitoring.
HND,340,1939,49800.0,12.5,1.02,29.08,Universal Analysis Mode,Healthy,Machine is safe. Continue regular monitoring.
HND,340,1940,49800.0,12.38,1.02,29.01,Universal Analysis Mode,Healthy,Machine is safe. Continue regular monitoring.
HND,340,1941,49800.0,13.18,1.14,29.04,Universal Analysis Mode,Healthy,Machine is safe. Continue regular monitoring.
HND,340,1942,49800.0,12.42,1.19,28.86,Universal Analysis Mode,Healthy,Machine is safe. Continue regular monitoring.
HND,340,1943,49800.0,11.81,1.2,28.61,Universal Analysis Mode,Healthy,Machine is safe. Continue regular monitoring.
HND,340,1944,49800.0,11.71,1.21,28.57,Universal Analysis Mode,Healthy,Machine is safe. Continue regular monitoring.
HND,340,1945,49800.0,9.93,1.05,28.23,Universal Analysis Mode,Healthy,Machine is safe. Continue regular monitoring.
HND,340,1946,49800.0,9.77,1.12,28.13,Universal Analysis Mode,Healthy,Machine is safe. Continue regular monitoring.
HND,340,1947,49800.0,14.48,1.9,29.09,Universal Analysis Mode,Healthy,Machine is safe. Continue regular monitoring.
HND,340,1948,49800.0,14.07,1.99,29.11,Universal Analysis Mode,Healthy,Machine is safe. Continue regular monitoring.
HND,340,1949,49800.0,12.71,1.78,28.67,Universal Analysis Mode,Healthy,Machine is safe. Continue regular monitoring.
HND,340,1950,49800.0,12.08,1.71,28.5,Universal Analysis Mode,Healthy,Machine is safe. Continue regular monitoring.
HND,340,1951,49800.0,11.2,1.71,28.31,Universal Analysis Mode,Healthy,Machine is safe. Continue regular monitoring.
HND,340,1952,49800.0,10.96,1.71,28.3,Universal Analysis Mode,Healthy,Machine is safe. Continue regular monitoring.
HND,340,1953,49800.0,12.27,1.93,28.81,Universal Analysis Mode,Healthy,Machine is safe. Continue regular monitoring.
HND,340,1954,49800.0,12.21,1.93,28.71,Universal Analysis Mode,Healthy,Machine is safe. Continue regular monitoring.
HND,340,1955,49800.0,12.27,1.93,28.36,Universal Analysis Mode,Healthy,Machine is safe. Continue regular monitoring.
HND,340,1956,49800.0,12.07,1.93,28.35,Universal Analysis Mode,Healthy,Machine is safe. Continue regular monitoring.
HND,340,1957,49800.0,11.48,1.9,28.08,Universal Analysis Mode,Healthy,Machine is safe. Continue regular monitoring.
HND,340,1958,49800.0,12.25,2.08,28.53,Universal Analysis Mode,Healthy,Machine is safe. Continue regular monitoring.
HND,340,1959,49800.0,12.14,2.08,28.56,Universal Analysis Mode,Healthy,Machine is safe. Continue regular monitoring.
HND,340,1960,0.0,10.91,1.9,24.14,Universal Analysis Mode,Healthy,Machine is safe. Continue regular monitoring.
HND,340,1961,0.0,10.24,1.8,24.1,Universal Analysis Mode,Healthy,Machine is safe. Continue regular monitoring.
HND,340,1962,0.0,10.12,1.8,24.97,Universal Analysis Mode,Healthy,Machine is safe. Continue regular monitoring.
HND,340,1963,0.0,9.99,1.8,24.8,Universal Analysis Mode,Healthy,Machine is safe. Continue regular monitoring.
HND,340,1964,0.0,9.86,1.8,23.88,Universal Analysis Mode,Healthy,Machine is safe. Continue regular monitoring.
HND,340,1965,0.0,9.71,1.8,24.49,Universal Analysis Mode,Healthy,Machine is safe. Continue regular monitoring.
HND,340,1966,0.0,9.41,1.8,23.85,Universal Analysis Mode,Healthy,Machine is safe. Continue regular monitoring.
HND,340,1967,0.0,9.16,1.8,23.74,Universal Analysis Mode,Healthy,Machine is safe. Continue regular monitoring.
HND,340,1968,0.0,8.8,1.8,23.5,Universal Analysis Mode,Healthy,Machine is safe. Continue regular monitoring.
HND,340,1969,0.0,8.35,1.8,23.62,Universal Analysis Mode,Healthy,Machine is safe. Continue regular monitoring.
HND,340,1970,0.0,7.88,1.8,23.37,Universal Analysis Mode,Healthy,Machine is safe. Continue regular monitoring.
HND,340,1971,0.0,9.41,2.24,23.72,Universal Analysis Mode,Healthy,Machine is safe. Continue regular monitoring.
HND,340,1972,0.0,10.09,2.48,23.74,Universal Analysis Mode,Healthy,Machine is safe. Continue regular monitoring.
HND,340,1973,0.0,12.59,3.29,23.98,Universal Analysis Mode,Healthy,Machine is safe. Continue regular monitoring.
HND,340,1974,0.0,39.93,11.58,25.81,Universal Analysis Mode,Healthy,Machine is safe. Continue regular monitoring.
HND,340,1975,0.0,36.44,11.53,26.08,Universal Analysis Mode,Healthy,Machine is safe. Continue regular monitoring.
HND,340,1976,0.0,38.23,12.8,27.67,Universal Analysis Mode,Healthy,Machine is safe. Continue regular monitoring.
HND,340,1977,0.0,39.04,13.92,28.89,Universal Analysis Mode,Healthy,Machine is safe. Continue regular monitoring.
HND,340,1978,0.0,36.54,14.02,28.56,Universal Analysis Mode,Healthy,Machine is safe. Continue regular monitoring.
HND,340,1979,0.0,74.02,31.61,30.95,Universal Analysis Mode,Warning,Maintenance inspection recommended soon.
HND,340,1980,0.0,75.97,36.83,32.18,Universal Analysis Mode,Warning,Maintenance inspection recommended soon.
HND,340,1981,0.0,67.14,35.93,32.68,Universal Analysis Mode,Warning,Maintenance inspection recommended soon.
HND,340,1982,0.0,58.02,32.97,32.78,Universal Analysis Mode,Warning,Maintenance inspection recommended soon.
HND,340,1983,0.0,50.39,29.55,32.39,Universal Analysis Mode,Warning,Maintenance inspection recommended soon.
HND,340,1984,0.0,45.82,28.78,32.02,Universal Analysis Mode,Warning,Maintenance inspection recommended soon.
HND,340,1985,0.0,43.43,27.56,31.76,Universal Analysis Mode,Warning,Maintenance inspection recommended soon.
HND,340,1986,0.0,22.22,14.43,26.71,Universal Analysis Mode,Healthy,Machine is safe. Continue regular monitoring.
HND,340,1987,0.0,27.46,18.44,25.77,Universal Analysis Mode,Healthy,Machine is safe. Continue regular monitoring.
HND,340,1988,0.0,21.42,14.92,24.2,Universal Analysis Mode,Healthy,Machine is safe. Continue regular monitoring.
HND,340,1989,0.0,24.87,18.23,24.65,Universal Analysis Mode,Healthy,Machine is safe. Continue regular monitoring.
HND,340,1990,0.0,30.88,23.73,25.92,Universal Analysis Mode,Healthy,Machine is safe. Continue regular monitoring.
HND,340,1991,0.0,24.95,20.0,25.82,Universal Analysis Mode,Healthy,Machine is safe. Continue regular monitoring.
HND,340,1992,0.0,23.39,19.32,24.3,Universal Analysis Mode,Healthy,Machine is safe. Continue regular monitoring.
HND,340,1993,0.0,20.01,16.97,27.27,Universal Analysis Mode,Healthy,Machine is safe. Continue regular monitoring.
HND,340,1994,0.0,18.26,15.82,26.71,Universal Analysis Mode,Healthy,Machine is safe. Continue regular monitoring.
HND,340,1995,0.0,19.1,17.02,26.64,Universal Analysis Mode,Healthy,Machine is safe. Continue regular monitoring.
HND,340,1996,0.0,22.48,20.67,27.41,Universal Analysis Mode,Healthy,Machine is safe. Continue regular monitoring.
HND,340,1997,0.0,20.38,19.09,27.22,Universal Analysis Mode,Healthy,Machine is safe. Continue regular monitoring.
HND,340,1998,0.0,13.62,12.72,26.19,Universal Analysis Mode,Healthy,Machine is safe. Continue regular monitoring.
HND,340,1999,0.0,18.56,17.97,27.32,Universal Analysis Mode,Healthy,Machine is safe. Continue regular monitoring.
HND,340,2000,0.0,28.5,28.5,30.5,Universal Analysis Mode,Warning,Maintenance inspection recommended soon.
HND,340,2001,0.0,23.7,24.44,30.72,Universal Analysis Mode,Warning,Maintenance inspection recommended soon.
HND,340,2002,0.0,23.72,25.02,30.33,Universal Analysis Mode,Warning,Maintenance inspection recommended soon.
HND,340,2003,0.0,26.54,28.83,32.46,Universal Analysis Mode,Warning,Maintenance inspection recommended soon.
HND,340,2004,0.0,34.3,38.26,32.98,Universal Analysis Mode,Warning,Maintenance inspection recommended soon.
HND,340,2005,0.0,47.26,54.52,34.25,Universal Analysis Mode,Warning,Maintenance inspection recommended soon.
HND,340,2006,0.0,55.37,65.14,33.69,Universal Analysis Mode,Warning,Maintenance inspection recommended soon.
HND,340,2007,0.0,60.12,72.39,33.67,Universal Analysis Mode,Warning,Maintenance inspection recommended soon.
HND,340,2008,0.0,77.79,97.26,31.11,Universal Analysis Mode,Warning,Maintenance inspection recommended soon.
HND,340,2009,0.0,49.5,61.67,31.23,Universal Analysis Mode,Warning,Maintenance inspection recommended soon.
HND,340,2010,0.0,62.78,79.5,31.67,Universal Analysis Mode,Warning,Maintenance inspection recommended soon.
HND,340,2011,0.0,85.17,111.26,31.14,Universal Analysis Mode,Warning,Maintenance inspection recommended soon.
HND,340,2012,0.0,83.75,111.67,30.02,Universal Analysis Mode,Warning,Maintenance inspection recommended soon.
HND,340,2013,0.0,80.32,108.66,30.27,Universal Analysis Mode,Warning,Maintenance inspection recommended soon.
HND,340,2014,0.0,71.97,98.95,31.32,Universal Analysis Mode,Warning,Maintenance inspection recommended soon.
HUN,348,1932,49800.0,10.86,0.87,30.5,Universal Analysis Mode,Warning,Maintenance inspection recommended soon.
HUN,348,1933,49800.0,8.82,0.67,30.49,Universal Analysis Mode,Warning,Maintenance inspection recommended soon.
HUN,348,1934,49800.0,12.72,1.0,30.98,Universal Analysis Mode,Warning,Maintenance inspection recommended soon.
HUN,348,1935,49800.0,12.04,0.97,30.64,Universal Analysis Mode,Warning,Maintenance inspection recommended soon.
HUN,348,1936,49800.0,13.38,1.09,30.96,Universal Analysis Mode,Warning,Maintenance inspection recommended soon.
HUN,348,1937,2186.0,13.98,1.18,28.75,Universal Analysis Mode,Healthy,Machine is safe. Continue regular monitoring.
HUN,348,1938,39344.0,13.66,1.13,28.59,Universal Analysis Mode,Healthy,Machine is safe. Continue regular monitoring.
HUN,348,1939,150683.0,12.5,1.02,31.74,Universal Analysis Mode,Warning,Maintenance inspection recommended soon.
HUN,348,1940,239754.0,12.38,1.02,33.72,Universal Analysis Mode,Warning,Maintenance inspection recommended soon.
HUN,348,1941,434836.0,13.18,1.14,37.45,Universal Analysis Mode,Warning,Maintenance inspection recommended soon.
HUN,348,1942,688115.0,12.42,1.19,39.98,Universal Analysis Mode,Warning,Maintenance inspection recommended soon.
HUN,348,1943,867077.0,11.81,1.2,40.64,Universal Analysis Mode,Warning,Maintenance inspection recommended soon.
HUN,348,1944,847541.0,11.71,1.21,40.45,Universal Analysis Mode,Warning,Maintenance inspection recommended soon.
HUN,348,1945,685519.0,9.93,1.05,38.17,Universal Analysis Mode,Warning,Maintenance inspection recommended soon.
HUN,348,1946,703005.0,9.77,1.12,38.18,Universal Analysis Mode,Warning,Maintenance inspection recommended soon.
HUN,348,1947,591530.0,14.48,1.9,40.58,Universal Analysis Mode,Warning,Maintenance inspection recommended soon.
HUN,348,1948,498224.0,14.07,1.99,39.48,Universal Analysis Mode,Warning,Maintenance inspection recommended soon.
HUN,348,1949,517896.0,12.71,1.78,38.65,Universal Analysis Mode,Warning,Maintenance inspection recommended soon.
HUN,348,1950,505464.0,12.08,1.71,37.99,Universal Analysis Mode,Warning,Maintenance inspection recommended soon.
HUN,348,1951,478142.0,11.2,1.71,37.23,Universal Analysis Mode,Warning,Maintenance inspection recommended soon.
HUN,348,1952,478142.0,10.96,1.71,37.13,Universal Analysis Mode,Warning,Maintenance inspection recommended soon.
HUN,348,1953,881831.0,12.27,1.93,41.61,Universal Analysis Mode,Warning,Maintenance inspection recommended soon.
HUN,348,1954,1268579.0,12.21,1.93,43.54,Universal Analysis Mode,Warning,Maintenance inspection recommended soon.
HUN,348,1955,1668852.0,12.27,1.93,47.42,Universal Analysis Mode,Warning,Maintenance inspection recommended soon.
HUN,348,1956,1253005.0,12.07,1.93,46.8,Universal Analysis Mode,Warning,Maintenance inspection recommended soon.
HUN,348,1957,703552.0,11.48,1.9,44.39,Universal Analysis Mode,Warning,Maintenance inspection recommended soon.
HUN,348,1958,864071.0,12.25,2.08,45.8,Universal Analysis Mode,Warning,Maintenance inspection recommended soon.
HUN,348,1959,1047131.0,12.14,2.08,46.52,Universal Analysis Mode,Warning,Maintenance inspection recommended soon.
HUN,348,1960,1266393.0,10.91,1.9,46.85,Universal Analysis Mode,Warning,Maintenance inspection recommended soon.
HUN,348,1961,1516667.0,10.24,1.8,47.02,Universal Analysis Mode,Warning,Maintenance inspection recommended soon.
HUN,348,1962,1667760.0,10.12,1.8,48.14,Universal Analysis Mode,Warning,Maintenance inspection recommended soon.
HUN,348,1963,1756000.0,9.99,1.8,48.34,Universal Analysis Mode,Warning,Maintenance inspection recommended soon.
HUN,348,1964,1801000.0,9.86,1.8,47.59,Universal Analysis Mode,Warning,Maintenance inspection recommended soon.
HUN,348,1965,1802000.0,9.71,1.8,48.37,Universal Analysis Mode,Warning,Maintenance inspection recommended soon.
HUN,348,1966,1705000.0,9.41,1.8,47.83,Universal Analysis Mode,Warning,Maintenance inspection recommended soon.
HUN,348,1967,1686000.0,9.16,1.8,47.82,Universal Analysis Mode,Warning,Maintenance inspection recommended soon.
HUN,348,1968,1807000.0,8.8,1.8,47.74,Universal Analysis Mode,Warning,Maintenance inspection recommended soon.
HUN,348,1969,1754000.0,8.35,1.8,47.95,Universal Analysis Mode,Warning,Maintenance inspection recommended soon.
HUN,348,1970,1937000.0,7.88,1.8,47.72,Universal Analysis Mode,Warning,Maintenance inspection recommended soon.
HUN,348,1971,1955000.0,9.41,2.24,48.17,Universal Analysis Mode,Warning,Maintenance inspection recommended soon.
HUN,348,1972,1977000.0,10.09,2.48,48.25,Universal Analysis Mode,Warning,Maintenance inspection recommended soon.
HUN,348,1973,1989000.0,12.59,3.29,48.67,Universal Analysis Mode,Warning,Maintenance inspection recommended soon.
HUN,348,1974,1997000.0,39.93,11.58,51.07,Universal Analysis Mode,Warning,Maintenance inspection recommended soon.
HUN,348,1975,2006000.0,36.44,11.53,51.37,Universal Analysis Mode,Warning,Maintenance inspection recommended soon.
HUN,348,1976,2142000.0,38.23,12.8,53.18,Universal Analysis Mode,Warning,Maintenance inspection recommended soon.
HUN,348,1977,2191000.0,39.04,13.92,54.53,Universal Analysis Mode,Warning,Maintenance inspection recommended soon.
HUN,348,1978,2198000.0,36.54,14.02,54.19,Universal Analysis Mode,Warning,Maintenance inspection recommended soon.
HUN,348,1979,2027000.0,74.02,31.61,56.85,Universal Analysis Mode,Warning,Maintenance inspection recommended soon.
HUN,348,1980,2031000.0,75.97,36.83,58.23,Universal Analysis Mode,Warning,Maintenance inspection recommended soon.
HUN,348,1981,2024000.0,67.14,35.93,58.73,Universal Analysis Mode,Warning,Maintenance inspection recommended soon.
HUN,348,1982,2027000.0,58.02,32.97,58.82,Universal Analysis Mode,Warning,Maintenance inspection recommended soon.
HUN,348,1983,2004000.0,50.39,29.55,58.29,Universal Analysis Mode,Warning,Maintenance inspection recommended soon.
HUN,348,1984,2007000.0,45.82,28.78,55.56,Universal Analysis Mode,Warning,Maintenance inspection recommended soon.
HUN,348,1985,2012000.0,43.43,27.56,54.46,Universal Analysis Mode,Warning,Maintenance inspection recommended soon.
HUN,348,1986,2005000.0,22.22,14.43,51.76,Universal Analysis Mode,Warning,Maintenance inspection recommended soon.
HUN,348,1987,1914000.0,27.46,18.44,50.66,Universal Analysis Mode,Warning,Maintenance inspection recommended soon.
HUN,348,1988,1947000.0,21.42,14.92,48.87,Universal Analysis Mode,Warning,Maintenance inspection recommended soon.
HUN,348,1989,1966000.0,24.87,18.23,49.36,Universal Analysis Mode,Warning,Maintenance inspection recommended soon.
HUN,348,1990,1974000.0,30.88,23.73,48.19,Universal Analysis Mode,Warning,Maintenance inspection recommended soon.
HUN,348,1991,1841000.0,24.95,20.0,48.11,Universal Analysis Mode,Warning,Maintenance inspection recommended soon.
HUN,348,1992,1769000.0,23.39,19.32,46.51,Universal Analysis Mode,Warning,Maintenance inspection recommended soon.
HUN,348,1993,1654000.0,20.01,16.97,45.25,Universal Analysis Mode,Warning,Maintenance inspection recommended soon.
HUN,348,1994,1575000.0,18.26,15.82,44.57,Universal Analysis Mode,Warning,Maintenance inspection recommended soon.
HUN,348,1995,1668000.0,19.1,17.02,44.47,Universal Analysis Mode,Warning,Maintenance inspection recommended soon.
HUN,348,1996,1477000.0,22.48,20.67,45.88,Universal Analysis Mode,Warning,Maintenance inspection recommended soon.
HUN,348,1997,1360000.0,20.38,19.09,45.64,Universal Analysis Mode,Warning,Maintenance inspection recommended soon.
HUN,348,1998,1260000.0,13.62,12.72,45.12,Universal Analysis Mode,Warning,Maintenance inspection recommended soon.
HUN,348,1999,1243000.0,18.56,17.97,45.86,Universal Analysis Mode,Warning,Maintenance inspection recommended soon.
HUN,348,2000,1136000.0,28.5,28.5,49.31,Universal Analysis Mode,Warning,Maintenance inspection recommended soon.
HUN,348,2001,1354014.19,23.7,24.44,49.26,Universal Analysis Mode,Warning,Maintenance inspection recommended soon.
HUN,348,2002,1198883.71,23.72,25.02,47.97,Universal Analysis Mode,Warning,Maintenance inspection recommended soon.
HUN,348,2003,1245000.0,26.54,28.83,50.3,Universal Analysis Mode,Warning,Maintenance inspection recommended soon.
HUN,348,2004,1179280.43,34.3,38.26,50.88,Universal Analysis Mode,Warning,Maintenance inspection recommended soon.
HUN,348,2005,954522.58,47.26,54.52,52.28,Universal Analysis Mode,Warning,Maintenance inspection recommended soon.
HUN,348,2006,887668.07,55.37,65.14,52.25,Universal Analysis Mode,Warning,Maintenance inspection recommended soon.
HUN,348,2007,812899.84,60.12,72.39,52.14,Universal Analysis Mode,Warning,Maintenance inspection recommended soon.
HUN,348,2008,792854.35,77.79,97.26,52.93,Universal Analysis Mode,Warning,Maintenance inspection recommended soon.
HUN,348,2009,792570.49,49.5,61.67,49.37,Universal Analysis Mode,Warning,Maintenance inspection recommended soon.
HUN,348,2010,717529.36,62.78,79.5,49.75,Universal Analysis Mode,Warning,Maintenance inspection recommended soon.
HUN,348,2011,646990.64,85.17,111.26,49.22,Universal Analysis Mode,Warning,Maintenance inspection recommended soon.
HUN,348,2012,643045.99,83.75,111.67,47.91,Universal Analysis Mode,Warning,Maintenance inspection recommended soon.
HUN,348,2013,597600.0,80.32,108.66,48.13,Universal Analysis Mode,Warning,Maintenance inspection recommended soon.
HUN,348,2014,568265.81,71.97,98.95,54.7,Universal Analysis Mode,Warning,Maintenance inspection recommended soon.
ISL,352,1932,49800.0,10.86,0.87,29.78,Universal Analysis Mode,Healthy,Machine is safe. Continue regular monitoring.
ISL,352,1933,49800.0,8.82,0.67,29.76,Universal Analysis Mode,Healthy,Machine is safe. Continue regular monitoring.
ISL,352,1934,49800.0,12.72,1.0,30.23,Universal Analysis Mode,Warning,Maintenance inspection recommended soon.
ISL,352,1935,49800.0,12.04,0.97,29.88,Universal Analysis Mode,Healthy,Machine is safe. Continue regular monitoring.
ISL,352,1936,49800.0,13.38,1.09,30.19,Universal Analysis Mode,Warning,Maintenance inspection recommended soon.
ISL,352,1937,49800.0,13.98,1.18,29.95,Universal Analysis Mode,Healthy,Machine is safe. Continue regular monitoring.
ISL,352,1938,49800.0,13.66,1.13,29.98,Universal Analysis Mode,Healthy,Machine is safe. Continue regular monitoring.
ISL,352,1939,49800.0,12.5,1.02,29.91,Universal Analysis Mode,Healthy,Machine is safe. Continue regular monitoring.
ISL,352,1940,49800.0,12.38,1.02,29.83,Universal Analysis Mode,Healthy,Machine is safe. Continue regular monitoring.
ISL,352,1941,49800.0,13.18,1.14,29.86,Universal Analysis Mode,Healthy,Machine is safe. Continue regular monitoring.
ISL,352,1942,49800.0,12.42,1.19,29.67,Universal Analysis Mode,Healthy,Machine is safe. Continue regular monitoring.
ISL,352,1943,49800.0,11.81,1.2,29.42,Universal Analysis Mode,Healthy,Machine is safe. Continue regular monitoring.
ISL,352,1944,49800.0,11.71,1.21,29.38,Universal Analysis Mode,Healthy,Machine is safe. Continue regular monitoring.
ISL,352,1945,49800.0,9.93,1.05,29.04,Universal Analysis Mode,Healthy,Machine is safe. Continue regular monitoring.
ISL,352,1946,49800.0,9.77,1.12,28.93,Universal Analysis Mode,Healthy,Machine is safe. Continue regular monitoring.
ISL,352,1947,49800.0,14.48,1.9,29.88,Universal Analysis Mode,Healthy,Machine is safe. Continue regular monitoring.
ISL,352,1948,49800.0,14.07,1.99,29.9,Universal Analysis Mode,Healthy,Machine is safe. Continue regular monitoring.
ISL,352,1949,49800.0,12.71,1.78,29.46,Universal Analysis Mode,Healthy,Machine is safe. Continue regular monitoring.
ISL,352,1950,49800.0,12.08,1.71,28.15,Universal Analysis Mode,Healthy,Machine is safe. Continue regular monitoring.
ISL,352,1951,49800.0,11.2,1.71,27.96,Universal Analysis Mode,Healthy,Machine is safe. Continue regular monitoring.
ISL,352,1952,49800.0,10.96,1.71,27.93,Universal Analysis Mode,Healthy,Machine is safe. Continue regular monitoring.
ISL,352,1953,49800.0,12.27,1.93,28.44,Universal Analysis Mode,Healthy,Machine is safe. Continue regular monitoring.
ISL,352,1954,49800.0,12.21,1.93,28.34,Universal Analysis Mode,Healthy,Machine is safe. Continue regular monitoring.
ISL,352,1955,49800.0,12.27,1.93,27.99,Universal Analysis Mode,Healthy,Machine is safe. Continue regular monitoring.
ISL,352,1956,49800.0,12.07,1.93,27.97,Universal Analysis Mode,Healthy,Machine is safe. Continue regular monitoring.
ISL,352,1957,49800.0,11.48,1.9,27.69,Universal Analysis Mode,Healthy,Machine is safe. Continue regular monitoring.
ISL,352,1958,49800.0,12.25,2.08,28.14,Universal Analysis Mode,Healthy,Machine is safe. Continue regular monitoring.
ISL,352,1959,49800.0,12.14,2.08,28.16,Universal Analysis Mode,Healthy,Machine is safe. Continue regular monitoring.
ISL,352,1960,0.0,10.91,1.9,23.74,Universal Analysis Mode,Healthy,Machine is safe. Continue regular monitoring.
ISL,352,1961,0.0,10.24,1.8,23.68,Universal Analysis Mode,Healthy,Machine is safe. Continue regular monitoring.
ISL,352,1962,0.0,10.12,1.8,24.54,Universal Analysis Mode,Healthy,Machine is safe. Continue regular monitoring.
ISL,352,1963,0.0,9.99,1.8,24.36,Universal Analysis Mode,Healthy,Machine is safe. Continue regular monitoring.
ISL,352,1964,0.0,9.86,1.8,23.45,Universal Analysis Mode,Healthy,Machine is safe. Continue regular monitoring.
ISL,352,1965,0.0,9.71,1.8,24.05,Universal Analysis Mode,Healthy,Machine is safe. Continue regular monitoring.
ISL,352,1966,0.0,9.41,1.8,23.4,Universal Analysis Mode,Healthy,Machine is safe. Continue regular monitoring.
ISL,352,1967,0.0,9.16,1.8,23.28,Universal Analysis Mode,Healthy,Machine is safe. Continue regular monitoring.
ISL,352,1968,0.0,8.8,1.8,23.03,Universal Analysis Mode,Healthy,Machine is safe. Continue regular monitoring.
ISL,352,1969,0.0,8.35,1.8,23.14,Universal Analysis Mode,Healthy,Machine is safe. Continue regular monitoring.
ISL,352,1970,0.0,7.88,1.8,22.89,Universal Analysis Mode,Healthy,Machine is safe. Continue regular monitoring.
ISL,352,1971,0.0,9.41,2.24,23.22,Universal Analysis Mode,Healthy,Machine is safe. Continue regular monitoring.
ISL,352,1972,0.0,10.09,2.48,23.23,Universal Analysis Mode,Healthy,Machine is safe. Continue regular monitoring.
ISL,352,1973,0.0,12.59,3.29,23.46,Universal Analysis Mode,Healthy,Machine is safe. Continue regular monitoring.
ISL,352,1974,0.0,39.93,11.58,25.33,Universal Analysis Mode,Healthy,Machine is safe. Continue regular monitoring.
ISL,352,1975,0.0,36.44,11.53,25.59,Universal Analysis Mode,Healthy,Machine is safe. Continue regular monitoring.
ISL,352,1976,0.0,38.23,12.8,27.17,Universal Analysis Mode,Healthy,Machine is safe. Continue regular monitoring.
ISL,352,1977,0.0,39.04,13.92,28.37,Universal Analysis Mode,Healthy,Machine is safe. Continue regular monitoring.
ISL,352,1978,0.0,36.54,14.02,28.03,Universal Analysis Mode,Healthy,Machine is safe. Continue regular monitoring.
ISL,352,1979,0.0,74.02,31.61,30.4,Universal Analysis Mode,Warning,Maintenance inspection recommended soon.
ISL,352,1980,0.0,75.97,36.83,31.63,Universal Analysis Mode,Warning,Maintenance inspection recommended soon.
ISL,352,1981,0.0,67.14,35.93,32.11,Universal Analysis Mode,Warning,Maintenance inspection recommended soon.
ISL,352,1982,0.0,58.02,32.97,32.2,Universal Analysis Mode,Warning,Maintenance inspection recommended soon.
ISL,352,1983,0.0,50.39,29.55,31.8,Universal Analysis Mode,Warning,Maintenance inspection recommended soon.
ISL,352,1984,0.0,45.82,28.78,31.42,Universal Analysis Mode,Warning,Maintenance inspection recommended soon.
ISL,352,1985,0.0,43.43,27.56,31.14,Universal Analysis Mode,Warning,Maintenance inspection recommended soon.
ISL,352,1986,0.0,22.22,14.43,28.74,Universal Analysis Mode,Healthy,Machine is safe. Continue regular monitoring.
ISL,352,1987,0.0,27.46,18.44,27.8,Universal Analysis Mode,Healthy,Machine is safe. Continue regular monitoring.
ISL,352,1988,0.0,21.42,14.92,26.22,Universal Analysis Mode,Healthy,Machine is safe. Continue regular monitoring.
ISL,352,1989,0.0,24.87,18.23,26.68,Universal Analysis Mode,Healthy,Machine is safe. Continue regular monitoring.
ISL,352,1990,0.0,30.88,23.73,28.64,Universal Analysis Mode,Healthy,Machine is safe. Continue regular monitoring.
ISL,352,1991,0.0,24.95,20.0,28.52,Universal Analysis Mode,Healthy,Machine is safe. Continue regular monitoring.
ISL,352,1992,0.0,23.39,19.32,26.98,Universal Analysis Mode,Healthy,Machine is safe. Continue regular monitoring.
ISL,352,1993,0.0,20.01,16.97,26.57,Universal Analysis Mode,Healthy,Machine is safe. Continue regular monitoring.
ISL,352,1994,0.0,18.26,15.82,26.01,Universal Analysis Mode,Healthy,Machine is safe. Continue regular monitoring.
ISL,352,1995,0.0,19.1,17.02,25.93,Universal Analysis Mode,Healthy,Machine is safe. Continue regular monitoring.
ISL,352,1996,0.0,22.48,20.67,26.7,Universal Analysis Mode,Healthy,Machine is safe. Continue regular monitoring.
ISL,352,1997,0.0,20.38,19.09,26.51,Universal Analysis Mode,Healthy,Machine is safe. Continue regular monitoring.
ISL,352,1998,0.0,13.62,12.72,25.48,Universal Analysis Mode,Healthy,Machine is safe. Continue regular monitoring.
ISL,352,1999,0.0,18.56,17.97,26.22,Universal Analysis Mode,Healthy,Machine is safe. Continue regular monitoring.
ISL,352,2000,0.0,28.5,28.5,29.38,Universal Analysis Mode,Healthy,Machine is safe. Continue regular monitoring.
ISL,352,2001,0.0,23.7,24.44,29.31,Universal Analysis Mode,Healthy,Machine is safe. Continue regular monitoring.
ISL,352,2002,0.0,23.72,25.02,28.9,Universal Analysis Mode,Healthy,Machine is safe. Continue regular monitoring.
ISL,352,2003,0.0,26.54,28.83,31.0,Universal Analysis Mode,Warning,Maintenance inspection recommended soon.
ISL,352,2004,0.0,34.3,38.26,31.49,Universal Analysis Mode,Warning,Maintenance inspection recommended soon.
ISL,352,2005,0.0,47.26,54.52,32.74,Universal Analysis Mode,Warning,Maintenance inspection recommended soon.
ISL,352,2006,0.0,55.37,65.14,32.16,Universal Analysis Mode,Warning,Maintenance inspection recommended soon.
ISL,352,2007,0.0,60.12,72.39,32.11,Universal Analysis Mode,Warning,Maintenance inspection recommended soon.
ISL,352,2008,0.0,77.79,97.26,32.77,Universal Analysis Mode,Warning,Maintenance inspection recommended soon.
ISL,352,2009,0.0,49.5,61.67,29.65,Universal Analysis Mode,Healthy,Machine is safe. Continue regular monitoring.
ISL,352,2010,0.0,62.78,79.5,30.92,Universal Analysis Mode,Warning,Maintenance inspection recommended soon.
ISL,352,2011,0.0,85.17,111.26,30.38,Universal Analysis Mode,Warning,Maintenance inspection recommended soon.
ISL,352,2012,0.0,83.75,111.67,29.25,Universal Analysis Mode,Healthy,Machine is safe. Continue regular monitoring.
ISL,352,2013,0.0,80.32,108.66,29.48,Universal Analysis Mode,Healthy,Machine is safe. Continue regular monitoring.
ISL,352,2014,0.0,71.97,98.95,30.52,Universal Analysis Mode,Warning,Maintenance inspection recommended soon.
IND,356,1932,1204508.0,10.86,0.87,39.95,Universal Analysis Mode,Warning,Maintenance inspection recommended soon.
IND,356,1933,1194399.0,8.82,0.67,39.34,Universal Analysis Mode,Warning,Maintenance inspection recommended soon.
IND,356,1934,262568.0,12.72,1.0,35.2,Universal Analysis Mode,Warning,Maintenance inspection recommended soon.
IND,356,1935,278415.0,12.04,0.97,34.89,Universal Analysis Mode,Warning,Maintenance inspection recommended soon.
IND,356,1936,270219.0,13.38,1.09,35.87,Universal Analysis Mode,Warning,Maintenance inspection recommended soon.
IND,356,1937,295355.0,13.98,1.18,36.0,Universal Analysis Mode,Warning,Maintenance inspection recommended soon.
IND,356,1938,339891.0,13.66,1.13,36.44,Universal Analysis Mode,Warning,Maintenance inspection recommended soon.
IND,356,1939,317896.0,12.5,1.02,35.94,Universal Analysis Mode,Warning,Maintenance inspection recommended soon.
IND,356,1940,307377.0,12.38,1.02,35.74,Universal Analysis Mode,Warning,Maintenance inspection recommended soon.
IND,356,1941,396038.0,13.18,1.14,36.79,Universal Analysis Mode,Warning,Maintenance inspection recommended soon.
IND,356,1942,381421.0,12.42,1.19,36.33,Universal Analysis Mode,Warning,Maintenance inspection recommended soon.
IND,356,1943,373634.0,11.81,1.2,35.9,Universal Analysis Mode,Warning,Maintenance inspection recommended soon.
IND,356,1944,380328.0,11.71,1.21,35.9,Universal Analysis Mode,Warning,Maintenance inspection recommended soon.
IND,356,1945,320082.0,9.93,1.05,34.69,Universal Analysis Mode,Warning,Maintenance inspection recommended soon.
IND,356,1946,299590.0,9.77,1.12,34.4,Universal Analysis Mode,Warning,Maintenance inspection recommended soon.
IND,356,1947,254508.0,14.48,1.9,36.45,Universal Analysis Mode,Warning,Maintenance inspection recommended soon.
IND,356,1948,256148.0,14.07,1.99,36.45,Universal Analysis Mode,Warning,Maintenance inspection recommended soon.
IND,356,1949,260383.0,12.71,1.78,35.85,Universal Analysis Mode,Warning,Maintenance inspection recommended soon.
IND,356,1950,255055.0,12.08,1.71,35.54,Universal Analysis Mode,Warning,Maintenance inspection recommended soon.
IND,356,1951,266257.0,11.2,1.71,35.34,Universal Analysis Mode,Warning,Maintenance inspection recommended soon.
IND,356,1952,259563.0,10.96,1.71,35.22,Universal Analysis Mode,Warning,Maintenance inspection recommended soon.
IND,356,1953,302596.0,12.27,1.93,36.34,Universal Analysis Mode,Warning,Maintenance inspection recommended soon.
IND,356,1954,305328.0,12.21,1.93,36.26,Universal Analysis Mode,Warning,Maintenance inspection recommended soon.
IND,356,1955,345082.0,12.27,1.93,36.87,Universal Analysis Mode,Warning,Maintenance inspection recommended soon.
IND,356,1956,392896.0,12.07,1.93,40.18,Universal Analysis Mode,Warning,Maintenance inspection recommended soon.
IND,356,1957,442760.0,11.48,1.9,40.26,Universal Analysis Mode,Warning,Maintenance inspection recommended soon.
IND,356,1958,445082.0,12.25,2.08,40.97,Universal Analysis Mode,Warning,Maintenance inspection recommended soon.
IND,356,1959,461339.0,12.14,2.08,41.13,Universal Analysis Mode,Warning,Maintenance inspection recommended soon.
IND,356,1960,460383.0,10.91,1.9,40.79,Universal Analysis Mode,Warning,Maintenance inspection recommended soon.
IND,356,1961,458470.0,10.24,1.8,37.49,Universal Analysis Mode,Warning,Maintenance inspection recommended soon.
IND,356,1962,1002322.0,10.12,1.8,41.15,Universal Analysis Mode,Warning,Maintenance inspection recommended soon.
IND,356,1963,1670219.0,9.99,1.8,45.45,Universal Analysis Mode,Warning,Maintenance inspection recommended soon.
IND,356,1964,2317623.0,9.86,1.8,44.9,Universal Analysis Mode,Warning,Maintenance inspection recommended soon.
IND,356,1965,3072951.0,9.71,1.8,45.83,Universal Analysis Mode,Warning,Maintenance inspection recommended soon.
IND,356,1966,4675956.0,9.41,1.8,45.46,Universal Analysis Mode,Warning,Maintenance inspection recommended soon.
IND,356,1967,5763661.0,9.16,1.8,45.43,Universal Analysis Mode,Warning,Maintenance inspection recommended soon.
IND,356,1968,5949727.0,8.8,1.8,45.23,Universal Analysis Mode,Warning,Maintenance inspection recommended soon.
IND,356,1969,7066393.0,8.35,1.8,45.43,Universal Analysis Mode,Warning,Maintenance inspection recommended soon.
IND,356,1970,6809000.0,7.88,1.8,45.26,Universal Analysis Mode,Warning,Maintenance inspection recommended soon.
IND,356,1971,7185000.0,9.41,2.24,46.8,Universal Analysis Mode,Warning,Maintenance inspection recommended soon.
IND,356,1972,7373000.0,10.09,2.48,46.88,Universal Analysis Mode,Warning,Maintenance inspection recommended soon.
IND,356,1973,7198000.0,12.59,3.29,47.83,Universal Analysis Mode,Warning,Maintenance inspection recommended soon.
IND,356,1974,7490000.0,39.93,11.58,51.33,Universal Analysis Mode,Warning,Maintenance inspection recommended soon.
IND,356,1975,8283000.0,36.44,11.53,51.74,Universal Analysis Mode,Warning,Maintenance inspection recommended soon.
IND,356,1976,8659000.0,38.23,12.8,53.61,Universal Analysis Mode,Warning,Maintenance inspection recommended soon.
IND,356,1977,10200000.0,39.04,13.92,55.41,Universal Analysis Mode,Warning,Maintenance inspection recommended soon.
IND,356,1978,11300000.0,36.54,14.02,55.15,Universal Analysis Mode,Warning,Maintenance inspection recommended soon.
IND,356,1979,12800000.0,74.02,31.61,59.57,Universal Analysis Mode,Warning,Maintenance inspection recommended soon.
IND,356,1980,9399000.0,75.97,36.83,60.28,Universal Analysis Mode,Warning,Maintenance inspection recommended soon.
IND,356,1981,14900000.0,67.14,35.93,61.49,Universal Analysis Mode,Warning,Maintenance inspection recommended soon.
IND,356,1982,19700000.0,58.02,32.97,61.75,Universal Analysis Mode,Warning,Maintenance inspection recommended soon.
IND,356,1983,25100000.0,50.39,29.55,61.46,Universal Analysis Mode,Warning,Maintenance inspection recommended soon.
IND,356,1984,27900000.0,45.82,28.78,61.14,Universal Analysis Mode,Warning,Maintenance inspection recommended soon.
IND,356,1985,29900000.0,43.43,27.56,60.9,Universal Analysis Mode,Warning,Maintenance inspection recommended soon.
IND,356,1986,31200000.0,22.22,14.43,54.93,Universal Analysis Mode,Warning,Maintenance inspection recommended soon.
IND,356,1987,30900000.0,27.46,18.44,53.98,Universal Analysis Mode,Warning,Maintenance inspection recommended soon.
IND,356,1988,32700000.0,21.42,14.92,51.92,Universal Analysis Mode,Warning,Maintenance inspection recommended soon.
IND,356,1989,35000000.0,24.87,18.23,53.69,Universal Analysis Mode,Warning,Maintenance inspection recommended soon.
IND,356,1990,34800000.0,30.88,23.73,55.33,Universal Analysis Mode,Warning,Maintenance inspection recommended soon.
IND,356,1991,33100000.0,24.95,20.0,54.31,Universal Analysis Mode,Warning,Maintenance inspection recommended soon.
IND,356,1992,30200000.0,23.39,19.32,52.21,Universal Analysis Mode,Warning,Maintenance inspection recommended soon.
IND,356,1993,29000000.0,20.01,16.97,51.39,Universal Analysis Mode,Warning,Maintenance inspection recommended soon.
IND,356,1994,33200000.0,18.26,15.82,50.98,Universal Analysis Mode,Warning,Maintenance inspection recommended soon.
IND,356,1995,37300000.0,19.1,17.02,51.21,Universal Analysis Mode,Warning,Maintenance inspection recommended soon.
IND,356,1996,36500000.0,22.48,20.67,53.24,Universal Analysis Mode,Warning,Maintenance inspection recommended soon.
IND,356,1997,37300000.0,20.38,19.09,52.64,Universal Analysis Mode,Warning,Maintenance inspection recommended soon.
IND,356,1998,37000000.0,13.62,12.72,50.82,Universal Analysis Mode,Warning,Maintenance inspection recommended soon.
IND,356,1999,36500000.0,18.56,17.97,51.97,Universal Analysis Mode,Warning,Maintenance inspection recommended soon.
IND,356,2000,36100000.0,28.5,28.5,55.5,Universal Analysis Mode,Warning,Maintenance inspection recommended soon.
IND,356,2001,32000000.0,23.7,24.44,55.13,Universal Analysis Mode,Warning,Maintenance inspection recommended soon.
IND,356,2002,33100000.0,23.72,25.02,54.79,Universal Analysis Mode,Warning,Maintenance inspection recommended soon.
IND,356,2003,32900000.0,26.54,28.83,57.24,Universal Analysis Mode,Warning,Maintenance inspection recommended soon.
IND,356,2004,34000000.0,34.3,38.26,54.77,Universal Analysis Mode,Warning,Maintenance inspection recommended soon.
IND,356,2005,33100000.0,47.26,54.52,56.13,Universal Analysis Mode,Warning,Maintenance inspection recommended soon.
IND,356,2006,34300000.0,55.37,65.14,55.45,Universal Analysis Mode,Warning,Maintenance inspection recommended soon.
IND,356,2007,34737045.29,60.12,72.39,55.41,Universal Analysis Mode,Warning,Maintenance inspection recommended soon.
IND,356,2008,34546883.99,77.79,97.26,56.2,Universal Analysis Mode,Warning,Maintenance inspection recommended soon.
IND,356,2009,33885555.93,49.5,61.67,52.77,Universal Analysis Mode,Warning,Maintenance inspection recommended soon.
IND,356,2010,37414741.49,62.78,79.5,51.87,Universal Analysis Mode,Warning,Maintenance inspection recommended soon.
IND,356,2011,38960573.33,85.17,111.26,51.38,Universal Analysis Mode,Warning,Maintenance inspection recommended soon.
IND,356,2012,38693126.92,83.75,111.67,50.12,Universal Analysis Mode,Warning,Maintenance inspection recommended soon.
IND,356,2013,38449364.88,80.32,108.66,55.92,Universal Analysis Mode,Warning,Maintenance inspection recommended soon.
IND,356,2014,38225455.12,71.97,98.95,58.57,Universal Analysis Mode,Warning,Maintenance inspection recommended soon.
IDN,360,1932,5328005.0,10.86,0.87,45.7,Universal Analysis Mode,Warning,Maintenance inspection recommended soon.
IDN,360,1933,5828825.0,8.82,0.67,45.2,Universal Analysis Mode,Warning,Maintenance inspection recommended soon.
IDN,360,1934,6356421.0,12.72,1.0,47.26,Universal Analysis Mode,Warning,Maintenance inspection recommended soon.
IDN,360,1935,6444126.0,12.04,0.97,46.74,Universal Analysis Mode,Warning,Maintenance inspection recommended soon.
IDN,360,1936,6834016.0,13.38,1.09,47.47,Universal Analysis Mode,Warning,Maintenance inspection recommended soon.
IDN,360,1937,7749180.0,13.98,1.18,47.43,Universal Analysis Mode,Warning,Maintenance inspection recommended soon.
IDN,360,1938,7830328.0,13.66,1.13,47.43,Universal Analysis Mode,Warning,Maintenance inspection recommended soon.
IDN,360,1939,8481831.0,12.5,1.02,47.34,Universal Analysis Mode,Warning,Maintenance inspection recommended soon.
IDN,360,1940,8471448.0,12.38,1.02,47.25,Universal Analysis Mode,Warning,Maintenance inspection recommended soon.
IDN,360,1941,7336612.0,13.18,1.14,47.19,Universal Analysis Mode,Warning,Maintenance inspection recommended soon.
IDN,360,1942,3278689.0,12.42,1.19,44.46,Universal Analysis Mode,Warning,Maintenance inspection recommended soon.
IDN,360,1943,6597541.0,11.81,1.2,46.08,Universal Analysis Mode,Warning,Maintenance inspection recommended soon.
IDN,360,1944,3040984.0,11.71,1.21,43.9,Universal Analysis Mode,Warning,Maintenance inspection recommended soon.
IDN,360,1945,1038251.0,9.93,1.05,38.54,Universal Analysis Mode,Warning,Maintenance inspection recommended soon.
IDN,360,1946,286885.0,9.77,1.12,34.16,Universal Analysis Mode,Warning,Maintenance inspection recommended soon.
IDN,360,1947,1095628.0,14.48,1.9,42.23,Universal Analysis Mode,Warning,Maintenance inspection recommended soon.
IDN,360,1948,4357923.0,14.07,1.99,46.0,Universal Analysis Mode,Warning,Maintenance inspection recommended soon.
IDN,360,1949,6138251.0,12.71,1.78,47.0,Universal Analysis Mode,Warning,Maintenance inspection recommended soon.
IDN,360,1950,6612022.0,12.08,1.71,46.58,Universal Analysis Mode,Warning,Maintenance inspection recommended soon.
IDN,360,1951,7575546.0,11.2,1.71,46.61,Universal Analysis Mode,Warning,Maintenance inspection recommended soon.
IDN,360,1952,8537568.0,10.96,1.71,46.89,Universal Analysis Mode,Warning,Maintenance inspection recommended soon.
IDN,360,1953,10300000.0,12.27,1.93,48.32,Universal Analysis Mode,Warning,Maintenance inspection recommended soon.
IDN,360,1954,10900000.0,12.21,1.93,48.29,Universal Analysis Mode,Warning,Maintenance inspection recommended soon.
IDN,360,1955,11900000.0,12.27,1.93,51.22,Universal Analysis Mode,Warning,Maintenance inspection recommended soon.
IDN,360,1956,12800000.0,12.07,1.93,51.35,Universal Analysis Mode,Warning,Maintenance inspection recommended soon.
IDN,360,1957,15600000.0,11.48,1.9,51.35,Universal Analysis Mode,Warning,Maintenance inspection recommended soon.
IDN,360,1958,16200000.0,12.25,2.08,51.97,Universal Analysis Mode,Warning,Maintenance inspection recommended soon.
IDN,360,1959,19000000.0,12.14,2.08,52.11,Universal Analysis Mode,Warning,Maintenance inspection recommended soon.
IDN,360,1960,20900000.0,10.91,1.9,52.09,Universal Analysis Mode,Warning,Maintenance inspection recommended soon.
IDN,360,1961,21200000.0,10.24,1.8,52.02,Universal Analysis Mode,Warning,Maintenance inspection recommended soon.
IDN,360,1962,22900000.0,10.12,1.8,52.96,Universal Analysis Mode,Warning,Maintenance inspection recommended soon.
IDN,360,1963,22800000.0,9.99,1.8,52.29,Universal Analysis Mode,Warning,Maintenance inspection recommended soon.
IDN,360,1964,23400000.0,9.86,1.8,51.4,Universal Analysis Mode,Warning,Maintenance inspection recommended soon.
IDN,360,1965,24500000.0,9.71,1.8,52.05,Universal Analysis Mode,Warning,Maintenance inspection recommended soon.
IDN,360,1966,23000000.0,9.41,1.8,51.38,Universal Analysis Mode,Warning,Maintenance inspection recommended soon.
IDN,360,1967,25400000.0,9.16,1.8,51.33,Universal Analysis Mode,Warning,Maintenance inspection recommended soon.
IDN,360,1968,30000000.0,8.8,1.8,51.19,Universal Analysis Mode,Warning,Maintenance inspection recommended soon.
IDN,360,1969,37000000.0,8.35,1.8,51.47,Universal Analysis Mode,Warning,Maintenance inspection recommended soon.
IDN,360,1970,42600000.0,7.88,1.8,51.57,Universal Analysis Mode,Warning,Maintenance inspection recommended soon.
IDN,360,1971,44500000.0,9.41,2.24,52.08,Universal Analysis Mode,Warning,Maintenance inspection recommended soon.
IDN,360,1972,54200000.0,10.09,2.48,52.31,Universal Analysis Mode,Warning,Maintenance inspection recommended soon.
IDN,360,1973,67000000.0,12.59,3.29,52.86,Universal Analysis Mode,Warning,Maintenance inspection recommended soon.
IDN,360,1974,67500000.0,39.93,11.58,55.39,Universal Analysis Mode,Warning,Maintenance inspection recommended soon.
IDN,360,1975,64100000.0,36.44,11.53,55.64,Universal Analysis Mode,Warning,Maintenance inspection recommended soon.
IDN,360,1976,74200000.0,38.23,12.8,57.46,Universal Analysis Mode,Warning,Maintenance inspection recommended soon.
IDN,360,1977,82900000.0,39.04,13.92,58.94,Universal Analysis Mode,Warning,Maintenance inspection recommended soon.
IDN,360,1978,80300000.0,36.54,14.02,58.67,Universal Analysis Mode,Warning,Maintenance inspection recommended soon.
IDN,360,1979,78100000.0,74.02,31.61,61.43,Universal Analysis Mode,Warning,Maintenance inspection recommended soon.
IDN,360,1980,77600000.0,75.97,36.83,62.76,Universal Analysis Mode,Warning,Maintenance inspection recommended soon.
IDN,360,1981,78800000.0,67.14,35.93,63.25,Universal Analysis Mode,Warning,Maintenance inspection recommended soon.
IDN,360,1982,65800000.0,58.02,32.97,63.22,Universal Analysis Mode,Warning,Maintenance inspection recommended soon.
IDN,360,1983,66100000.0,50.39,29.55,62.77,Universal Analysis Mode,Warning,Maintenance inspection recommended soon.
IDN,360,1984,68500000.0,45.82,28.78,62.43,Universal Analysis Mode,Warning,Maintenance inspection recommended soon.
IDN,360,1985,67700000.0,43.43,27.56,62.1,Universal Analysis Mode,Warning,Maintenance inspection recommended soon.
IDN,360,1986,71000000.0,22.22,14.43,63.2,Universal Analysis Mode,Warning,Maintenance inspection recommended soon.
IDN,360,1987,69800000.0,27.46,18.44,62.13,Universal Analysis Mode,Warning,Maintenance inspection recommended soon.
IDN,360,1988,67300000.0,21.42,14.92,60.4,Universal Analysis Mode,Warning,Maintenance inspection recommended soon.
IDN,360,1989,71600000.0,24.87,18.23,60.98,Universal Analysis Mode,Warning,Maintenance inspection recommended soon.
IDN,360,1990,74400000.0,30.88,23.73,67.69,Universal Analysis Mode,Warning,Maintenance inspection recommended soon.
IDN,360,1991,81000000.0,24.95,20.0,67.61,Universal Analysis Mode,Warning,Maintenance inspection recommended soon.
IDN,360,1992,76700000.0,23.39,19.32,65.96,Universal Analysis Mode,Warning,Maintenance inspection recommended soon.
IDN,360,1993,76900000.0,20.01,16.97,65.49,Universal Analysis Mode,Warning,Maintenance inspection recommended soon.
IDN,360,1994,76900000.0,18.26,15.82,64.91,Universal Analysis Mode,Warning,Maintenance inspection recommended soon.
IDN,360,1995,76500000.0,19.1,17.02,64.83,Universal Analysis Mode,Warning,Maintenance inspection recommended soon.
IDN,360,1996,76700000.0,22.48,20.67,65.72,Universal Analysis Mode,Warning,Maintenance inspection recommended soon.
IDN,360,1997,75700000.0,20.38,19.09,65.5,Universal Analysis Mode,Warning,Maintenance inspection recommended soon.
IDN,360,1998,74200000.0,13.62,12.72,64.28,Universal Analysis Mode,Warning,Maintenance inspection recommended soon.
IDN,360,1999,68600000.0,18.56,17.97,65.03,Universal Analysis Mode,Warning,Maintenance inspection recommended soon.
IDN,360,2000,71500000.0,28.5,28.5,68.51,Universal Analysis Mode,Warning,Maintenance inspection recommended soon.
IDN,360,2001,66700000.0,23.7,24.44,68.4,Universal Analysis Mode,Warning,Maintenance inspection recommended soon.
IDN,360,2002,62200000.0,23.72,25.02,67.94,Universal Analysis Mode,Warning,Maintenance inspection recommended soon.
IDN,360,2003,57500000.0,26.54,28.83,70.18,Universal Analysis Mode,Critical,Immediate maintenance required. High failure risk.
IDN,360,2004,54600000.0,34.3,38.26,70.69,Universal Analysis Mode,Critical,Immediate maintenance required. High failure risk.
IDN,360,2005,53100000.0,47.26,54.52,66.54,Universal Analysis Mode,Warning,Maintenance inspection recommended soon.
IDN,360,2006,50800000.0,55.37,65.14,65.86,Universal Analysis Mode,Warning,Maintenance inspection recommended soon.
IDN,360,2007,47987560.37,60.12,72.39,71.33,Universal Analysis Mode,Critical,Immediate maintenance required. High failure risk.
IDN,360,2008,48388863.71,77.79,97.26,72.1,Universal Analysis Mode,Critical,Immediate maintenance required. High failure risk.
IDN,360,2009,47115165.97,49.5,61.67,68.68,Universal Analysis Mode,Warning,Maintenance inspection recommended soon.
IDN,360,2010,47466767.91,62.78,79.5,62.2,Universal Analysis Mode,Warning,Maintenance inspection recommended soon.
IDN,360,2011,45712306.94,85.17,111.26,61.6,Universal Analysis Mode,Warning,Maintenance inspection recommended soon.
IDN,360,2012,43564659.03,83.75,111.67,61.93,Universal Analysis Mode,Warning,Maintenance inspection recommended soon.
IDN,360,2013,41225940.97,80.32,108.66,60.51,Universal Analysis Mode,Warning,Maintenance inspection recommended soon.
IDN,360,2014,39333540.97,71.97,98.95,59.12,Universal Analysis Mode,Warning,Maintenance inspection recommended soon.
IRN,364,1932,6758333.0,10.86,0.87,40.74,Universal Analysis Mode,Warning,Maintenance inspection recommended soon.
IRN,364,1933,7430601.0,8.82,0.67,40.54,Universal Analysis Mode,Warning,Maintenance inspection recommended soon.
IRN,364,1934,7903142.0,12.72,1.0,41.35,Universal Analysis Mode,Warning,Maintenance inspection recommended soon.
IRN,364,1935,7824180.0,12.04,0.97,40.98,Universal Analysis Mode,Warning,Maintenance inspection recommended soon.
IRN,364,1936,8568033.0,13.38,1.09,41.38,Universal Analysis Mode,Warning,Maintenance inspection recommended soon.
IRN,364,1937,10600000.0,13.98,1.18,41.27,Universal Analysis Mode,Warning,Maintenance inspection recommended soon.
IRN,364,1938,10700000.0,13.66,1.13,41.29,Universal Analysis Mode,Warning,Maintenance inspection recommended soon.
IRN,364,1939,10700000.0,12.5,1.02,41.18,Universal Analysis Mode,Warning,Maintenance inspection recommended soon.
IRN,364,1940,9046585.0,12.38,1.02,41.02,Universal Analysis Mode,Warning,Maintenance inspection recommended soon.
IRN,364,1941,6936749.0,13.18,1.14,40.94,Universal Analysis Mode,Warning,Maintenance inspection recommended soon.
IRN,364,1942,9871038.0,12.42,1.19,40.93,Universal Analysis Mode,Warning,Maintenance inspection recommended soon.
IRN,364,1943,10200000.0,11.81,1.2,40.67,Universal Analysis Mode,Warning,Maintenance inspection recommended soon.
IRN,364,1944,13900000.0,11.71,1.21,40.77,Universal Analysis Mode,Warning,Maintenance inspection recommended soon.
IRN,364,1945,17800000.0,9.93,1.05,40.48,Universal Analysis Mode,Warning,Maintenance inspection recommended soon.
IRN,364,1946,20100000.0,9.77,1.12,40.43,Universal Analysis Mode,Warning,Maintenance inspection recommended soon.
IRN,364,1947,21200000.0,14.48,1.9,41.58,Universal Analysis Mode,Warning,Maintenance inspection recommended soon.
IRN,364,1948,26000000.0,14.07,1.99,41.7,Universal Analysis Mode,Warning,Maintenance inspection recommended soon.
IRN,364,1949,28000000.0,12.71,1.78,41.24,Universal Analysis Mode,Warning,Maintenance inspection recommended soon.
IRN,364,1950,33100000.0,12.08,1.71,47.87,Universal Analysis Mode,Warning,Maintenance inspection recommended soon.
IRN,364,1951,17400000.0,11.2,1.71,47.25,Universal Analysis Mode,Warning,Maintenance inspection recommended soon.
IRN,364,1952,1379781.0,10.96,1.71,42.52,Universal Analysis Mode,Warning,Maintenance inspection recommended soon.
IRN,364,1953,1284153.0,12.27,1.93,43.26,Universal Analysis Mode,Warning,Maintenance inspection recommended soon.
IRN,364,1954,2937158.0,12.21,1.93,46.1,Universal Analysis Mode,Warning,Maintenance inspection recommended soon.
IRN,364,1955,16500000.0,12.27,1.93,47.4,Universal Analysis Mode,Warning,Maintenance inspection recommended soon.
IRN,364,1956,26900000.0,12.07,1.93,50.46,Universal Analysis Mode,Warning,Maintenance inspection recommended soon.
IRN,364,1957,35900000.0,11.48,1.9,50.49,Universal Analysis Mode,Warning,Maintenance inspection recommended soon.
IRN,364,1958,41200000.0,12.25,2.08,51.12,Universal Analysis Mode,Warning,Maintenance inspection recommended soon.
IRN,364,1959,47100000.0,12.14,2.08,51.31,Universal Analysis Mode,Warning,Maintenance inspection recommended soon.
IRN,364,1960,52700000.0,10.91,1.9,51.29,Universal Analysis Mode,Warning,Maintenance inspection recommended soon.
IRN,364,1961,59000000.0,10.24,1.8,51.56,Universal Analysis Mode,Warning,Maintenance inspection recommended soon.
IRN,364,1962,65800000.0,10.12,1.8,52.57,Universal Analysis Mode,Warning,Maintenance inspection recommended soon.
IRN,364,1963,73500000.0,9.99,1.8,52.29,Universal Analysis Mode,Warning,Maintenance inspection recommended soon.
IRN,364,1964,84500000.0,9.86,1.8,51.49,Universal Analysis Mode,Warning,Maintenance inspection recommended soon.
IRN,364,1965,94000000.0,9.71,1.8,52.23,Universal Analysis Mode,Warning,Maintenance inspection recommended soon.
IRN,364,1966,105000000.0,9.41,1.8,51.72,Universal Analysis Mode,Warning,Maintenance inspection recommended soon.
IRN,364,1967,129000000.0,9.16,1.8,51.79,Universal Analysis Mode,Warning,Maintenance inspection recommended soon.
IRN,364,1968,142000000.0,8.8,1.8,51.65,Universal Analysis Mode,Warning,Maintenance inspection recommended soon.
IRN,364,1969,168000000.0,8.35,1.8,52.04,Universal Analysis Mode,Warning,Maintenance inspection recommended soon.
IRN,364,1970,191000000.0,7.88,1.8,52.6,Universal Analysis Mode,Warning,Maintenance inspection recommended soon.
IRN,364,1971,227000000.0,9.41,2.24,53.21,Universal Analysis Mode,Warning,Maintenance inspection recommended soon.
IRN,364,1972,252000000.0,10.09,2.48,53.41,Universal Analysis Mode,Warning,Maintenance inspection recommended soon.
IRN,364,1973,293000000.0,12.59,3.29,53.91,Universal Analysis Mode,Warning,Maintenance inspection recommended soon.
IRN,364,1974,301000000.0,39.93,11.58,56.28,Universal Analysis Mode,Warning,Maintenance inspection recommended soon.
IRN,364,1975,268000000.0,36.44,11.53,56.56,Universal Analysis Mode,Warning,Maintenance inspection recommended soon.
IRN,364,1976,295000000.0,38.23,12.8,58.29,Universal Analysis Mode,Warning,Maintenance inspection recommended soon.
IRN,364,1977,279000000.0,39.04,13.92,59.59,Universal Analysis Mode,Warning,Maintenance inspection recommended soon.
IRN,364,1978,212000000.0,36.54,14.02,59.18,Universal Analysis Mode,Warning,Maintenance inspection recommended soon.
IRN,364,1979,171000000.0,74.02,31.61,61.69,Universal Analysis Mode,Warning,Maintenance inspection recommended soon.
IRN,364,1980,72700000.0,75.97,36.83,62.59,Universal Analysis Mode,Warning,Maintenance inspection recommended soon.
IRN,364,1981,72000000.0,67.14,35.93,63.02,Universal Analysis Mode,Warning,Maintenance inspection recommended soon.
IRN,364,1982,120000000.0,58.02,32.97,63.36,Universal Analysis Mode,Warning,Maintenance inspection recommended soon.
IRN,364,1983,123000000.0,50.39,29.55,62.93,Universal Analysis Mode,Warning,Maintenance inspection recommended soon.
IRN,364,1984,109000000.0,45.82,28.78,62.52,Universal Analysis Mode,Warning,Maintenance inspection recommended soon.
IRN,364,1985,109000000.0,43.43,27.56,62.24,Universal Analysis Mode,Warning,Maintenance inspection recommended soon.
IRN,364,1986,93400000.0,22.22,14.43,63.33,Universal Analysis Mode,Warning,Maintenance inspection recommended soon.
IRN,364,1987,116000000.0,27.46,18.44,62.32,Universal Analysis Mode,Warning,Maintenance inspection recommended soon.
IRN,364,1988,117000000.0,21.42,14.92,60.65,Universal Analysis Mode,Warning,Maintenance inspection recommended soon.
IRN,364,1989,143000000.0,24.87,18.23,61.37,Universal Analysis Mode,Warning,Maintenance inspection recommended soon.
IRN,364,1990,162000000.0,30.88,23.73,64.29,Universal Analysis Mode,Warning,Maintenance inspection recommended soon.
IRN,364,1991,174000000.0,24.95,20.0,67.92,Universal Analysis Mode,Warning,Maintenance inspection recommended soon.
IRN,364,1992,176000000.0,23.39,19.32,62.59,Universal Analysis Mode,Warning,Maintenance inspection recommended soon.
IRN,364,1993,183000000.0,20.01,16.97,65.82,Universal Analysis Mode,Warning,Maintenance inspection recommended soon.
IRN,364,1994,184000000.0,18.26,15.82,61.54,Universal Analysis Mode,Warning,Maintenance inspection recommended soon.
IRN,364,1995,184000000.0,19.1,17.02,65.18,Universal Analysis Mode,Warning,Maintenance inspection recommended soon.
IRN,364,1996,185000000.0,22.48,20.67,66.07,Universal Analysis Mode,Warning,Maintenance inspection recommended soon.
IRN,364,1997,185000000.0,20.38,19.09,59.31,Universal Analysis Mode,Warning,Maintenance inspection recommended soon.
IRN,364,1998,189000000.0,13.62,12.72,57.96,Universal Analysis Mode,Warning,Maintenance inspection recommended soon.
IRN,364,1999,176000000.0,18.56,17.97,58.85,Universal Analysis Mode,Warning,Maintenance inspection recommended soon.
IRN,364,2000,188000000.0,28.5,28.5,62.28,Universal Analysis Mode,Warning,Maintenance inspection recommended soon.
IRN,364,2001,185000000.0,23.7,24.44,63.01,Universal Analysis Mode,Warning,Maintenance inspection recommended soon.
IRN,364,2002,172000000.0,23.72,25.02,62.58,Universal Analysis Mode,Warning,Maintenance inspection recommended soon.
IRN,364,2003,186000000.0,26.54,28.83,64.93,Universal Analysis Mode,Warning,Maintenance inspection recommended soon.
IRN,364,2004,199000000.0,34.3,38.26,65.52,Universal Analysis Mode,Warning,Maintenance inspection recommended soon.
IRN,364,2005,206000000.0,47.26,54.52,66.89,Universal Analysis Mode,Warning,Maintenance inspection recommended soon.
IRN,364,2006,201000000.0,55.37,65.14,66.44,Universal Analysis Mode,Warning,Maintenance inspection recommended soon.
IRN,364,2007,194812142.42,60.12,72.39,66.33,Universal Analysis Mode,Warning,Maintenance inspection recommended soon.
IRN,364,2008,201703606.36,77.79,97.26,66.94,Universal Analysis Mode,Warning,Maintenance inspection recommended soon.
IRN,364,2009,201044509.83,49.5,61.67,63.86,Universal Analysis Mode,Warning,Maintenance inspection recommended soon.
IRN,364,2010,203204863.71,62.78,79.5,68.73,Universal Analysis Mode,Warning,Maintenance inspection recommended soon.
IRN,364,2011,201889200.0,85.17,111.26,62.32,Universal Analysis Mode,Warning,Maintenance inspection recommended soon.
IRN,364,2012,168665116.55,83.75,111.67,67.05,Universal Analysis Mode,Warning,Maintenance inspection recommended soon.
IRN,364,2013,155042271.77,80.32,108.66,61.16,Universal Analysis Mode,Warning,Maintenance inspection recommended soon.
IRN,364,2014,161137791.77,71.97,98.95,59.88,Universal Analysis Mode,Warning,Maintenance inspection recommended soon.
IRQ,368,1932,49800.0,10.86,0.87,29.8,Universal Analysis Mode,Healthy,Machine is safe. Continue regular monitoring.
IRQ,368,1933,1050410.0,8.82,0.67,36.72,Universal Analysis Mode,Warning,Maintenance inspection recommended soon.
IRQ,368,1934,1050410.0,12.72,1.0,38.13,Universal Analysis Mode,Warning,Maintenance inspection recommended soon.
IRQ,368,1935,3744262.0,12.04,0.97,40.17,Universal Analysis Mode,Warning,Maintenance inspection recommended soon.
IRQ,368,1936,4153825.0,13.38,1.09,40.77,Universal Analysis Mode,Warning,Maintenance inspection recommended soon.
IRQ,368,1937,4349180.0,13.98,1.18,40.72,Universal Analysis Mode,Warning,Maintenance inspection recommended soon.
IRQ,368,1938,4459426.0,13.66,1.13,40.73,Universal Analysis Mode,Warning,Maintenance inspection recommended soon.
IRQ,368,1939,4206421.0,12.5,1.02,40.42,Universal Analysis Mode,Warning,Maintenance inspection recommended soon.
IRQ,368,1940,3309426.0,12.38,1.02,40.02,Universal Analysis Mode,Warning,Maintenance inspection recommended soon.
IRQ,368,1941,1728142.0,13.18,1.14,39.25,Universal Analysis Mode,Warning,Maintenance inspection recommended soon.
IRQ,368,1942,2694809.0,12.42,1.19,39.73,Universal Analysis Mode,Warning,Maintenance inspection recommended soon.
IRQ,368,1943,3394536.0,11.81,1.2,39.78,Universal Analysis Mode,Warning,Maintenance inspection recommended soon.
IRQ,368,1944,4227186.0,11.71,1.21,40.07,Universal Analysis Mode,Warning,Maintenance inspection recommended soon.
IRQ,368,1945,4796721.0,9.93,1.05,39.71,Universal Analysis Mode,Warning,Maintenance inspection recommended soon.
IRQ,368,1946,4872268.0,9.77,1.12,39.71,Universal Analysis Mode,Warning,Maintenance inspection recommended soon.
IRQ,368,1947,4895355.0,14.48,1.9,40.87,Universal Analysis Mode,Warning,Maintenance inspection recommended soon.
IRQ,368,1948,3567623.0,14.07,1.99,40.71,Universal Analysis Mode,Warning,Maintenance inspection recommended soon.
IRQ,368,1949,4229098.0,12.71,1.78,40.31,Universal Analysis Mode,Warning,Maintenance inspection recommended soon.
IRQ,368,1950,6793169.0,12.08,1.71,44.88,Universal Analysis Mode,Warning,Maintenance inspection recommended soon.
IRQ,368,1951,8896448.0,11.2,1.71,44.84,Universal Analysis Mode,Warning,Maintenance inspection recommended soon.
IRQ,368,1952,19300000.0,10.96,1.71,45.33,Universal Analysis Mode,Warning,Maintenance inspection recommended soon.
IRQ,368,1953,28700000.0,12.27,1.93,46.17,Universal Analysis Mode,Warning,Maintenance inspection recommended soon.
IRQ,368,1954,31200000.0,12.21,1.93,46.13,Universal Analysis Mode,Warning,Maintenance inspection recommended soon.
IRQ,368,1955,34300000.0,12.27,1.93,45.85,Universal Analysis Mode,Warning,Maintenance inspection recommended soon.
IRQ,368,1956,31700000.0,12.07,1.93,45.75,Universal Analysis Mode,Warning,Maintenance inspection recommended soon.
IRQ,368,1957,22300000.0,11.48,1.9,45.6,Universal Analysis Mode,Warning,Maintenance inspection recommended soon.
IRQ,368,1958,36400000.0,12.25,2.08,46.72,Universal Analysis Mode,Warning,Maintenance inspection recommended soon.
IRQ,368,1959,42500000.0,12.14,2.08,49.57,Universal Analysis Mode,Warning,Maintenance inspection recommended soon.
IRQ,368,1960,48300000.0,10.91,1.9,49.69,Universal Analysis Mode,Warning,Maintenance inspection recommended soon.
IRQ,368,1961,49900000.0,10.24,1.8,49.65,Universal Analysis Mode,Warning,Maintenance inspection recommended soon.
IRQ,368,1962,50100000.0,10.12,1.8,47.71,Universal Analysis Mode,Warning,Maintenance inspection recommended soon.
IRQ,368,1963,57700000.0,9.99,1.8,50.36,Universal Analysis Mode,Warning,Maintenance inspection recommended soon.
IRQ,368,1964,63100000.0,9.86,1.8,49.55,Universal Analysis Mode,Warning,Maintenance inspection recommended soon.
IRQ,368,1965,65900000.0,9.71,1.8,50.21,Universal Analysis Mode,Warning,Maintenance inspection recommended soon.
IRQ,368,1966,69000000.0,9.41,1.8,49.7,Universal Analysis Mode,Warning,Maintenance inspection recommended soon.
IRQ,368,1967,61200000.0,9.16,1.8,49.49,Universal Analysis Mode,Warning,Maintenance inspection recommended soon.
IRQ,368,1968,75000000.0,8.8,1.8,49.47,Universal Analysis Mode,Warning,Maintenance inspection recommended soon.
IRQ,368,1969,76100000.0,8.35,1.8,49.64,Universal Analysis Mode,Warning,Maintenance inspection recommended soon.
IRQ,368,1970,76500000.0,7.88,1.8,49.87,Universal Analysis Mode,Warning,Maintenance inspection recommended soon.
IRQ,368,1971,83300000.0,9.41,2.24,50.48,Universal Analysis Mode,Warning,Maintenance inspection recommended soon.
IRQ,368,1972,72100000.0,10.09,2.48,50.47,Universal Analysis Mode,Warning,Maintenance inspection recommended soon.
IRQ,368,1973,99500000.0,12.59,3.29,51.1,Universal Analysis Mode,Warning,Maintenance inspection recommended soon.
IRQ,368,1974,96900000.0,39.93,11.58,53.55,Universal Analysis Mode,Warning,Maintenance inspection recommended soon.
IRQ,368,1975,111000000.0,36.44,11.53,53.94,Universal Analysis Mode,Warning,Maintenance inspection recommended soon.
IRQ,368,1976,119000000.0,38.23,12.8,55.73,Universal Analysis Mode,Warning,Maintenance inspection recommended soon.
IRQ,368,1977,115000000.0,39.04,13.92,56.95,Universal Analysis Mode,Warning,Maintenance inspection recommended soon.
IRQ,368,1978,126000000.0,36.54,14.02,56.67,Universal Analysis Mode,Warning,Maintenance inspection recommended soon.
IRQ,368,1979,170000000.0,74.02,31.61,59.49,Universal Analysis Mode,Warning,Maintenance inspection recommended soon.
IRQ,368,1980,130000000.0,75.97,36.83,60.7,Universal Analysis Mode,Warning,Maintenance inspection recommended soon.
IRQ,368,1981,43900000.0,67.14,35.93,60.54,Universal Analysis Mode,Warning,Maintenance inspection recommended soon.
IRQ,368,1982,49600000.0,58.02,32.97,60.69,Universal Analysis Mode,Warning,Maintenance inspection recommended soon.
IRQ,368,1983,53800000.0,50.39,29.55,60.29,Universal Analysis Mode,Warning,Maintenance inspection recommended soon.
IRQ,368,1984,58700000.0,45.82,28.78,60.02,Universal Analysis Mode,Warning,Maintenance inspection recommended soon.
IRQ,368,1985,68800000.0,43.43,27.56,59.9,Universal Analysis Mode,Warning,Maintenance inspection recommended soon.
IRQ,368,1986,82700000.0,22.22,14.43,61.24,Universal Analysis Mode,Warning,Maintenance inspection recommended soon.
IRQ,368,1987,117000000.0,27.46,18.44,60.59,Universal Analysis Mode,Warning,Maintenance inspection recommended soon.
IRQ,368,1988,137000000.0,21.42,14.92,59.07,Universal Analysis Mode,Warning,Maintenance inspection recommended soon.
IRQ,368,1989,139000000.0,24.87,18.23,59.67,Universal Analysis Mode,Warning,Maintenance inspection recommended soon.
IRQ,368,1990,106000000.0,30.88,23.73,65.56,Universal Analysis Mode,Warning,Maintenance inspection recommended soon.
IRQ,368,1991,13700000.0,24.95,20.0,59.99,Universal Analysis Mode,Warning,Maintenance inspection recommended soon.
IRQ,368,1992,26000000.0,23.39,19.32,58.9,Universal Analysis Mode,Warning,Maintenance inspection recommended soon.
IRQ,368,1993,22700000.0,20.01,16.97,58.4,Universal Analysis Mode,Warning,Maintenance inspection recommended soon.
IRQ,368,1994,25300000.0,18.26,15.82,57.94,Universal Analysis Mode,Warning,Maintenance inspection recommended soon.
IRQ,368,1995,27400000.0,19.1,17.02,58.0,Universal Analysis Mode,Warning,Maintenance inspection recommended soon.
IRQ,368,1996,30000000.0,22.48,20.67,59.01,Universal Analysis Mode,Warning,Maintenance inspection recommended soon.
IRQ,368,1997,58300000.0,20.38,19.09,59.49,Universal Analysis Mode,Warning,Maintenance inspection recommended soon.
IRQ,368,1998,106000000.0,13.62,12.72,58.7,Universal Analysis Mode,Warning,Maintenance inspection recommended soon.
IRQ,368,1999,126000000.0,18.56,17.97,59.8,Universal Analysis Mode,Warning,Maintenance inspection recommended soon.
IRQ,368,2000,129000000.0,28.5,28.5,63.47,Universal Analysis Mode,Warning,Maintenance inspection recommended soon.
IRQ,368,2001,119000000.0,23.7,24.44,63.25,Universal Analysis Mode,Warning,Maintenance inspection recommended soon.
IRQ,368,2002,101000000.0,23.72,25.02,62.74,Universal Analysis Mode,Warning,Maintenance inspection recommended soon.
IRQ,368,2003,65200000.0,26.54,28.83,64.66,Universal Analysis Mode,Warning,Maintenance inspection recommended soon.
IRQ,368,2004,100000000.0,34.3,38.26,65.64,Universal Analysis Mode,Warning,Maintenance inspection recommended soon.
IRQ,368,2005,93500000.0,47.26,54.52,67.46,Universal Analysis Mode,Warning,Maintenance inspection recommended soon.
IRQ,368,2006,99400000.0,55.37,65.14,66.91,Universal Analysis Mode,Warning,Maintenance inspection recommended soon.
IRQ,368,2007,103897322.68,60.12,72.39,67.17,Universal Analysis Mode,Warning,Maintenance inspection recommended soon.
IRQ,368,2008,118288246.3,77.79,97.26,68.08,Universal Analysis Mode,Warning,Maintenance inspection recommended soon.
IRQ,368,2009,119051458.69,49.5,61.67,64.75,Universal Analysis Mode,Warning,Maintenance inspection recommended soon.
IRQ,368,2010,119485265.99,62.78,79.5,64.16,Universal Analysis Mode,Warning,Maintenance inspection recommended soon.
IRQ,368,2011,130759109.51,85.17,111.26,63.79,Universal Analysis Mode,Warning,Maintenance inspection recommended soon.
IRQ,368,2012,148569999.83,83.75,111.67,62.6,Universal Analysis Mode,Warning,Maintenance inspection recommended soon.
IRQ,368,2013,152108301.29,80.32,108.66,58.26,Universal Analysis Mode,Warning,Maintenance inspection recommended soon.
IRQ,368,2014,167728446.78,71.97,98.95,59.08,Universal Analysis Mode,Warning,Maintenance inspection recommended soon.
IRL,372,1932,49800.0,10.86,0.87,29.22,Universal Analysis Mode,Healthy,Machine is safe. Continue regular monitoring.
IRL,372,1933,49800.0,8.82,0.67,29.21,Universal Analysis Mode,Healthy,Machine is safe. Continue regular monitoring.
IRL,372,1934,49800.0,12.72,1.0,29.69,Universal Analysis Mode,Healthy,Machine is safe. Continue regular monitoring.
IRL,372,1935,49800.0,12.04,0.97,29.34,Universal Analysis Mode,Healthy,Machine is safe. Continue regular monitoring.
IRL,372,1936,49800.0,13.38,1.09,29.64,Universal Analysis Mode,Healthy,Machine is safe. Continue regular monitoring.
IRL,372,1937,49800.0,13.98,1.18,29.4,Universal Analysis Mode,Healthy,Machine is safe. Continue regular monitoring.
IRL,372,1938,49800.0,13.66,1.13,29.43,Universal Analysis Mode,Healthy,Machine is safe. Continue regular monitoring.
IRL,372,1939,49800.0,12.5,1.02,29.36,Universal Analysis Mode,Healthy,Machine is safe. Continue regular monitoring.
IRL,372,1940,49800.0,12.38,1.02,29.29,Universal Analysis Mode,Healthy,Machine is safe. Continue regular monitoring.
IRL,372,1941,49800.0,13.18,1.14,29.32,Universal Analysis Mode,Healthy,Machine is safe. Continue regular monitoring.
IRL,372,1942,49800.0,12.42,1.19,29.13,Universal Analysis Mode,Healthy,Machine is safe. Continue regular monitoring.
IRL,372,1943,49800.0,11.81,1.2,28.87,Universal Analysis Mode,Healthy,Machine is safe. Continue regular monitoring.
IRL,372,1944,49800.0,11.71,1.21,28.83,Universal Analysis Mode,Healthy,Machine is safe. Continue regular monitoring.
IRL,372,1945,49800.0,9.93,1.05,28.49,Universal Analysis Mode,Healthy,Machine is safe. Continue regular monitoring.
IRL,372,1946,49800.0,9.77,1.12,28.38,Universal Analysis Mode,Healthy,Machine is safe. Continue regular monitoring.
IRL,372,1947,49800.0,14.48,1.9,29.34,Universal Analysis Mode,Healthy,Machine is safe. Continue regular monitoring.
IRL,372,1948,49800.0,14.07,1.99,29.36,Universal Analysis Mode,Healthy,Machine is safe. Continue regular monitoring.
IRL,372,1949,49800.0,12.71,1.78,28.91,Universal Analysis Mode,Healthy,Machine is safe. Continue regular monitoring.
IRL,372,1950,49800.0,12.08,1.71,28.73,Universal Analysis Mode,Healthy,Machine is safe. Continue regular monitoring.
IRL,372,1951,49800.0,11.2,1.71,28.54,Universal Analysis Mode,Healthy,Machine is safe. Continue regular monitoring.
IRL,372,1952,49800.0,10.96,1.71,28.51,Universal Analysis Mode,Healthy,Machine is safe. Continue regular monitoring.
IRL,372,1953,49800.0,12.27,1.93,29.01,Universal Analysis Mode,Healthy,Machine is safe. Continue regular monitoring.
IRL,372,1954,49800.0,12.21,1.93,28.91,Universal Analysis Mode,Healthy,Machine is safe. Continue regular monitoring.
IRL,372,1955,49800.0,12.27,1.93,28.55,Universal Analysis Mode,Healthy,Machine is safe. Continue regular monitoring.
IRL,372,1956,49800.0,12.07,1.93,28.53,Universal Analysis Mode,Healthy,Machine is safe. Continue regular monitoring.
IRL,372,1957,49800.0,11.48,1.9,28.25,Universal Analysis Mode,Healthy,Machine is safe. Continue regular monitoring.
IRL,372,1958,49800.0,12.25,2.08,28.69,Universal Analysis Mode,Healthy,Machine is safe. Continue regular monitoring.
IRL,372,1959,49800.0,12.14,2.08,28.71,Universal Analysis Mode,Healthy,Machine is safe. Continue regular monitoring.
IRL,372,1960,0.0,10.91,1.9,29.16,Universal Analysis Mode,Healthy,Machine is safe. Continue regular monitoring.
IRL,372,1961,0.0,10.24,1.8,34.8,Universal Analysis Mode,Warning,Maintenance inspection recommended soon.
IRL,372,1962,0.0,10.12,1.8,25.08,Universal Analysis Mode,Healthy,Machine is safe. Continue regular monitoring.
IRL,372,1963,0.0,9.99,1.8,24.91,Universal Analysis Mode,Healthy,Machine is safe. Continue regular monitoring.
IRL,372,1964,0.0,9.86,1.8,23.99,Universal Analysis Mode,Healthy,Machine is safe. Continue regular monitoring.
IRL,372,1965,0.0,9.71,1.8,24.6,Universal Analysis Mode,Healthy,Machine is safe. Continue regular monitoring.
IRL,372,1966,0.0,9.41,1.8,23.94,Universal Analysis Mode,Healthy,Machine is safe. Continue regular monitoring.
IRL,372,1967,0.0,9.16,1.8,23.82,Universal Analysis Mode,Healthy,Machine is safe. Continue regular monitoring.
IRL,372,1968,0.0,8.8,1.8,23.58,Universal Analysis Mode,Healthy,Machine is safe. Continue regular monitoring.
IRL,372,1969,0.0,8.35,1.8,23.69,Universal Analysis Mode,Healthy,Machine is safe. Continue regular monitoring.
IRL,372,1970,0.0,7.88,1.8,23.44,Universal Analysis Mode,Healthy,Machine is safe. Continue regular monitoring.
IRL,372,1971,0.0,9.41,2.24,23.78,Universal Analysis Mode,Healthy,Machine is safe. Continue regular monitoring.
IRL,372,1972,0.0,10.09,2.48,23.79,Universal Analysis Mode,Healthy,Machine is safe. Continue regular monitoring.
IRL,372,1973,0.0,12.59,3.29,24.02,Universal Analysis Mode,Healthy,Machine is safe. Continue regular monitoring.
IRL,372,1974,0.0,39.93,11.58,25.9,Universal Analysis Mode,Healthy,Machine is safe. Continue regular monitoring.
IRL,372,1975,0.0,36.44,11.53,26.16,Universal Analysis Mode,Healthy,Machine is safe. Continue regular monitoring.
IRL,372,1976,0.0,38.23,12.8,27.75,Universal Analysis Mode,Healthy,Machine is safe. Continue regular monitoring.
IRL,372,1977,0.0,39.04,13.92,28.95,Universal Analysis Mode,Healthy,Machine is safe. Continue regular monitoring.
IRL,372,1978,0.0,36.54,14.02,32.43,Universal Analysis Mode,Warning,Maintenance inspection recommended soon.
IRL,372,1979,0.0,74.02,31.61,44.48,Universal Analysis Mode,Warning,Maintenance inspection recommended soon.
IRL,372,1980,0.0,75.97,36.83,47.08,Universal Analysis Mode,Warning,Maintenance inspection recommended soon.
IRL,372,1981,0.0,67.14,35.93,47.91,Universal Analysis Mode,Warning,Maintenance inspection recommended soon.
IRL,372,1982,0.0,58.02,32.97,48.29,Universal Analysis Mode,Warning,Maintenance inspection recommended soon.
IRL,372,1983,0.0,50.39,29.55,47.87,Universal Analysis Mode,Warning,Maintenance inspection recommended soon.
IRL,372,1984,0.0,45.82,28.78,44.63,Universal Analysis Mode,Warning,Maintenance inspection recommended soon.
IRL,372,1985,0.0,43.43,27.56,45.07,Universal Analysis Mode,Warning,Maintenance inspection recommended soon.
IRL,372,1986,0.0,22.22,14.43,41.62,Universal Analysis Mode,Warning,Maintenance inspection recommended soon.
IRL,372,1987,0.0,27.46,18.44,41.18,Universal Analysis Mode,Warning,Maintenance inspection recommended soon.
IRL,372,1988,0.0,21.42,14.92,38.96,Universal Analysis Mode,Warning,Maintenance inspection recommended soon.
IRL,372,1989,0.0,24.87,18.23,39.45,Universal Analysis Mode,Warning,Maintenance inspection recommended soon.
IRL,372,1990,0.0,30.88,23.73,41.45,Universal Analysis Mode,Warning,Maintenance inspection recommended soon.
IRL,372,1991,0.0,24.95,20.0,41.6,Universal Analysis Mode,Warning,Maintenance inspection recommended soon.
IRL,372,1992,0.0,23.39,19.32,39.05,Universal Analysis Mode,Warning,Maintenance inspection recommended soon.
IRL,372,1993,0.0,20.01,16.97,35.91,Universal Analysis Mode,Warning,Maintenance inspection recommended soon.
IRL,372,1994,0.0,18.26,15.82,35.21,Universal Analysis Mode,Warning,Maintenance inspection recommended soon.
IRL,372,1995,0.0,19.1,17.02,35.12,Universal Analysis Mode,Warning,Maintenance inspection recommended soon.
IRL,372,1996,0.0,22.48,20.67,35.79,Universal Analysis Mode,Warning,Maintenance inspection recommended soon.
IRL,372,1997,0.0,20.38,19.09,35.47,Universal Analysis Mode,Warning,Maintenance inspection recommended soon.
IRL,372,1998,0.0,13.62,12.72,34.19,Universal Analysis Mode,Warning,Maintenance inspection recommended soon.
IRL,372,1999,0.0,18.56,17.97,34.23,Universal Analysis Mode,Warning,Maintenance inspection recommended soon.
IRL,372,2000,0.0,28.5,28.5,38.7,Universal Analysis Mode,Warning,Maintenance inspection recommended soon.
IRL,372,2001,0.0,23.7,24.44,38.07,Universal Analysis Mode,Warning,Maintenance inspection recommended soon.
IRL,372,2002,0.0,23.72,25.02,37.54,Universal Analysis Mode,Warning,Maintenance inspection recommended soon.
IRL,372,2003,0.0,26.54,28.83,40.19,Universal Analysis Mode,Warning,Maintenance inspection recommended soon.
IRL,372,2004,0.0,34.3,38.26,40.1,Universal Analysis Mode,Warning,Maintenance inspection recommended soon.
IRL,372,2005,0.0,47.26,54.52,41.26,Universal Analysis Mode,Warning,Maintenance inspection recommended soon.
IRL,372,2006,0.0,55.37,65.14,39.88,Universal Analysis Mode,Warning,Maintenance inspection recommended soon.
IRL,372,2007,0.0,60.12,72.39,39.55,Universal Analysis Mode,Warning,Maintenance inspection recommended soon.
IRL,372,2008,0.0,77.79,97.26,40.58,Universal Analysis Mode,Warning,Maintenance inspection recommended soon.
IRL,372,2009,0.0,49.5,61.67,35.88,Universal Analysis Mode,Warning,Maintenance inspection recommended soon.
IRL,372,2010,0.0,62.78,79.5,37.7,Universal Analysis Mode,Warning,Maintenance inspection recommended soon.
IRL,372,2011,0.0,85.17,111.26,36.49,Universal Analysis Mode,Warning,Maintenance inspection recommended soon.
IRL,372,2012,0.0,83.75,111.67,32.04,Universal Analysis Mode,Warning,Maintenance inspection recommended soon.
IRL,372,2013,0.0,80.32,108.66,35.26,Universal Analysis Mode,Warning,Maintenance inspection recommended soon.
IRL,372,2014,0.0,71.97,98.95,40.52,Universal Analysis Mode,Warning,Maintenance inspection recommended soon.
ISR,376,1932,49800.0,10.86,0.87,29.0,Universal Analysis Mode,Healthy,Machine is safe. Continue regular monitoring.
ISR,376,1933,49800.0,8.82,0.67,28.98,Universal Analysis Mode,Healthy,Machine is safe. Continue regular monitoring.
ISR,376,1934,49800.0,12.72,1.0,29.46,Universal Analysis Mode,Healthy,Machine is safe. Continue regular monitoring.
ISR,376,1935,49800.0,12.04,0.97,29.11,Universal Analysis Mode,Healthy,Machine is safe. Continue regular monitoring.
ISR,376,1936,49800.0,13.38,1.09,29.41,Universal Analysis Mode,Healthy,Machine is safe. Continue regular monitoring.
ISR,376,1937,49800.0,13.98,1.18,29.18,Universal Analysis Mode,Healthy,Machine is safe. Continue regular monitoring.
ISR,376,1938,49800.0,13.66,1.13,29.21,Universal Analysis Mode,Healthy,Machine is safe. Continue regular monitoring.
ISR,376,1939,49800.0,12.5,1.02,29.14,Universal Analysis Mode,Healthy,Machine is safe. Continue regular monitoring.
ISR,376,1940,49800.0,12.38,1.02,29.06,Universal Analysis Mode,Healthy,Machine is safe. Continue regular monitoring.
ISR,376,1941,49800.0,13.18,1.14,29.09,Universal Analysis Mode,Healthy,Machine is safe. Continue regular monitoring.
ISR,376,1942,49800.0,12.42,1.19,28.9,Universal Analysis Mode,Healthy,Machine is safe. Continue regular monitoring.
ISR,376,1943,49800.0,11.81,1.2,28.65,Universal Analysis Mode,Healthy,Machine is safe. Continue regular monitoring.
ISR,376,1944,49800.0,11.71,1.21,28.61,Universal Analysis Mode,Healthy,Machine is safe. Continue regular monitoring.
ISR,376,1945,49800.0,9.93,1.05,28.26,Universal Analysis Mode,Healthy,Machine is safe. Continue regular monitoring.
ISR,376,1946,49800.0,9.77,1.12,28.16,Universal Analysis Mode,Healthy,Machine is safe. Continue regular monitoring.
ISR,376,1947,49800.0,14.48,1.9,29.11,Universal Analysis Mode,Healthy,Machine is safe. Continue regular monitoring.
ISR,376,1948,49800.0,14.07,1.99,29.94,Universal Analysis Mode,Healthy,Machine is safe. Continue regular monitoring.
ISR,376,1949,49800.0,12.71,1.78,29.49,Universal Analysis Mode,Healthy,Machine is safe. Continue regular monitoring.
ISR,376,1950,49800.0,12.08,1.71,28.53,Universal Analysis Mode,Healthy,Machine is safe. Continue regular monitoring.
ISR,376,1951,49800.0,11.2,1.71,28.36,Universal Analysis Mode,Healthy,Machine is safe. Continue regular monitoring.
ISR,376,1952,49800.0,10.96,1.71,28.36,Universal Analysis Mode,Healthy,Machine is safe. Continue regular monitoring.
ISR,376,1953,49800.0,12.27,1.93,28.87,Universal Analysis Mode,Healthy,Machine is safe. Continue regular monitoring.
ISR,376,1954,49800.0,12.21,1.93,28.77,Universal Analysis Mode,Healthy,Machine is safe. Continue regular monitoring.
ISR,376,1955,49800.0,12.27,1.93,28.42,Universal Analysis Mode,Healthy,Machine is safe. Continue regular monitoring.
ISR,376,1956,19945.0,12.07,1.93,26.23,Universal Analysis Mode,Healthy,Machine is safe. Continue regular monitoring.
ISR,376,1957,53825.0,11.48,1.9,28.39,Universal Analysis Mode,Healthy,Machine is safe. Continue regular monitoring.
ISR,376,1958,87705.0,12.25,2.08,30.58,Universal Analysis Mode,Warning,Maintenance inspection recommended soon.
ISR,376,1959,126366.0,12.14,2.08,31.36,Universal Analysis Mode,Warning,Maintenance inspection recommended soon.
ISR,376,1960,127322.0,10.91,1.9,31.04,Universal Analysis Mode,Warning,Maintenance inspection recommended soon.
ISR,376,1961,154781.0,10.24,1.8,33.72,Universal Analysis Mode,Warning,Maintenance inspection recommended soon.
ISR,376,1962,153825.0,10.12,1.8,34.59,Universal Analysis Mode,Warning,Maintenance inspection recommended soon.
ISR,376,1963,149044.0,9.99,1.8,34.28,Universal Analysis Mode,Warning,Maintenance inspection recommended soon.
ISR,376,1964,196721.0,9.86,1.8,36.16,Universal Analysis Mode,Warning,Maintenance inspection recommended soon.
ISR,376,1965,200683.0,9.71,1.8,37.55,Universal Analysis Mode,Warning,Maintenance inspection recommended soon.
ISR,376,1966,185656.0,9.41,1.8,36.86,Universal Analysis Mode,Warning,Maintenance inspection recommended soon.
ISR,376,1967,132650.0,9.16,1.8,35.27,Universal Analysis Mode,Warning,Maintenance inspection recommended soon.
ISR,376,1968,113525.0,8.8,1.8,35.07,Universal Analysis Mode,Warning,Maintenance inspection recommended soon.
ISR,376,1969,98224.0,8.35,1.8,33.77,Universal Analysis Mode,Warning,Maintenance inspection recommended soon.
ISR,376,1970,5019000.0,7.88,1.8,46.04,Universal Analysis Mode,Warning,Maintenance inspection recommended soon.
ISR,376,1971,6393000.0,9.41,2.24,46.65,Universal Analysis Mode,Warning,Maintenance inspection recommended soon.
ISR,376,1972,6349000.0,10.09,2.48,46.71,Universal Analysis Mode,Warning,Maintenance inspection recommended soon.
ISR,376,1973,5753000.0,12.59,3.29,46.96,Universal Analysis Mode,Warning,Maintenance inspection recommended soon.
ISR,376,1974,4828000.0,39.93,11.58,49.49,Universal Analysis Mode,Warning,Maintenance inspection recommended soon.
ISR,376,1975,5056000.0,36.44,11.53,49.74,Universal Analysis Mode,Warning,Maintenance inspection recommended soon.
ISR,376,1976,36000.0,38.23,12.8,38.86,Universal Analysis Mode,Warning,Maintenance inspection recommended soon.
ISR,376,1977,29000.0,39.04,13.92,39.96,Universal Analysis Mode,Warning,Maintenance inspection recommended soon.
ISR,376,1978,24000.0,36.54,14.02,36.97,Universal Analysis Mode,Warning,Maintenance inspection recommended soon.
ISR,376,1979,21000.0,74.02,31.61,43.4,Universal Analysis Mode,Warning,Maintenance inspection recommended soon.
ISR,376,1980,20000.0,75.97,36.83,46.76,Universal Analysis Mode,Warning,Maintenance inspection recommended soon.
ISR,376,1981,16000.0,67.14,35.93,47.12,Universal Analysis Mode,Warning,Maintenance inspection recommended soon.
ISR,376,1982,12000.0,58.02,32.97,44.03,Universal Analysis Mode,Warning,Maintenance inspection recommended soon.
ISR,376,1983,12000.0,50.39,29.55,42.78,Universal Analysis Mode,Warning,Maintenance inspection recommended soon.
ISR,376,1984,9000.0,45.82,28.78,40.0,Universal Analysis Mode,Warning,Maintenance inspection recommended soon.
ISR,376,1985,9000.0,43.43,27.56,39.74,Universal Analysis Mode,Warning,Maintenance inspection recommended soon.
ISR,376,1986,12000.0,22.22,14.43,33.61,Universal Analysis Mode,Warning,Maintenance inspection recommended soon.
ISR,376,1987,14000.0,27.46,18.44,31.99,Universal Analysis Mode,Warning,Maintenance inspection recommended soon.
ISR,376,1988,18000.0,21.42,14.92,30.28,Universal Analysis Mode,Warning,Maintenance inspection recommended soon.
ISR,376,1989,16000.0,24.87,18.23,31.31,Universal Analysis Mode,Warning,Maintenance inspection recommended soon.
ISR,376,1990,13000.0,30.88,23.73,32.36,Universal Analysis Mode,Warning,Maintenance inspection recommended soon.
ISR,376,1991,11000.0,24.95,20.0,30.58,Universal Analysis Mode,Warning,Maintenance inspection recommended soon.
ISR,376,1992,9000.0,23.39,19.32,28.99,Universal Analysis Mode,Healthy,Machine is safe. Continue regular monitoring.
ISR,376,1993,4000.0,20.01,16.97,28.69,Universal Analysis Mode,Healthy,Machine is safe. Continue regular monitoring.
ISR,376,1994,4000.0,18.26,15.82,28.15,Universal Analysis Mode,Healthy,Machine is safe. Continue regular monitoring.
ISR,376,1995,7000.0,19.1,17.02,28.01,Universal Analysis Mode,Healthy,Machine is safe. Continue regular monitoring.
ISR,376,1996,4000.0,22.48,20.67,28.23,Universal Analysis Mode,Healthy,Machine is safe. Continue regular monitoring.
ISR,376,1997,4910.4,20.38,19.09,28.6,Universal Analysis Mode,Healthy,Machine is safe. Continue regular monitoring.
ISR,376,1998,5000.0,13.62,12.72,27.08,Universal Analysis Mode,Healthy,Machine is safe. Continue regular monitoring.
ISR,376,1999,4000.0,18.56,17.97,27.81,Universal Analysis Mode,Healthy,Machine is safe. Continue regular monitoring.
ISR,376,2000,4000.0,28.5,28.5,31.42,Universal Analysis Mode,Warning,Maintenance inspection recommended soon.
ISR,376,2001,3984.0,23.7,24.44,31.23,Universal Analysis Mode,Warning,Maintenance inspection recommended soon.
ISR,376,2002,4980.0,23.72,25.02,31.09,Universal Analysis Mode,Warning,Maintenance inspection recommended soon.
ISR,376,2003,2988.0,26.54,28.83,36.09,Universal Analysis Mode,Warning,Maintenance inspection recommended soon.
ISR,376,2004,3735.0,34.3,38.26,44.74,Universal Analysis Mode,Warning,Maintenance inspection recommended soon.
ISR,376,2005,4980.0,47.26,54.52,46.07,Universal Analysis Mode,Warning,Maintenance inspection recommended soon.
ISR,376,2006,4980.0,55.37,65.14,45.99,Universal Analysis Mode,Warning,Maintenance inspection recommended soon.
ISR,376,2007,4980.0,60.12,72.39,46.69,Universal Analysis Mode,Warning,Maintenance inspection recommended soon.
ISR,376,2008,4980.0,77.79,97.26,47.68,Universal Analysis Mode,Warning,Maintenance inspection recommended soon.
ISR,376,2009,4980.0,49.5,61.67,40.92,Universal Analysis Mode,Warning,Maintenance inspection recommended soon.
ISR,376,2010,4980.0,62.78,79.5,42.23,Universal Analysis Mode,Warning,Maintenance inspection recommended soon.
ISR,376,2011,4980.0,85.17,111.26,42.2,Universal Analysis Mode,Warning,Maintenance inspection recommended soon.
ISR,376,2012,19422.0,83.75,111.67,42.4,Universal Analysis Mode,Warning,Maintenance inspection recommended soon.
ISR,376,2013,19422.0,80.32,108.66,43.41,Universal Analysis Mode,Warning,Maintenance inspection recommended soon.
ISR,376,2014,19422.0,71.97,98.95,50.74,Universal Analysis Mode,Warning,Maintenance inspection recommended soon.
ITA,380,1932,49800.0,10.86,0.87,33.25,Universal Analysis Mode,Warning,Maintenance inspection recommended soon.
ITA,380,1933,49800.0,8.82,0.67,33.23,Universal Analysis Mode,Warning,Maintenance inspection recommended soon.
ITA,380,1934,20492.0,12.72,1.0,31.68,Universal Analysis Mode,Warning,Maintenance inspection recommended soon.
ITA,380,1935,16257.0,12.04,0.97,31.36,Universal Analysis Mode,Warning,Maintenance inspection recommended soon.
ITA,380,1936,16803.0,13.38,1.09,31.66,Universal Analysis Mode,Warning,Maintenance inspection recommended soon.
ITA,380,1937,15027.0,13.98,1.18,31.43,Universal Analysis Mode,Warning,Maintenance inspection recommended soon.
ITA,380,1938,13798.0,13.66,1.13,31.47,Universal Analysis Mode,Warning,Maintenance inspection recommended soon.
ITA,380,1939,12432.0,12.5,1.02,31.4,Universal Analysis Mode,Warning,Maintenance inspection recommended soon.
ITA,380,1940,7787.0,12.38,1.02,31.34,Universal Analysis Mode,Warning,Maintenance inspection recommended soon.
ITA,380,1941,12978.0,13.18,1.14,31.35,Universal Analysis Mode,Warning,Maintenance inspection recommended soon.
ITA,380,1942,13798.0,12.42,1.19,31.17,Universal Analysis Mode,Warning,Maintenance inspection recommended soon.
ITA,380,1943,10246.0,11.81,1.2,30.93,Universal Analysis Mode,Warning,Maintenance inspection recommended soon.
ITA,380,1944,7514.0,11.71,1.21,30.89,Universal Analysis Mode,Warning,Maintenance inspection recommended soon.
ITA,380,1945,7240.0,9.93,1.05,30.54,Universal Analysis Mode,Warning,Maintenance inspection recommended soon.
ITA,380,1946,11339.0,9.77,1.12,30.44,Universal Analysis Mode,Warning,Maintenance inspection recommended soon.
ITA,380,1947,11066.0,14.48,1.9,31.39,Universal Analysis Mode,Warning,Maintenance inspection recommended soon.
ITA,380,1948,9699.0,14.07,1.99,31.42,Universal Analysis Mode,Warning,Maintenance inspection recommended soon.
ITA,380,1949,9699.0,12.71,1.78,30.98,Universal Analysis Mode,Warning,Maintenance inspection recommended soon.
ITA,380,1950,8607.0,12.08,1.71,30.8,Universal Analysis Mode,Warning,Maintenance inspection recommended soon.
ITA,380,1951,18443.0,11.2,1.71,30.59,Universal Analysis Mode,Warning,Maintenance inspection recommended soon.
ITA,380,1952,66530.0,10.96,1.71,30.97,Universal Analysis Mode,Warning,Maintenance inspection recommended soon.
ITA,380,1953,89481.0,12.27,1.93,32.63,Universal Analysis Mode,Warning,Maintenance inspection recommended soon.
ITA,380,1954,73087.0,12.21,1.93,31.34,Universal Analysis Mode,Warning,Maintenance inspection recommended soon.
ITA,380,1955,207514.0,12.27,1.93,45.39,Universal Analysis Mode,Warning,Maintenance inspection recommended soon.
ITA,380,1956,575000.0,12.07,1.93,48.93,Universal Analysis Mode,Warning,Maintenance inspection recommended soon.
ITA,380,1957,1173907.0,11.48,1.9,49.99,Universal Analysis Mode,Warning,Maintenance inspection recommended soon.
ITA,380,1958,1438661.0,12.25,2.08,50.77,Universal Analysis Mode,Warning,Maintenance inspection recommended soon.
ITA,380,1959,1578005.0,12.14,2.08,51.16,Universal Analysis Mode,Warning,Maintenance inspection recommended soon.
ITA,380,1960,1859699.0,10.91,1.9,51.29,Universal Analysis Mode,Warning,Maintenance inspection recommended soon.
ITA,380,1961,1835246.0,10.24,1.8,51.27,Universal Analysis Mode,Warning,Maintenance inspection recommended soon.
ITA,380,1962,1681421.0,10.12,1.8,52.16,Universal Analysis Mode,Warning,Maintenance inspection recommended soon.
ITA,380,1963,1784000.0,9.99,1.8,51.97,Universal Analysis Mode,Warning,Maintenance inspection recommended soon.
ITA,380,1964,2669000.0,9.86,1.8,51.19,Universal Analysis Mode,Warning,Maintenance inspection recommended soon.
ITA,380,1965,2210000.0,9.71,1.8,51.75,Universal Analysis Mode,Warning,Maintenance inspection recommended soon.
ITA,380,1966,1757000.0,9.41,1.8,51.06,Universal Analysis Mode,Warning,Maintenance inspection recommended soon.
ITA,380,1967,1616000.0,9.16,1.8,50.94,Universal Analysis Mode,Warning,Maintenance inspection recommended soon.
ITA,380,1968,1506000.0,8.8,1.8,50.75,Universal Analysis Mode,Warning,Maintenance inspection recommended soon.
ITA,380,1969,1271721.0,8.35,1.8,50.88,Universal Analysis Mode,Warning,Maintenance inspection recommended soon.
ITA,380,1970,1520000.0,7.88,1.8,50.68,Universal Analysis Mode,Warning,Maintenance inspection recommended soon.
ITA,380,1971,1320000.0,9.41,2.24,51.08,Universal Analysis Mode,Warning,Maintenance inspection recommended soon.
ITA,380,1972,1152000.0,10.09,2.48,51.1,Universal Analysis Mode,Warning,Maintenance inspection recommended soon.
ITA,380,1973,1048000.0,12.59,3.29,51.4,Universal Analysis Mode,Warning,Maintenance inspection recommended soon.
ITA,380,1974,1078000.0,39.93,11.58,53.58,Universal Analysis Mode,Warning,Maintenance inspection recommended soon.
ITA,380,1975,1071000.0,36.44,11.53,53.87,Universal Analysis Mode,Warning,Maintenance inspection recommended soon.
ITA,380,1976,1102000.0,38.23,12.8,55.64,Universal Analysis Mode,Warning,Maintenance inspection recommended soon.
ITA,380,1977,1083000.0,39.04,13.92,56.89,Universal Analysis Mode,Warning,Maintenance inspection recommended soon.
ITA,380,1978,1422000.0,36.54,14.02,56.59,Universal Analysis Mode,Warning,Maintenance inspection recommended soon.
ITA,380,1979,1637000.0,74.02,31.61,59.3,Universal Analysis Mode,Warning,Maintenance inspection recommended soon.
ITA,380,1980,1800000.0,75.97,36.83,60.75,Universal Analysis Mode,Warning,Maintenance inspection recommended soon.
ITA,380,1981,1436000.0,67.14,35.93,61.25,Universal Analysis Mode,Warning,Maintenance inspection recommended soon.
ITA,380,1982,1727000.0,58.02,32.97,61.44,Universal Analysis Mode,Warning,Maintenance inspection recommended soon.
ITA,380,1983,2208000.0,50.39,29.55,60.94,Universal Analysis Mode,Warning,Maintenance inspection recommended soon.
ITA,380,1984,2240000.0,45.82,28.78,57.24,Universal Analysis Mode,Warning,Maintenance inspection recommended soon.
ITA,380,1985,2352000.0,43.43,27.56,56.96,Universal Analysis Mode,Warning,Maintenance inspection recommended soon.
ITA,380,1986,2529000.0,22.22,14.43,55.09,Universal Analysis Mode,Warning,Maintenance inspection recommended soon.
ITA,380,1987,3935000.0,27.46,18.44,54.26,Universal Analysis Mode,Warning,Maintenance inspection recommended soon.
ITA,380,1988,4835000.0,21.42,14.92,52.66,Universal Analysis Mode,Warning,Maintenance inspection recommended soon.
ITA,380,1989,4605000.0,24.87,18.23,53.14,Universal Analysis Mode,Warning,Maintenance inspection recommended soon.
ITA,380,1990,4670000.0,30.88,23.73,51.99,Universal Analysis Mode,Warning,Maintenance inspection recommended soon.
ITA,380,1991,4330000.0,24.95,20.0,51.85,Universal Analysis Mode,Warning,Maintenance inspection recommended soon.
ITA,380,1992,4500000.0,23.39,19.32,50.25,Universal Analysis Mode,Warning,Maintenance inspection recommended soon.
ITA,380,1993,4640000.0,20.01,16.97,49.85,Universal Analysis Mode,Warning,Maintenance inspection recommended soon.
ITA,380,1994,4895000.0,18.26,15.82,49.27,Universal Analysis Mode,Warning,Maintenance inspection recommended soon.
ITA,380,1995,5235000.0,19.1,17.02,49.19,Universal Analysis Mode,Warning,Maintenance inspection recommended soon.
ITA,380,1996,5450000.0,22.48,20.67,49.99,Universal Analysis Mode,Warning,Maintenance inspection recommended soon.
ITA,380,1997,5950000.0,20.38,19.09,49.81,Universal Analysis Mode,Warning,Maintenance inspection recommended soon.
ITA,380,1998,5620000.0,13.62,12.72,48.56,Universal Analysis Mode,Warning,Maintenance inspection recommended soon.
ITA,380,1999,5015000.0,18.56,17.97,49.3,Universal Analysis Mode,Warning,Maintenance inspection recommended soon.
ITA,380,2000,4585000.0,28.5,28.5,52.68,Universal Analysis Mode,Warning,Maintenance inspection recommended soon.
ITA,380,2001,3907308.0,23.7,24.44,52.53,Universal Analysis Mode,Warning,Maintenance inspection recommended soon.
ITA,380,2002,4251009.67,23.72,25.02,52.08,Universal Analysis Mode,Warning,Maintenance inspection recommended soon.
ITA,380,2003,4773296.14,26.54,28.83,54.47,Universal Analysis Mode,Warning,Maintenance inspection recommended soon.
ITA,380,2004,5187500.17,34.3,38.26,55.05,Universal Analysis Mode,Warning,Maintenance inspection recommended soon.
ITA,380,2005,5707489.36,47.26,54.52,56.56,Universal Analysis Mode,Warning,Maintenance inspection recommended soon.
ITA,380,2006,5495055.01,55.37,65.14,55.79,Universal Analysis Mode,Warning,Maintenance inspection recommended soon.
ITA,380,2007,5375262.1,60.12,72.39,55.71,Universal Analysis Mode,Warning,Maintenance inspection recommended soon.
ITA,380,2008,4952650.84,77.79,97.26,56.47,Universal Analysis Mode,Warning,Maintenance inspection recommended soon.
ITA,380,2009,4122484.84,49.5,61.67,52.78,Universal Analysis Mode,Warning,Maintenance inspection recommended soon.
ITA,380,2010,4781072.9,62.78,79.5,51.97,Universal Analysis Mode,Warning,Maintenance inspection recommended soon.
ITA,380,2011,4939068.38,85.17,111.26,51.57,Universal Analysis Mode,Warning,Maintenance inspection recommended soon.
ITA,380,2012,5028167.06,83.75,111.67,50.38,Universal Analysis Mode,Warning,Maintenance inspection recommended soon.
ITA,380,2013,5068411.93,80.32,108.66,50.64,Universal Analysis Mode,Warning,Maintenance inspection recommended soon.
ITA,380,2014,5263518.87,71.97,98.95,57.58,Universal Analysis Mode,Warning,Maintenance inspection recommended soon.
JAM,388,1932,49800.0,10.86,0.87,28.19,Universal Analysis Mode,Healthy,Machine is safe. Continue regular monitoring.
JAM,388,1933,49800.0,8.82,0.67,28.18,Universal Analysis Mode,Healthy,Machine is safe. Continue regular monitoring.
JAM,388,1934,49800.0,12.72,1.0,28.66,Universal Analysis Mode,Healthy,Machine is safe. Continue regular monitoring.
JAM,388,1935,49800.0,12.04,0.97,28.31,Universal Analysis Mode,Healthy,Machine is safe. Continue regular monitoring.
JAM,388,1936,49800.0,13.38,1.09,28.61,Universal Analysis Mode,Healthy,Machine is safe. Continue regular monitoring.
JAM,388,1937,49800.0,13.98,1.18,28.38,Universal Analysis Mode,Healthy,Machine is safe. Continue regular monitoring.
JAM,388,1938,49800.0,13.66,1.13,28.42,Universal Analysis Mode,Healthy,Machine is safe. Continue regular monitoring.
JAM,388,1939,49800.0,12.5,1.02,28.35,Universal Analysis Mode,Healthy,Machine is safe. Continue regular monitoring.
JAM,388,1940,49800.0,12.38,1.02,28.27,Universal Analysis Mode,Healthy,Machine is safe. Continue regular monitoring.
JAM,388,1941,49800.0,13.18,1.14,28.3,Universal Analysis Mode,Healthy,Machine is safe. Continue regular monitoring.
JAM,388,1942,49800.0,12.42,1.19,28.12,Universal Analysis Mode,Healthy,Machine is safe. Continue regular monitoring.
JAM,388,1943,49800.0,11.81,1.2,27.87,Universal Analysis Mode,Healthy,Machine is safe. Continue regular monitoring.
JAM,388,1944,49800.0,11.71,1.21,27.83,Universal Analysis Mode,Healthy,Machine is safe. Continue regular monitoring.
JAM,388,1945,49800.0,9.93,1.05,27.49,Universal Analysis Mode,Healthy,Machine is safe. Continue regular monitoring.
JAM,388,1946,49800.0,9.77,1.12,27.39,Universal Analysis Mode,Healthy,Machine is safe. Continue regular monitoring.
JAM,388,1947,49800.0,14.48,1.9,28.34,Universal Analysis Mode,Healthy,Machine is safe. Continue regular monitoring.
JAM,388,1948,49800.0,14.07,1.99,28.37,Universal Analysis Mode,Healthy,Machine is safe. Continue regular monitoring.
JAM,388,1949,49800.0,12.71,1.78,27.92,Universal Analysis Mode,Healthy,Machine is safe. Continue regular monitoring.
JAM,388,1950,49800.0,12.08,1.71,27.75,Universal Analysis Mode,Healthy,Machine is safe. Continue regular monitoring.
JAM,388,1951,49800.0,11.2,1.71,27.56,Universal Analysis Mode,Healthy,Machine is safe. Continue regular monitoring.
JAM,388,1952,49800.0,10.96,1.71,27.54,Universal Analysis Mode,Healthy,Machine is safe. Continue regular monitoring.
JAM,388,1953,49800.0,12.27,1.93,28.04,Universal Analysis Mode,Healthy,Machine is safe. Continue regular monitoring.
JAM,388,1954,49800.0,12.21,1.93,27.94,Universal Analysis Mode,Healthy,Machine is safe. Continue regular monitoring.
JAM,388,1955,49800.0,12.27,1.93,27.59,Universal Analysis Mode,Healthy,Machine is safe. Continue regular monitoring.
JAM,388,1956,49800.0,12.07,1.93,27.57,Universal Analysis Mode,Healthy,Machine is safe. Continue regular monitoring.
JAM,388,1957,49800.0,11.48,1.9,27.3,Universal Analysis Mode,Healthy,Machine is safe. Continue regular monitoring.
JAM,388,1958,49800.0,12.25,2.08,27.75,Universal Analysis Mode,Healthy,Machine is safe. Continue regular monitoring.
JAM,388,1959,49800.0,12.14,2.08,27.77,Universal Analysis Mode,Healthy,Machine is safe. Continue regular monitoring.
JAM,388,1960,49800.0,10.91,1.9,27.71,Universal Analysis Mode,Healthy,Machine is safe. Continue regular monitoring.
JAM,388,1961,0.0,10.24,1.8,23.3,Universal Analysis Mode,Healthy,Machine is safe. Continue regular monitoring.
JAM,388,1962,0.0,10.12,1.8,24.97,Universal Analysis Mode,Healthy,Machine is safe. Continue regular monitoring.
JAM,388,1963,0.0,9.99,1.8,24.8,Universal Analysis Mode,Healthy,Machine is safe. Continue regular monitoring.
JAM,388,1964,0.0,9.86,1.8,23.89,Universal Analysis Mode,Healthy,Machine is safe. Continue regular monitoring.
JAM,388,1965,0.0,9.71,1.8,24.49,Universal Analysis Mode,Healthy,Machine is safe. Continue regular monitoring.
JAM,388,1966,0.0,9.41,1.8,23.84,Universal Analysis Mode,Healthy,Machine is safe. Continue regular monitoring.
JAM,388,1967,0.0,9.16,1.8,23.73,Universal Analysis Mode,Healthy,Machine is safe. Continue regular monitoring.
JAM,388,1968,0.0,8.8,1.8,23.49,Universal Analysis Mode,Healthy,Machine is safe. Continue regular monitoring.
JAM,388,1969,0.0,8.35,1.8,23.6,Universal Analysis Mode,Healthy,Machine is safe. Continue regular monitoring.
JAM,388,1970,0.0,7.88,1.8,23.34,Universal Analysis Mode,Healthy,Machine is safe. Continue regular monitoring.
JAM,388,1971,0.0,9.41,2.24,23.68,Universal Analysis Mode,Healthy,Machine is safe. Continue regular monitoring.
JAM,388,1972,0.0,10.09,2.48,23.69,Universal Analysis Mode,Healthy,Machine is safe. Continue regular monitoring.
JAM,388,1973,0.0,12.59,3.29,23.93,Universal Analysis Mode,Healthy,Machine is safe. Continue regular monitoring.
JAM,388,1974,0.0,39.93,11.58,25.8,Universal Analysis Mode,Healthy,Machine is safe. Continue regular monitoring.
JAM,388,1975,0.0,36.44,11.53,26.06,Universal Analysis Mode,Healthy,Machine is safe. Continue regular monitoring.
JAM,388,1976,0.0,38.23,12.8,27.65,Universal Analysis Mode,Healthy,Machine is safe. Continue regular monitoring.
JAM,388,1977,0.0,39.04,13.92,28.84,Universal Analysis Mode,Healthy,Machine is safe. Continue regular monitoring.
JAM,388,1978,0.0,36.54,14.02,28.51,Universal Analysis Mode,Healthy,Machine is safe. Continue regular monitoring.
JAM,388,1979,0.0,74.02,31.61,30.88,Universal Analysis Mode,Warning,Maintenance inspection recommended soon.
JAM,388,1980,0.0,75.97,36.83,32.11,Universal Analysis Mode,Warning,Maintenance inspection recommended soon.
JAM,388,1981,0.0,67.14,35.93,32.59,Universal Analysis Mode,Warning,Maintenance inspection recommended soon.
JAM,388,1982,0.0,58.02,32.97,32.68,Universal Analysis Mode,Warning,Maintenance inspection recommended soon.
JAM,388,1983,0.0,50.39,29.55,32.28,Universal Analysis Mode,Warning,Maintenance inspection recommended soon.
JAM,388,1984,0.0,45.82,28.78,31.9,Universal Analysis Mode,Warning,Maintenance inspection recommended soon.
JAM,388,1985,0.0,43.43,27.56,31.62,Universal Analysis Mode,Warning,Maintenance inspection recommended soon.
JAM,388,1986,0.0,22.22,14.43,26.43,Universal Analysis Mode,Healthy,Machine is safe. Continue regular monitoring.
JAM,388,1987,0.0,27.46,18.44,26.26,Universal Analysis Mode,Healthy,Machine is safe. Continue regular monitoring.
JAM,388,1988,0.0,21.42,14.92,23.94,Universal Analysis Mode,Healthy,Machine is safe. Continue regular monitoring.
JAM,388,1989,0.0,24.87,18.23,24.37,Universal Analysis Mode,Healthy,Machine is safe. Continue regular monitoring.
JAM,388,1990,0.0,30.88,23.73,25.51,Universal Analysis Mode,Healthy,Machine is safe. Continue regular monitoring.
JAM,388,1991,0.0,24.95,20.0,25.45,Universal Analysis Mode,Healthy,Machine is safe. Continue regular monitoring.
JAM,388,1992,0.0,23.39,19.32,23.86,Universal Analysis Mode,Healthy,Machine is safe. Continue regular monitoring.
JAM,388,1993,0.0,20.01,16.97,23.54,Universal Analysis Mode,Healthy,Machine is safe. Continue regular monitoring.
JAM,388,1994,0.0,18.26,15.82,23.0,Universal Analysis Mode,Healthy,Machine is safe. Continue regular monitoring.
JAM,388,1995,0.0,19.1,17.02,22.89,Universal Analysis Mode,Healthy,Machine is safe. Continue regular monitoring.
JAM,388,1996,0.0,22.48,20.67,23.62,Universal Analysis Mode,Healthy,Machine is safe. Continue regular monitoring.
JAM,388,1997,0.0,20.38,19.09,23.43,Universal Analysis Mode,Healthy,Machine is safe. Continue regular monitoring.
JAM,388,1998,0.0,13.62,12.72,22.43,Universal Analysis Mode,Healthy,Machine is safe. Continue regular monitoring.
JAM,388,1999,0.0,18.56,17.97,23.25,Universal Analysis Mode,Healthy,Machine is safe. Continue regular monitoring.
JAM,388,2000,0.0,28.5,28.5,26.29,Universal Analysis Mode,Healthy,Machine is safe. Continue regular monitoring.
JAM,388,2001,0.0,23.7,24.44,26.24,Universal Analysis Mode,Healthy,Machine is safe. Continue regular monitoring.
JAM,388,2002,0.0,23.72,25.02,25.81,Universal Analysis Mode,Healthy,Machine is safe. Continue regular monitoring.
JAM,388,2003,0.0,26.54,28.83,27.95,Universal Analysis Mode,Healthy,Machine is safe. Continue regular monitoring.
JAM,388,2004,0.0,34.3,38.26,28.45,Universal Analysis Mode,Healthy,Machine is safe. Continue regular monitoring.
JAM,388,2005,0.0,47.26,54.52,29.69,Universal Analysis Mode,Healthy,Machine is safe. Continue regular monitoring.
JAM,388,2006,0.0,55.37,65.14,29.01,Universal Analysis Mode,Healthy,Machine is safe. Continue regular monitoring.
JAM,388,2007,0.0,60.12,72.39,28.94,Universal Analysis Mode,Healthy,Machine is safe. Continue regular monitoring.
JAM,388,2008,0.0,77.79,97.26,29.56,Universal Analysis Mode,Healthy,Machine is safe. Continue regular monitoring.
JAM,388,2009,0.0,49.5,61.67,26.48,Universal Analysis Mode,Healthy,Machine is safe. Continue regular monitoring.
JAM,388,2010,0.0,62.78,79.5,27.52,Universal Analysis Mode,Healthy,Machine is safe. Continue regular monitoring.
JAM,388,2011,0.0,85.17,111.26,26.93,Universal Analysis Mode,Healthy,Machine is safe. Continue regular monitoring.
JAM,388,2012,0.0,83.75,111.67,25.8,Universal Analysis Mode,Healthy,Machine is safe. Continue regular monitoring.
JAM,388,2013,0.0,80.32,108.66,29.76,Universal Analysis Mode,Healthy,Machine is safe. Continue regular monitoring.
JAM,388,2014,0.0,71.97,98.95,30.8,Universal Analysis Mode,Warning,Maintenance inspection recommended soon.
JPN,392,1932,49800.0,10.86,0.87,33.42,Universal Analysis Mode,Warning,Maintenance inspection recommended soon.
JPN,392,1933,49800.0,8.82,0.67,33.4,Universal Analysis Mode,Warning,Maintenance inspection recommended soon.
JPN,392,1934,49800.0,12.72,1.0,33.89,Universal Analysis Mode,Warning,Maintenance inspection recommended soon.
JPN,392,1935,49800.0,12.04,0.97,33.54,Universal Analysis Mode,Warning,Maintenance inspection recommended soon.
JPN,392,1936,49800.0,13.38,1.09,33.85,Universal Analysis Mode,Warning,Maintenance inspection recommended soon.
JPN,392,1937,49800.0,13.98,1.18,33.62,Universal Analysis Mode,Warning,Maintenance inspection recommended soon.
JPN,392,1938,49800.0,13.66,1.13,33.65,Universal Analysis Mode,Warning,Maintenance inspection recommended soon.
JPN,392,1939,49800.0,12.5,1.02,33.57,Universal Analysis Mode,Warning,Maintenance inspection recommended soon.
JPN,392,1940,49800.0,12.38,1.02,33.5,Universal Analysis Mode,Warning,Maintenance inspection recommended soon.
JPN,392,1941,49800.0,13.18,1.14,33.53,Universal Analysis Mode,Warning,Maintenance inspection recommended soon.
JPN,392,1942,49800.0,12.42,1.19,33.35,Universal Analysis Mode,Warning,Maintenance inspection recommended soon.
JPN,392,1943,49800.0,11.81,1.2,33.1,Universal Analysis Mode,Warning,Maintenance inspection recommended soon.
JPN,392,1944,49800.0,11.71,1.21,33.06,Universal Analysis Mode,Warning,Maintenance inspection recommended soon.
JPN,392,1945,49800.0,9.93,1.05,32.71,Universal Analysis Mode,Warning,Maintenance inspection recommended soon.
JPN,392,1946,49800.0,9.77,1.12,32.61,Universal Analysis Mode,Warning,Maintenance inspection recommended soon.
JPN,392,1947,49800.0,14.48,1.9,33.56,Universal Analysis Mode,Warning,Maintenance inspection recommended soon.
JPN,392,1948,49800.0,14.07,1.99,33.59,Universal Analysis Mode,Warning,Maintenance inspection recommended soon.
JPN,392,1949,49800.0,12.71,1.78,33.15,Universal Analysis Mode,Warning,Maintenance inspection recommended soon.
JPN,392,1950,49800.0,12.08,1.71,32.98,Universal Analysis Mode,Warning,Maintenance inspection recommended soon.
JPN,392,1951,49800.0,11.2,1.71,32.79,Universal Analysis Mode,Warning,Maintenance inspection recommended soon.
JPN,392,1952,49800.0,10.96,1.71,32.77,Universal Analysis Mode,Warning,Maintenance inspection recommended soon.
JPN,392,1953,49800.0,12.27,1.93,33.27,Universal Analysis Mode,Warning,Maintenance inspection recommended soon.
JPN,392,1954,49800.0,12.21,1.93,33.17,Universal Analysis Mode,Warning,Maintenance inspection recommended soon.
JPN,392,1955,49800.0,12.27,1.93,34.09,Universal Analysis Mode,Warning,Maintenance inspection recommended soon.
JPN,392,1956,49800.0,12.07,1.93,35.18,Universal Analysis Mode,Warning,Maintenance inspection recommended soon.
JPN,392,1957,49800.0,11.48,1.9,35.03,Universal Analysis Mode,Warning,Maintenance inspection recommended soon.
JPN,392,1958,49800.0,12.25,2.08,36.37,Universal Analysis Mode,Warning,Maintenance inspection recommended soon.
JPN,392,1959,49800.0,12.14,2.08,36.87,Universal Analysis Mode,Warning,Maintenance inspection recommended soon.
JPN,392,1960,497953.6,10.91,1.9,43.86,Universal Analysis Mode,Warning,Maintenance inspection recommended soon.
JPN,392,1961,547748.9,10.24,1.8,44.4,Universal Analysis Mode,Warning,Maintenance inspection recommended soon.
JPN,392,1962,597544.3,10.12,1.8,46.45,Universal Analysis Mode,Warning,Maintenance inspection recommended soon.
JPN,392,1963,647339.7,9.99,1.8,46.94,Universal Analysis Mode,Warning,Maintenance inspection recommended soon.
JPN,392,1964,697135.1,9.86,1.8,46.24,Universal Analysis Mode,Warning,Maintenance inspection recommended soon.
JPN,392,1965,746930.4,9.71,1.8,47.02,Universal Analysis Mode,Warning,Maintenance inspection recommended soon.
JPN,392,1966,746930.4,9.41,1.8,46.3,Universal Analysis Mode,Warning,Maintenance inspection recommended soon.
JPN,392,1967,746930.4,9.16,1.8,46.12,Universal Analysis Mode,Warning,Maintenance inspection recommended soon.
JPN,392,1968,746930.4,8.8,1.8,45.8,Universal Analysis Mode,Warning,Maintenance inspection recommended soon.
JPN,392,1969,746930.4,8.35,1.8,45.9,Universal Analysis Mode,Warning,Maintenance inspection recommended soon.
JPN,392,1970,746930.4,7.88,1.8,45.67,Universal Analysis Mode,Warning,Maintenance inspection recommended soon.
JPN,392,1971,754155.6,9.41,2.24,46.62,Universal Analysis Mode,Warning,Maintenance inspection recommended soon.
JPN,392,1972,714872.4,10.09,2.48,46.7,Universal Analysis Mode,Warning,Maintenance inspection recommended soon.
JPN,392,1973,703000.0,12.59,3.29,47.78,Universal Analysis Mode,Warning,Maintenance inspection recommended soon.
JPN,392,1974,675000.0,39.93,11.58,50.39,Universal Analysis Mode,Warning,Maintenance inspection recommended soon.
JPN,392,1975,606000.0,36.44,11.53,50.65,Universal Analysis Mode,Warning,Maintenance inspection recommended soon.
JPN,392,1976,580000.0,38.23,12.8,52.63,Universal Analysis Mode,Warning,Maintenance inspection recommended soon.
JPN,392,1977,586000.0,39.04,13.92,54.44,Universal Analysis Mode,Warning,Maintenance inspection recommended soon.
JPN,392,1978,535000.0,36.54,14.02,53.65,Universal Analysis Mode,Warning,Maintenance inspection recommended soon.
JPN,392,1979,482000.0,74.02,31.61,56.85,Universal Analysis Mode,Warning,Maintenance inspection recommended soon.
JPN,392,1980,521000.0,75.97,36.83,58.52,Universal Analysis Mode,Warning,Maintenance inspection recommended soon.
JPN,392,1981,487000.0,67.14,35.93,59.14,Universal Analysis Mode,Warning,Maintenance inspection recommended soon.
JPN,392,1982,491000.0,58.02,32.97,59.11,Universal Analysis Mode,Warning,Maintenance inspection recommended soon.
JPN,392,1983,517000.0,50.39,29.55,58.38,Universal Analysis Mode,Warning,Maintenance inspection recommended soon.
JPN,392,1984,506000.0,45.82,28.78,54.57,Universal Analysis Mode,Warning,Maintenance inspection recommended soon.
JPN,392,1985,634000.0,43.43,27.56,54.38,Universal Analysis Mode,Warning,Maintenance inspection recommended soon.
JPN,392,1986,728000.0,22.22,14.43,51.1,Universal Analysis Mode,Warning,Maintenance inspection recommended soon.
JPN,392,1987,713000.0,27.46,18.44,49.77,Universal Analysis Mode,Warning,Maintenance inspection recommended soon.
JPN,392,1988,707000.0,21.42,14.92,47.77,Universal Analysis Mode,Warning,Maintenance inspection recommended soon.
JPN,392,1989,667000.0,24.87,18.23,48.21,Universal Analysis Mode,Warning,Maintenance inspection recommended soon.
JPN,392,1990,540000.0,30.88,23.73,46.18,Universal Analysis Mode,Warning,Maintenance inspection recommended soon.
JPN,392,1991,516000.0,24.95,20.0,46.44,Universal Analysis Mode,Warning,Maintenance inspection recommended soon.
JPN,392,1992,625000.0,23.39,19.32,44.67,Universal Analysis Mode,Warning,Maintenance inspection recommended soon.
JPN,392,1993,570000.0,20.01,16.97,44.11,Universal Analysis Mode,Warning,Maintenance inspection recommended soon.
JPN,392,1994,543000.0,18.26,15.82,43.35,Universal Analysis Mode,Warning,Maintenance inspection recommended soon.
JPN,392,1995,531000.0,19.1,17.02,43.2,Universal Analysis Mode,Warning,Maintenance inspection recommended soon.
JPN,392,1996,518000.0,22.48,20.67,44.03,Universal Analysis Mode,Warning,Maintenance inspection recommended soon.
JPN,392,1997,498000.0,20.38,19.09,43.86,Universal Analysis Mode,Warning,Maintenance inspection recommended soon.
JPN,392,1998,450000.0,13.62,12.72,41.78,Universal Analysis Mode,Warning,Maintenance inspection recommended soon.
JPN,392,1999,378000.0,18.56,17.97,42.71,Universal Analysis Mode,Warning,Maintenance inspection recommended soon.
JPN,392,2000,337000.0,28.5,28.5,47.25,Universal Analysis Mode,Warning,Maintenance inspection recommended soon.
JPN,392,2001,315445.65,23.7,24.44,48.12,Universal Analysis Mode,Warning,Maintenance inspection recommended soon.
JPN,392,2002,265509.2,23.72,25.02,47.28,Universal Analysis Mode,Warning,Maintenance inspection recommended soon.
JPN,392,2003,249000.0,26.54,28.83,50.24,Universal Analysis Mode,Warning,Maintenance inspection recommended soon.
JPN,392,2004,298800.0,34.3,38.26,51.6,Universal Analysis Mode,Warning,Maintenance inspection recommended soon.
JPN,392,2005,327724.84,47.26,54.52,53.18,Universal Analysis Mode,Warning,Maintenance inspection recommended soon.
JPN,392,2006,298800.0,55.37,65.14,52.15,Universal Analysis Mode,Warning,Maintenance inspection recommended soon.
JPN,392,2007,282154.35,60.12,72.39,51.95,Universal Analysis Mode,Warning,Maintenance inspection recommended soon.
JPN,392,2008,298800.0,77.79,97.26,52.99,Universal Analysis Mode,Warning,Maintenance inspection recommended soon.
JPN,392,2009,265372.75,49.5,61.67,48.19,Universal Analysis Mode,Warning,Maintenance inspection recommended soon.
JPN,392,2010,248727.1,62.78,79.5,47.22,Universal Analysis Mode,Warning,Maintenance inspection recommended soon.
JPN,392,2011,249000.0,85.17,111.26,46.6,Universal Analysis Mode,Warning,Maintenance inspection recommended soon.
JPN,392,2012,249000.0,83.75,111.67,44.85,Universal Analysis Mode,Warning,Maintenance inspection recommended soon.
JPN,392,2013,232354.35,80.32,108.66,45.32,Universal Analysis Mode,Warning,Maintenance inspection recommended soon.
JPN,392,2014,232354.35,71.97,98.95,55.05,Universal Analysis Mode,Warning,Maintenance inspection recommended soon.
JOR,400,1932,49800.0,10.86,0.87,29.04,Universal Analysis Mode,Healthy,Machine is safe. Continue regular monitoring.
JOR,400,1933,49800.0,8.82,0.67,29.02,Universal Analysis Mode,Healthy,Machine is safe. Continue regular monitoring.
JOR,400,1934,49800.0,12.72,1.0,29.5,Universal Analysis Mode,Healthy,Machine is safe. Continue regular monitoring.
JOR,400,1935,49800.0,12.04,0.97,29.15,Universal Analysis Mode,Healthy,Machine is safe. Continue regular monitoring.
JOR,400,1936,49800.0,13.38,1.09,29.45,Universal Analysis Mode,Healthy,Machine is safe. Continue regular monitoring.
JOR,400,1937,49800.0,13.98,1.18,29.22,Universal Analysis Mode,Healthy,Machine is safe. Continue regular monitoring.
JOR,400,1938,49800.0,13.66,1.13,29.25,Universal Analysis Mode,Healthy,Machine is safe. Continue regular monitoring.
JOR,400,1939,49800.0,12.5,1.02,29.17,Universal Analysis Mode,Healthy,Machine is safe. Continue regular monitoring.
JOR,400,1940,49800.0,12.38,1.02,29.1,Universal Analysis Mode,Healthy,Machine is safe. Continue regular monitoring.
JOR,400,1941,49800.0,13.18,1.14,29.12,Universal Analysis Mode,Healthy,Machine is safe. Continue regular monitoring.
JOR,400,1942,49800.0,12.42,1.19,28.94,Universal Analysis Mode,Healthy,Machine is safe. Continue regular monitoring.
JOR,400,1943,49800.0,11.81,1.2,28.68,Universal Analysis Mode,Healthy,Machine is safe. Continue regular monitoring.
JOR,400,1944,49800.0,11.71,1.21,28.64,Universal Analysis Mode,Healthy,Machine is safe. Continue regular monitoring.
JOR,400,1945,49800.0,9.93,1.05,28.3,Universal Analysis Mode,Healthy,Machine is safe. Continue regular monitoring.
JOR,400,1946,49800.0,9.77,1.12,29.0,Universal Analysis Mode,Healthy,Machine is safe. Continue regular monitoring.
JOR,400,1947,49800.0,14.48,1.9,29.95,Universal Analysis Mode,Healthy,Machine is safe. Continue regular monitoring.
JOR,400,1948,49800.0,14.07,1.99,29.98,Universal Analysis Mode,Healthy,Machine is safe. Continue regular monitoring.
JOR,400,1949,49800.0,12.71,1.78,29.53,Universal Analysis Mode,Healthy,Machine is safe. Continue regular monitoring.
JOR,400,1950,49800.0,12.08,1.71,28.42,Universal Analysis Mode,Healthy,Machine is safe. Continue regular monitoring.
JOR,400,1951,49800.0,11.2,1.71,28.23,Universal Analysis Mode,Healthy,Machine is safe. Continue regular monitoring.
JOR,400,1952,49800.0,10.96,1.71,28.22,Universal Analysis Mode,Healthy,Machine is safe. Continue regular monitoring.
JOR,400,1953,49800.0,12.27,1.93,28.73,Universal Analysis Mode,Healthy,Machine is safe. Continue regular monitoring.
JOR,400,1954,49800.0,12.21,1.93,28.64,Universal Analysis Mode,Healthy,Machine is safe. Continue regular monitoring.
JOR,400,1955,49800.0,12.27,1.93,28.29,Universal Analysis Mode,Healthy,Machine is safe. Continue regular monitoring.
JOR,400,1956,49800.0,12.07,1.93,28.27,Universal Analysis Mode,Healthy,Machine is safe. Continue regular monitoring.
JOR,400,1957,49800.0,11.48,1.9,28.0,Universal Analysis Mode,Healthy,Machine is safe. Continue regular monitoring.
JOR,400,1958,49800.0,12.25,2.08,28.46,Universal Analysis Mode,Healthy,Machine is safe. Continue regular monitoring.
JOR,400,1959,49800.0,12.14,2.08,28.48,Universal Analysis Mode,Healthy,Machine is safe. Continue regular monitoring.
JOR,400,1960,0.0,10.91,1.9,24.07,Universal Analysis Mode,Healthy,Machine is safe. Continue regular monitoring.
JOR,400,1961,0.0,10.24,1.8,24.01,Universal Analysis Mode,Healthy,Machine is safe. Continue regular monitoring.
JOR,400,1962,0.0,10.12,1.8,24.88,Universal Analysis Mode,Healthy,Machine is safe. Continue regular monitoring.
JOR,400,1963,0.0,9.99,1.8,24.71,Universal Analysis Mode,Healthy,Machine is safe. Continue regular monitoring.
JOR,400,1964,0.0,9.86,1.8,23.79,Universal Analysis Mode,Healthy,Machine is safe. Continue regular monitoring.
JOR,400,1965,0.0,9.71,1.8,24.4,Universal Analysis Mode,Healthy,Machine is safe. Continue regular monitoring.
JOR,400,1966,0.0,9.41,1.8,23.75,Universal Analysis Mode,Healthy,Machine is safe. Continue regular monitoring.
JOR,400,1967,0.0,9.16,1.8,23.66,Universal Analysis Mode,Healthy,Machine is safe. Continue regular monitoring.
JOR,400,1968,0.0,8.8,1.8,23.43,Universal Analysis Mode,Healthy,Machine is safe. Continue regular monitoring.
JOR,400,1969,0.0,8.35,1.8,23.55,Universal Analysis Mode,Healthy,Machine is safe. Continue regular monitoring.
JOR,400,1970,0.0,7.88,1.8,23.3,Universal Analysis Mode,Healthy,Machine is safe. Continue regular monitoring.
JOR,400,1971,0.0,9.41,2.24,23.64,Universal Analysis Mode,Healthy,Machine is safe. Continue regular monitoring.
JOR,400,1972,0.0,10.09,2.48,23.66,Universal Analysis Mode,Healthy,Machine is safe. Continue regular monitoring.
JOR,400,1973,0.0,12.59,3.29,23.89,Universal Analysis Mode,Healthy,Machine is safe. Continue regular monitoring.
JOR,400,1974,0.0,39.93,11.58,25.77,Universal Analysis Mode,Healthy,Machine is safe. Continue regular monitoring.
JOR,400,1975,0.0,36.44,11.53,26.04,Universal Analysis Mode,Healthy,Machine is safe. Continue regular monitoring.
JOR,400,1976,0.0,38.23,12.8,27.63,Universal Analysis Mode,Healthy,Machine is safe. Continue regular monitoring.
JOR,400,1977,0.0,39.04,13.92,28.83,Universal Analysis Mode,Healthy,Machine is safe. Continue regular monitoring.
JOR,400,1978,0.0,36.54,14.02,28.5,Universal Analysis Mode,Healthy,Machine is safe. Continue regular monitoring.
JOR,400,1979,0.0,74.02,31.61,30.89,Universal Analysis Mode,Warning,Maintenance inspection recommended soon.
JOR,400,1980,0.0,75.97,36.83,32.12,Universal Analysis Mode,Warning,Maintenance inspection recommended soon.
JOR,400,1981,0.0,67.14,35.93,32.61,Universal Analysis Mode,Warning,Maintenance inspection recommended soon.
JOR,400,1982,0.0,58.02,32.97,32.7,Universal Analysis Mode,Warning,Maintenance inspection recommended soon.
JOR,400,1983,0.0,50.39,29.55,32.31,Universal Analysis Mode,Warning,Maintenance inspection recommended soon.
JOR,400,1984,0.0,45.82,28.78,31.94,Universal Analysis Mode,Warning,Maintenance inspection recommended soon.
JOR,400,1985,2864.4,43.43,27.56,33.98,Universal Analysis Mode,Warning,Maintenance inspection recommended soon.
JOR,400,1986,15000.0,22.22,14.43,29.07,Universal Analysis Mode,Healthy,Machine is safe. Continue regular monitoring.
JOR,400,1987,21000.0,27.46,18.44,30.04,Universal Analysis Mode,Warning,Maintenance inspection recommended soon.
JOR,400,1988,7000.0,21.42,14.92,26.13,Universal Analysis Mode,Healthy,Machine is safe. Continue regular monitoring.
JOR,400,1989,11000.0,24.87,18.23,27.07,Universal Analysis Mode,Healthy,Machine is safe. Continue regular monitoring.
JOR,400,1990,16000.0,30.88,23.73,30.0,Universal Analysis Mode,Warning,Maintenance inspection recommended soon.
JOR,400,1991,7000.0,24.95,20.0,27.72,Universal Analysis Mode,Healthy,Machine is safe. Continue regular monitoring.
JOR,400,1992,3000.0,23.39,19.32,26.31,Universal Analysis Mode,Healthy,Machine is safe. Continue regular monitoring.
JOR,400,1993,4000.0,20.01,16.97,35.81,Universal Analysis Mode,Warning,Maintenance inspection recommended soon.
JOR,400,1994,4000.0,18.26,15.82,35.12,Universal Analysis Mode,Warning,Maintenance inspection recommended soon.
JOR,400,1995,1000.0,19.1,17.02,34.91,Universal Analysis Mode,Warning,Maintenance inspection recommended soon.
JOR,400,1996,2000.0,22.48,20.67,33.99,Universal Analysis Mode,Warning,Maintenance inspection recommended soon.
JOR,400,1997,2000.0,20.38,19.09,34.87,Universal Analysis Mode,Warning,Maintenance inspection recommended soon.
JOR,400,1998,2000.0,13.62,12.72,33.21,Universal Analysis Mode,Warning,Maintenance inspection recommended soon.
JOR,400,1999,2000.0,18.56,17.97,34.07,Universal Analysis Mode,Warning,Maintenance inspection recommended soon.
JOR,400,2000,2000.0,28.5,28.5,39.18,Universal Analysis Mode,Warning,Maintenance inspection recommended soon.
JOR,400,2001,1992.0,23.7,24.44,39.3,Universal Analysis Mode,Warning,Maintenance inspection recommended soon.
JOR,400,2002,996.0,23.72,25.02,38.8,Universal Analysis Mode,Warning,Maintenance inspection recommended soon.
JOR,400,2003,996.0,26.54,28.83,39.13,Universal Analysis Mode,Warning,Maintenance inspection recommended soon.
JOR,400,2004,996.0,34.3,38.26,39.54,Universal Analysis Mode,Warning,Maintenance inspection recommended soon.
JOR,400,2005,996.0,47.26,54.52,41.24,Universal Analysis Mode,Warning,Maintenance inspection recommended soon.
JOR,400,2006,996.0,55.37,65.14,40.03,Universal Analysis Mode,Warning,Maintenance inspection recommended soon.
JOR,400,2007,996.0,60.12,72.39,39.46,Universal Analysis Mode,Warning,Maintenance inspection recommended soon.
JOR,400,2008,996.0,77.79,97.26,40.53,Universal Analysis Mode,Warning,Maintenance inspection recommended soon.
JOR,400,2009,996.0,49.5,61.67,35.46,Universal Analysis Mode,Warning,Maintenance inspection recommended soon.
JOR,400,2010,996.0,62.78,79.5,35.98,Universal Analysis Mode,Warning,Maintenance inspection recommended soon.
JOR,400,2011,996.0,85.17,111.26,35.24,Universal Analysis Mode,Warning,Maintenance inspection recommended soon.
JOR,400,2012,1095.6,83.75,111.67,31.67,Universal Analysis Mode,Warning,Maintenance inspection recommended soon.
JOR,400,2013,1095.6,80.32,108.66,37.36,Universal Analysis Mode,Warning,Maintenance inspection recommended soon.
JOR,400,2014,1095.6,71.97,98.95,41.74,Universal Analysis Mode,Warning,Maintenance inspection recommended soon.
KAZ,398,1932,49800.0,10.86,0.87,29.03,Universal Analysis Mode,Healthy,Machine is safe. Continue regular monitoring.
KAZ,398,1933,49800.0,8.82,0.67,29.01,Universal Analysis Mode,Healthy,Machine is safe. Continue regular monitoring.
KAZ,398,1934,49800.0,12.72,1.0,29.49,Universal Analysis Mode,Healthy,Machine is safe. Continue regular monitoring.
KAZ,398,1935,49800.0,12.04,0.97,29.14,Universal Analysis Mode,Healthy,Machine is safe. Continue regular monitoring.
KAZ,398,1936,49800.0,13.38,1.09,29.44,Universal Analysis Mode,Healthy,Machine is safe. Continue regular monitoring.
KAZ,398,1937,49800.0,13.98,1.18,29.21,Universal Analysis Mode,Healthy,Machine is safe. Continue regular monitoring.
KAZ,398,1938,49800.0,13.66,1.13,29.24,Universal Analysis Mode,Healthy,Machine is safe. Continue regular monitoring.
KAZ,398,1939,49800.0,12.5,1.02,29.16,Universal Analysis Mode,Healthy,Machine is safe. Continue regular monitoring.
KAZ,398,1940,49800.0,12.38,1.02,29.09,Universal Analysis Mode,Healthy,Machine is safe. Continue regular monitoring.
KAZ,398,1941,49800.0,13.18,1.14,29.12,Universal Analysis Mode,Healthy,Machine is safe. Continue regular monitoring.
KAZ,398,1942,49800.0,12.42,1.19,28.93,Universal Analysis Mode,Healthy,Machine is safe. Continue regular monitoring.
KAZ,398,1943,49800.0,11.81,1.2,28.68,Universal Analysis Mode,Healthy,Machine is safe. Continue regular monitoring.
KAZ,398,1944,49800.0,11.71,1.21,28.63,Universal Analysis Mode,Healthy,Machine is safe. Continue regular monitoring.
KAZ,398,1945,49800.0,9.93,1.05,28.29,Universal Analysis Mode,Healthy,Machine is safe. Continue regular monitoring.
KAZ,398,1946,49800.0,9.77,1.12,28.19,Universal Analysis Mode,Healthy,Machine is safe. Continue regular monitoring.
KAZ,398,1947,49800.0,14.48,1.9,29.13,Universal Analysis Mode,Healthy,Machine is safe. Continue regular monitoring.
KAZ,398,1948,49800.0,14.07,1.99,29.16,Universal Analysis Mode,Healthy,Machine is safe. Continue regular monitoring.
KAZ,398,1949,49800.0,12.71,1.78,28.71,Universal Analysis Mode,Healthy,Machine is safe. Continue regular monitoring.
KAZ,398,1950,49800.0,12.08,1.71,28.93,Universal Analysis Mode,Healthy,Machine is safe. Continue regular monitoring.
KAZ,398,1951,49800.0,11.2,1.71,28.77,Universal Analysis Mode,Healthy,Machine is safe. Continue regular monitoring.
KAZ,398,1952,49800.0,10.96,1.71,28.78,Universal Analysis Mode,Healthy,Machine is safe. Continue regular monitoring.
KAZ,398,1953,49800.0,12.27,1.93,29.31,Universal Analysis Mode,Healthy,Machine is safe. Continue regular monitoring.
KAZ,398,1954,49800.0,12.21,1.93,29.25,Universal Analysis Mode,Healthy,Machine is safe. Continue regular monitoring.
KAZ,398,1955,49800.0,12.27,1.93,28.97,Universal Analysis Mode,Healthy,Machine is safe. Continue regular monitoring.
KAZ,398,1956,49800.0,12.07,1.93,29.02,Universal Analysis Mode,Healthy,Machine is safe. Continue regular monitoring.
KAZ,398,1957,49800.0,11.48,1.9,28.79,Universal Analysis Mode,Healthy,Machine is safe. Continue regular monitoring.
KAZ,398,1958,49800.0,12.25,2.08,29.29,Universal Analysis Mode,Healthy,Machine is safe. Continue regular monitoring.
KAZ,398,1959,49800.0,12.14,2.08,29.37,Universal Analysis Mode,Healthy,Machine is safe. Continue regular monitoring.
KAZ,398,1960,49800.0,10.91,1.9,29.38,Universal Analysis Mode,Healthy,Machine is safe. Continue regular monitoring.
KAZ,398,1961,49800.0,10.24,1.8,29.4,Universal Analysis Mode,Healthy,Machine is safe. Continue regular monitoring.
KAZ,398,1962,49800.0,10.12,1.8,30.32,Universal Analysis Mode,Warning,Maintenance inspection recommended soon.
KAZ,398,1963,49800.0,9.99,1.8,30.19,Universal Analysis Mode,Warning,Maintenance inspection recommended soon.
KAZ,398,1964,49800.0,9.86,1.8,29.3,Universal Analysis Mode,Healthy,Machine is safe. Continue regular monitoring.
KAZ,398,1965,49800.0,9.71,1.8,29.94,Universal Analysis Mode,Healthy,Machine is safe. Continue regular monitoring.
KAZ,398,1966,49800.0,9.41,1.8,29.31,Universal Analysis Mode,Healthy,Machine is safe. Continue regular monitoring.
KAZ,398,1967,49800.0,9.16,1.8,29.22,Universal Analysis Mode,Healthy,Machine is safe. Continue regular monitoring.
KAZ,398,1968,49800.0,8.8,1.8,29.0,Universal Analysis Mode,Healthy,Machine is safe. Continue regular monitoring.
KAZ,398,1969,49800.0,8.35,1.8,29.13,Universal Analysis Mode,Healthy,Machine is safe. Continue regular monitoring.
KAZ,398,1970,49800.0,7.88,1.8,28.9,Universal Analysis Mode,Healthy,Machine is safe. Continue regular monitoring.
KAZ,398,1971,49800.0,9.41,2.24,29.25,Universal Analysis Mode,Healthy,Machine is safe. Continue regular monitoring.
KAZ,398,1972,49800.0,10.09,2.48,29.28,Universal Analysis Mode,Healthy,Machine is safe. Continue regular monitoring.
KAZ,398,1973,49800.0,12.59,3.29,29.53,Universal Analysis Mode,Healthy,Machine is safe. Continue regular monitoring.
KAZ,398,1974,49800.0,39.93,11.58,31.42,Universal Analysis Mode,Warning,Maintenance inspection recommended soon.
KAZ,398,1975,49800.0,36.44,11.53,31.7,Universal Analysis Mode,Warning,Maintenance inspection recommended soon.
KAZ,398,1976,49800.0,38.23,12.8,33.29,Universal Analysis Mode,Warning,Maintenance inspection recommended soon.
KAZ,398,1977,49800.0,39.04,13.92,34.51,Universal Analysis Mode,Warning,Maintenance inspection recommended soon.
KAZ,398,1978,49800.0,36.54,14.02,34.19,Universal Analysis Mode,Warning,Maintenance inspection recommended soon.
KAZ,398,1979,49800.0,74.02,31.61,36.58,Universal Analysis Mode,Warning,Maintenance inspection recommended soon.
KAZ,398,1980,49800.0,75.97,36.83,37.82,Universal Analysis Mode,Warning,Maintenance inspection recommended soon.
KAZ,398,1981,49800.0,67.14,35.93,38.32,Universal Analysis Mode,Warning,Maintenance inspection recommended soon.
KAZ,398,1982,49800.0,58.02,32.97,38.42,Universal Analysis Mode,Warning,Maintenance inspection recommended soon.
KAZ,398,1983,49800.0,50.39,29.55,38.04,Universal Analysis Mode,Warning,Maintenance inspection recommended soon.
KAZ,398,1984,49800.0,45.82,28.78,37.68,Universal Analysis Mode,Warning,Maintenance inspection recommended soon.
KAZ,398,1985,22700000.0,43.43,27.56,55.03,Universal Analysis Mode,Warning,Maintenance inspection recommended soon.
KAZ,398,1986,23300000.0,22.22,14.43,52.25,Universal Analysis Mode,Warning,Maintenance inspection recommended soon.
KAZ,398,1987,24100000.0,27.46,18.44,54.88,Universal Analysis Mode,Warning,Maintenance inspection recommended soon.
KAZ,398,1988,25000000.0,21.42,14.92,53.2,Universal Analysis Mode,Warning,Maintenance inspection recommended soon.
KAZ,398,1989,25400000.0,24.87,18.23,53.74,Universal Analysis Mode,Warning,Maintenance inspection recommended soon.
KAZ,398,1990,25800000.0,30.88,23.73,55.93,Universal Analysis Mode,Warning,Maintenance inspection recommended soon.
KAZ,398,1991,26600000.0,24.95,20.0,56.6,Universal Analysis Mode,Warning,Maintenance inspection recommended soon.
KAZ,398,1992,25800000.0,23.39,19.32,56.84,Universal Analysis Mode,Warning,Maintenance inspection recommended soon.
KAZ,398,1993,23000000.0,20.01,16.97,56.29,Universal Analysis Mode,Warning,Maintenance inspection recommended soon.
KAZ,398,1994,20300000.0,18.26,15.82,53.93,Universal Analysis Mode,Warning,Maintenance inspection recommended soon.
KAZ,398,1995,20600000.0,19.1,17.02,55.37,Universal Analysis Mode,Warning,Maintenance inspection recommended soon.
KAZ,398,1996,23000000.0,22.48,20.67,56.33,Universal Analysis Mode,Warning,Maintenance inspection recommended soon.
KAZ,398,1997,25800000.0,20.38,19.09,56.32,Universal Analysis Mode,Warning,Maintenance inspection recommended soon.
KAZ,398,1998,25900000.0,13.62,12.72,54.98,Universal Analysis Mode,Warning,Maintenance inspection recommended soon.
KAZ,398,1999,30100000.0,18.56,17.97,56.07,Universal Analysis Mode,Warning,Maintenance inspection recommended soon.
KAZ,398,2000,35300000.0,28.5,28.5,59.84,Universal Analysis Mode,Warning,Maintenance inspection recommended soon.
KAZ,398,2001,40600000.0,23.7,24.44,59.79,Universal Analysis Mode,Warning,Maintenance inspection recommended soon.
KAZ,398,2002,46800000.0,23.72,25.02,59.65,Universal Analysis Mode,Warning,Maintenance inspection recommended soon.
KAZ,398,2003,51100000.0,26.54,28.83,62.03,Universal Analysis Mode,Warning,Maintenance inspection recommended soon.
KAZ,398,2004,59900000.0,34.3,38.26,62.7,Universal Analysis Mode,Warning,Maintenance inspection recommended soon.
KAZ,398,2005,64200000.0,47.26,54.52,64.19,Universal Analysis Mode,Warning,Maintenance inspection recommended soon.
KAZ,398,2006,65400000.0,55.37,65.14,63.6,Universal Analysis Mode,Warning,Maintenance inspection recommended soon.
KAZ,398,2007,67749152.55,60.12,72.39,63.72,Universal Analysis Mode,Warning,Maintenance inspection recommended soon.
KAZ,398,2008,67001956.84,77.79,97.26,64.72,Universal Analysis Mode,Warning,Maintenance inspection recommended soon.
KAZ,398,2009,72466517.81,49.5,61.67,67.3,Universal Analysis Mode,Warning,Maintenance inspection recommended soon.
KAZ,398,2010,75954893.27,62.78,79.5,67.36,Universal Analysis Mode,Warning,Maintenance inspection recommended soon.
KAZ,398,2011,77336262.1,85.17,111.26,61.05,Universal Analysis Mode,Warning,Maintenance inspection recommended soon.
KAZ,398,2012,75420875.42,83.75,111.67,65.75,Universal Analysis Mode,Warning,Maintenance inspection recommended soon.
KAZ,398,2013,78330351.77,80.32,108.66,59.93,Universal Analysis Mode,Warning,Maintenance inspection recommended soon.
KAZ,398,2014,81277420.16,71.97,98.95,58.65,Universal Analysis Mode,Warning,Maintenance inspection recommended soon.
KEN,404,1932,49800.0,10.86,0.87,29.04,Universal Analysis Mode,Healthy,Machine is safe. Continue regular monitoring.
KEN,404,1933,49800.0,8.82,0.67,29.02,Universal Analysis Mode,Healthy,Machine is safe. Continue regular monitoring.
KEN,404,1934,49800.0,12.72,1.0,29.5,Universal Analysis Mode,Healthy,Machine is safe. Continue regular monitoring.
KEN,404,1935,49800.0,12.04,0.97,29.15,Universal Analysis Mode,Healthy,Machine is safe. Continue regular monitoring.
KEN,404,1936,49800.0,13.38,1.09,29.46,Universal Analysis Mode,Healthy,Machine is safe. Continue regular monitoring.
KEN,404,1937,49800.0,13.98,1.18,29.22,Universal Analysis Mode,Healthy,Machine is safe. Continue regular monitoring.
KEN,404,1938,49800.0,13.66,1.13,29.25,Universal Analysis Mode,Healthy,Machine is safe. Continue regular monitoring.
KEN,404,1939,49800.0,12.5,1.02,29.18,Universal Analysis Mode,Healthy,Machine is safe. Continue regular monitoring.
KEN,404,1940,49800.0,12.38,1.02,29.1,Universal Analysis Mode,Healthy,Machine is safe. Continue regular monitoring.
KEN,404,1941,49800.0,13.18,1.14,29.13,Universal Analysis Mode,Healthy,Machine is safe. Continue regular monitoring.
KEN,404,1942,49800.0,12.42,1.19,28.94,Universal Analysis Mode,Healthy,Machine is safe. Continue regular monitoring.
KEN,404,1943,49800.0,11.81,1.2,28.69,Universal Analysis Mode,Healthy,Machine is safe. Continue regular monitoring.
KEN,404,1944,49800.0,11.71,1.21,28.65,Universal Analysis Mode,Healthy,Machine is safe. Continue regular monitoring.
KEN,404,1945,49800.0,9.93,1.05,28.31,Universal Analysis Mode,Healthy,Machine is safe. Continue regular monitoring.
KEN,404,1946,49800.0,9.77,1.12,28.2,Universal Analysis Mode,Healthy,Machine is safe. Continue regular monitoring.
KEN,404,1947,49800.0,14.48,1.9,29.15,Universal Analysis Mode,Healthy,Machine is safe. Continue regular monitoring.
KEN,404,1948,49800.0,14.07,1.99,29.17,Universal Analysis Mode,Healthy,Machine is safe. Continue regular monitoring.
KEN,404,1949,49800.0,12.71,1.78,28.72,Universal Analysis Mode,Healthy,Machine is safe. Continue regular monitoring.
KEN,404,1950,49800.0,12.08,1.71,28.21,Universal Analysis Mode,Healthy,Machine is safe. Continue regular monitoring.
KEN,404,1951,49800.0,11.2,1.71,28.42,Universal Analysis Mode,Healthy,Machine is safe. Continue regular monitoring.
KEN,404,1952,49800.0,10.96,1.71,28.41,Universal Analysis Mode,Healthy,Machine is safe. Continue regular monitoring.
KEN,404,1953,49800.0,12.27,1.93,29.22,Universal Analysis Mode,Healthy,Machine is safe. Continue regular monitoring.
KEN,404,1954,49800.0,12.21,1.93,29.15,Universal Analysis Mode,Healthy,Machine is safe. Continue regular monitoring.
KEN,404,1955,49800.0,12.27,1.93,28.83,Universal Analysis Mode,Healthy,Machine is safe. Continue regular monitoring.
KEN,404,1956,49800.0,12.07,1.93,28.84,Universal Analysis Mode,Healthy,Machine is safe. Continue regular monitoring.
KEN,404,1957,49800.0,11.48,1.9,28.6,Universal Analysis Mode,Healthy,Machine is safe. Continue regular monitoring.
KEN,404,1958,49800.0,12.25,2.08,29.08,Universal Analysis Mode,Healthy,Machine is safe. Continue regular monitoring.
KEN,404,1959,49800.0,12.14,2.08,29.13,Universal Analysis Mode,Healthy,Machine is safe. Continue regular monitoring.
KEN,404,1960,49800.0,10.91,1.9,29.1,Universal Analysis Mode,Healthy,Machine is safe. Continue regular monitoring.
KEN,404,1961,49800.0,10.24,1.8,29.08,Universal Analysis Mode,Healthy,Machine is safe. Continue regular monitoring.
KEN,404,1962,0.0,10.12,1.8,25.63,Universal Analysis Mode,Healthy,Machine is safe. Continue regular monitoring.
KEN,404,1963,0.0,9.99,1.8,26.31,Universal Analysis Mode,Healthy,Machine is safe. Continue regular monitoring.
KEN,404,1964,0.0,9.86,1.8,25.44,Universal Analysis Mode,Healthy,Machine is safe. Continue regular monitoring.
KEN,404,1965,0.0,9.71,1.8,26.08,Universal Analysis Mode,Healthy,Machine is safe. Continue regular monitoring.
KEN,404,1966,0.0,9.41,1.8,25.48,Universal Analysis Mode,Healthy,Machine is safe. Continue regular monitoring.
KEN,404,1967,0.0,9.16,1.8,25.41,Universal Analysis Mode,Healthy,Machine is safe. Continue regular monitoring.
KEN,404,1968,0.0,8.8,1.8,25.23,Universal Analysis Mode,Healthy,Machine is safe. Continue regular monitoring.
KEN,404,1969,0.0,8.35,1.8,25.39,Universal Analysis Mode,Healthy,Machine is safe. Continue regular monitoring.
KEN,404,1970,0.0,7.88,1.8,25.17,Universal Analysis Mode,Healthy,Machine is safe. Continue regular monitoring.
KEN,404,1971,0.0,9.41,2.24,25.55,Universal Analysis Mode,Healthy,Machine is safe. Continue regular monitoring.
KEN,404,1972,0.0,10.09,2.48,25.6,Universal Analysis Mode,Healthy,Machine is safe. Continue regular monitoring.
KEN,404,1973,0.0,12.59,3.29,25.87,Universal Analysis Mode,Healthy,Machine is safe. Continue regular monitoring.
KEN,404,1974,0.0,39.93,11.58,27.79,Universal Analysis Mode,Healthy,Machine is safe. Continue regular monitoring.
KEN,404,1975,0.0,36.44,11.53,28.1,Universal Analysis Mode,Healthy,Machine is safe. Continue regular monitoring.
KEN,404,1976,0.0,38.23,12.8,29.73,Universal Analysis Mode,Healthy,Machine is safe. Continue regular monitoring.
KEN,404,1977,0.0,39.04,13.92,30.99,Universal Analysis Mode,Warning,Maintenance inspection recommended soon.
KEN,404,1978,0.0,36.54,14.02,30.71,Universal Analysis Mode,Warning,Maintenance inspection recommended soon.
KEN,404,1979,0.0,74.02,31.61,33.15,Universal Analysis Mode,Warning,Maintenance inspection recommended soon.
KEN,404,1980,0.0,75.97,36.83,34.45,Universal Analysis Mode,Warning,Maintenance inspection recommended soon.
KEN,404,1981,0.0,67.14,35.93,35.0,Universal Analysis Mode,Warning,Maintenance inspection recommended soon.
KEN,404,1982,0.0,58.02,32.97,35.14,Universal Analysis Mode,Warning,Maintenance inspection recommended soon.
KEN,404,1983,0.0,50.39,29.55,34.81,Universal Analysis Mode,Warning,Maintenance inspection recommended soon.
KEN,404,1984,0.0,45.82,28.78,34.5,Universal Analysis Mode,Warning,Maintenance inspection recommended soon.
KEN,404,1985,0.0,43.43,27.56,34.29,Universal Analysis Mode,Warning,Maintenance inspection recommended soon.
KEN,404,1986,0.0,22.22,14.43,29.12,Universal Analysis Mode,Healthy,Machine is safe. Continue regular monitoring.
KEN,404,1987,0.0,27.46,18.44,28.24,Universal Analysis Mode,Healthy,Machine is safe. Continue regular monitoring.
KEN,404,1988,0.0,21.42,14.92,26.74,Universal Analysis Mode,Healthy,Machine is safe. Continue regular monitoring.
KEN,404,1989,0.0,24.87,18.23,27.25,Universal Analysis Mode,Healthy,Machine is safe. Continue regular monitoring.
KEN,404,1990,0.0,30.88,23.73,28.58,Universal Analysis Mode,Healthy,Machine is safe. Continue regular monitoring.
KEN,404,1991,0.0,24.95,20.0,28.54,Universal Analysis Mode,Healthy,Machine is safe. Continue regular monitoring.
KEN,404,1992,0.0,23.39,19.32,27.08,Universal Analysis Mode,Healthy,Machine is safe. Continue regular monitoring.
KEN,404,1993,0.0,20.01,16.97,26.74,Universal Analysis Mode,Healthy,Machine is safe. Continue regular monitoring.
KEN,404,1994,0.0,18.26,15.82,26.25,Universal Analysis Mode,Healthy,Machine is safe. Continue regular monitoring.
KEN,404,1995,0.0,19.1,17.02,26.24,Universal Analysis Mode,Healthy,Machine is safe. Continue regular monitoring.
KEN,404,1996,0.0,22.48,20.67,27.07,Universal Analysis Mode,Healthy,Machine is safe. Continue regular monitoring.
KEN,404,1997,0.0,20.38,19.09,26.95,Universal Analysis Mode,Healthy,Machine is safe. Continue regular monitoring.
KEN,404,1998,0.0,13.62,12.72,25.99,Universal Analysis Mode,Healthy,Machine is safe. Continue regular monitoring.
KEN,404,1999,0.0,18.56,17.97,26.78,Universal Analysis Mode,Healthy,Machine is safe. Continue regular monitoring.
KEN,404,2000,0.0,28.5,28.5,29.95,Universal Analysis Mode,Healthy,Machine is safe. Continue regular monitoring.
KEN,404,2001,0.0,23.7,24.44,29.97,Universal Analysis Mode,Healthy,Machine is safe. Continue regular monitoring.
KEN,404,2002,0.0,23.72,25.02,29.66,Universal Analysis Mode,Healthy,Machine is safe. Continue regular monitoring.
KEN,404,2003,0.0,26.54,28.83,31.81,Universal Analysis Mode,Warning,Maintenance inspection recommended soon.
KEN,404,2004,0.0,34.3,38.26,32.3,Universal Analysis Mode,Warning,Maintenance inspection recommended soon.
KEN,404,2005,0.0,47.26,54.52,33.58,Universal Analysis Mode,Warning,Maintenance inspection recommended soon.
KEN,404,2006,0.0,55.37,65.14,33.04,Universal Analysis Mode,Warning,Maintenance inspection recommended soon.
KEN,404,2007,0.0,60.12,72.39,33.03,Universal Analysis Mode,Warning,Maintenance inspection recommended soon.
KEN,404,2008,0.0,77.79,97.26,33.67,Universal Analysis Mode,Warning,Maintenance inspection recommended soon.
KEN,404,2009,0.0,49.5,61.67,30.66,Universal Analysis Mode,Warning,Maintenance inspection recommended soon.
KEN,404,2010,0.0,62.78,79.5,29.7,Universal Analysis Mode,Healthy,Machine is safe. Continue regular monitoring.
KEN,404,2011,0.0,85.17,111.26,29.12,Universal Analysis Mode,Healthy,Machine is safe. Continue regular monitoring.
KEN,404,2012,0.0,83.75,111.67,28.07,Universal Analysis Mode,Healthy,Machine is safe. Continue regular monitoring.
KEN,404,2013,0.0,80.32,108.66,31.8,Universal Analysis Mode,Warning,Maintenance inspection recommended soon.
KEN,404,2014,0.0,71.97,98.95,32.84,Universal Analysis Mode,Warning,Maintenance inspection recommended soon.
PRK,408,1932,49800.0,10.86,0.87,29.05,Universal Analysis Mode,Healthy,Machine is safe. Continue regular monitoring.
PRK,408,1933,49800.0,8.82,0.67,29.03,Universal Analysis Mode,Healthy,Machine is safe. Continue regular monitoring.
PRK,408,1934,49800.0,12.72,1.0,29.51,Universal Analysis Mode,Healthy,Machine is safe. Continue regular monitoring.
PRK,408,1935,49800.0,12.04,0.97,29.16,Universal Analysis Mode,Healthy,Machine is safe. Continue regular monitoring.
PRK,408,1936,49800.0,13.38,1.09,29.46,Universal Analysis Mode,Healthy,Machine is safe. Continue regular monitoring.
PRK,408,1937,49800.0,13.98,1.18,29.23,Universal Analysis Mode,Healthy,Machine is safe. Continue regular monitoring.
PRK,408,1938,49800.0,13.66,1.13,29.26,Universal Analysis Mode,Healthy,Machine is safe. Continue regular monitoring.
PRK,408,1939,49800.0,12.5,1.02,29.18,Universal Analysis Mode,Healthy,Machine is safe. Continue regular monitoring.
PRK,408,1940,49800.0,12.38,1.02,29.11,Universal Analysis Mode,Healthy,Machine is safe. Continue regular monitoring.
PRK,408,1941,49800.0,13.18,1.14,29.14,Universal Analysis Mode,Healthy,Machine is safe. Continue regular monitoring.
PRK,408,1942,49800.0,12.42,1.19,28.95,Universal Analysis Mode,Healthy,Machine is safe. Continue regular monitoring.
PRK,408,1943,49800.0,11.81,1.2,28.7,Universal Analysis Mode,Healthy,Machine is safe. Continue regular monitoring.
PRK,408,1944,49800.0,11.71,1.21,28.65,Universal Analysis Mode,Healthy,Machine is safe. Continue regular monitoring.
PRK,408,1945,49800.0,9.93,1.05,28.31,Universal Analysis Mode,Healthy,Machine is safe. Continue regular monitoring.
PRK,408,1946,49800.0,9.77,1.12,28.21,Universal Analysis Mode,Healthy,Machine is safe. Continue regular monitoring.
PRK,408,1947,49800.0,14.48,1.9,29.15,Universal Analysis Mode,Healthy,Machine is safe. Continue regular monitoring.
PRK,408,1948,49800.0,14.07,1.99,29.99,Universal Analysis Mode,Healthy,Machine is safe. Continue regular monitoring.
PRK,408,1949,49800.0,12.71,1.78,29.54,Universal Analysis Mode,Healthy,Machine is safe. Continue regular monitoring.
PRK,408,1950,49800.0,12.08,1.71,30.2,Universal Analysis Mode,Warning,Maintenance inspection recommended soon.
PRK,408,1951,49800.0,11.2,1.71,29.96,Universal Analysis Mode,Healthy,Machine is safe. Continue regular monitoring.
PRK,408,1952,49800.0,10.96,1.71,29.89,Universal Analysis Mode,Healthy,Machine is safe. Continue regular monitoring.
PRK,408,1953,49800.0,12.27,1.93,30.35,Universal Analysis Mode,Warning,Maintenance inspection recommended soon.
PRK,408,1954,49800.0,12.21,1.93,30.24,Universal Analysis Mode,Warning,Maintenance inspection recommended soon.
PRK,408,1955,49800.0,12.27,1.93,29.93,Universal Analysis Mode,Healthy,Machine is safe. Continue regular monitoring.
PRK,408,1956,49800.0,12.07,1.93,29.96,Universal Analysis Mode,Healthy,Machine is safe. Continue regular monitoring.
PRK,408,1957,49800.0,11.48,1.9,29.73,Universal Analysis Mode,Healthy,Machine is safe. Continue regular monitoring.
PRK,408,1958,49800.0,12.25,2.08,30.21,Universal Analysis Mode,Warning,Maintenance inspection recommended soon.
PRK,408,1959,49800.0,12.14,2.08,30.29,Universal Analysis Mode,Warning,Maintenance inspection recommended soon.
PRK,408,1960,0.0,10.91,1.9,25.93,Universal Analysis Mode,Healthy,Machine is safe. Continue regular monitoring.
PRK,408,1961,0.0,10.24,1.8,25.91,Universal Analysis Mode,Healthy,Machine is safe. Continue regular monitoring.
PRK,408,1962,0.0,10.12,1.8,26.8,Universal Analysis Mode,Healthy,Machine is safe. Continue regular monitoring.
PRK,408,1963,0.0,9.99,1.8,26.66,Universal Analysis Mode,Healthy,Machine is safe. Continue regular monitoring.
PRK,408,1964,0.0,9.86,1.8,25.78,Universal Analysis Mode,Healthy,Machine is safe. Continue regular monitoring.
PRK,408,1965,0.0,9.71,1.8,26.42,Universal Analysis Mode,Healthy,Machine is safe. Continue regular monitoring.
PRK,408,1966,0.0,9.41,1.8,25.8,Universal Analysis Mode,Healthy,Machine is safe. Continue regular monitoring.
PRK,408,1967,0.0,9.16,1.8,25.72,Universal Analysis Mode,Healthy,Machine is safe. Continue regular monitoring.
PRK,408,1968,0.0,8.8,1.8,25.52,Universal Analysis Mode,Healthy,Machine is safe. Continue regular monitoring.
PRK,408,1969,0.0,8.35,1.8,25.67,Universal Analysis Mode,Healthy,Machine is safe. Continue regular monitoring.
PRK,408,1970,0.0,7.88,1.8,25.46,Universal Analysis Mode,Healthy,Machine is safe. Continue regular monitoring.
PRK,408,1971,0.0,9.41,2.24,25.84,Universal Analysis Mode,Healthy,Machine is safe. Continue regular monitoring.
PRK,408,1972,0.0,10.09,2.48,25.9,Universal Analysis Mode,Healthy,Machine is safe. Continue regular monitoring.
PRK,408,1973,0.0,12.59,3.29,26.16,Universal Analysis Mode,Healthy,Machine is safe. Continue regular monitoring.
PRK,408,1974,0.0,39.93,11.58,28.07,Universal Analysis Mode,Healthy,Machine is safe. Continue regular monitoring.
PRK,408,1975,0.0,36.44,11.53,28.36,Universal Analysis Mode,Healthy,Machine is safe. Continue regular monitoring.
PRK,408,1976,0.0,38.23,12.8,29.97,Universal Analysis Mode,Healthy,Machine is safe. Continue regular monitoring.
PRK,408,1977,0.0,39.04,13.92,31.19,Universal Analysis Mode,Warning,Maintenance inspection recommended soon.
PRK,408,1978,0.0,36.54,14.02,30.88,Universal Analysis Mode,Warning,Maintenance inspection recommended soon.
PRK,408,1979,0.0,74.02,31.61,33.28,Universal Analysis Mode,Warning,Maintenance inspection recommended soon.
PRK,408,1980,0.0,75.97,36.83,34.53,Universal Analysis Mode,Warning,Maintenance inspection recommended soon.
PRK,408,1981,0.0,67.14,35.93,35.04,Universal Analysis Mode,Warning,Maintenance inspection recommended soon.
PRK,408,1982,0.0,58.02,32.97,35.15,Universal Analysis Mode,Warning,Maintenance inspection recommended soon.
PRK,408,1983,0.0,50.39,29.55,34.78,Universal Analysis Mode,Warning,Maintenance inspection recommended soon.
PRK,408,1984,0.0,45.82,28.78,34.42,Universal Analysis Mode,Warning,Maintenance inspection recommended soon.
PRK,408,1985,0.0,43.43,27.56,34.17,Universal Analysis Mode,Warning,Maintenance inspection recommended soon.
PRK,408,1986,0.0,22.22,14.43,28.93,Universal Analysis Mode,Healthy,Machine is safe. Continue regular monitoring.
PRK,408,1987,0.0,27.46,18.44,28.0,Universal Analysis Mode,Healthy,Machine is safe. Continue regular monitoring.
PRK,408,1988,0.0,21.42,14.92,26.47,Universal Analysis Mode,Healthy,Machine is safe. Continue regular monitoring.
PRK,408,1989,0.0,24.87,18.23,26.95,Universal Analysis Mode,Healthy,Machine is safe. Continue regular monitoring.
PRK,408,1990,0.0,30.88,23.73,28.2,Universal Analysis Mode,Healthy,Machine is safe. Continue regular monitoring.
PRK,408,1991,0.0,24.95,20.0,28.12,Universal Analysis Mode,Healthy,Machine is safe. Continue regular monitoring.
PRK,408,1992,0.0,23.39,19.32,26.66,Universal Analysis Mode,Healthy,Machine is safe. Continue regular monitoring.
PRK,408,1993,0.0,20.01,16.97,26.3,Universal Analysis Mode,Healthy,Machine is safe. Continue regular monitoring.
PRK,408,1994,0.0,18.26,15.82,25.77,Universal Analysis Mode,Healthy,Machine is safe. Continue regular monitoring.
PRK,408,1995,0.0,19.1,17.02,25.71,Universal Analysis Mode,Healthy,Machine is safe. Continue regular monitoring.
PRK,408,1996,0.0,22.48,20.67,26.56,Universal Analysis Mode,Healthy,Machine is safe. Continue regular monitoring.
PRK,408,1997,0.0,20.38,19.09,26.36,Universal Analysis Mode,Healthy,Machine is safe. Continue regular monitoring.
PRK,408,1998,0.0,13.62,12.72,25.27,Universal Analysis Mode,Healthy,Machine is safe. Continue regular monitoring.
PRK,408,1999,0.0,18.56,17.97,25.95,Universal Analysis Mode,Healthy,Machine is safe. Continue regular monitoring.
PRK,408,2000,0.0,28.5,28.5,29.06,Universal Analysis Mode,Healthy,Machine is safe. Continue regular monitoring.
PRK,408,2001,0.0,23.7,24.44,29.25,Universal Analysis Mode,Healthy,Machine is safe. Continue regular monitoring.
PRK,408,2002,0.0,23.72,25.02,28.85,Universal Analysis Mode,Healthy,Machine is safe. Continue regular monitoring.
PRK,408,2003,0.0,26.54,28.83,30.97,Universal Analysis Mode,Warning,Maintenance inspection recommended soon.
PRK,408,2004,0.0,34.3,38.26,31.46,Universal Analysis Mode,Warning,Maintenance inspection recommended soon.
PRK,408,2005,0.0,47.26,54.52,32.71,Universal Analysis Mode,Warning,Maintenance inspection recommended soon.
PRK,408,2006,0.0,55.37,65.14,32.16,Universal Analysis Mode,Warning,Maintenance inspection recommended soon.
PRK,408,2007,0.0,60.12,72.39,32.11,Universal Analysis Mode,Warning,Maintenance inspection recommended soon.
PRK,408,2008,0.0,77.79,97.26,32.76,Universal Analysis Mode,Warning,Maintenance inspection recommended soon.
PRK,408,2009,0.0,49.5,61.67,29.77,Universal Analysis Mode,Healthy,Machine is safe. Continue regular monitoring.
PRK,408,2010,0.0,62.78,79.5,29.27,Universal Analysis Mode,Healthy,Machine is safe. Continue regular monitoring.
PRK,408,2011,0.0,85.17,111.26,28.71,Universal Analysis Mode,Healthy,Machine is safe. Continue regular monitoring.
PRK,408,2012,0.0,83.75,111.67,27.59,Universal Analysis Mode,Healthy,Machine is safe. Continue regular monitoring.
PRK,408,2013,0.0,80.32,108.66,31.25,Universal Analysis Mode,Warning,Maintenance inspection recommended soon.
PRK,408,2014,0.0,71.97,98.95,32.3,Universal Analysis Mode,Warning,Maintenance inspection recommended soon.
KOR,410,1932,49800.0,10.86,0.87,30.49,Universal Analysis Mode,Warning,Maintenance inspection recommended soon.
KOR,410,1933,49800.0,8.82,0.67,30.5,Universal Analysis Mode,Warning,Maintenance inspection recommended soon.
KOR,410,1934,49800.0,12.72,1.0,31.0,Universal Analysis Mode,Warning,Maintenance inspection recommended soon.
KOR,410,1935,49800.0,12.04,0.97,30.67,Universal Analysis Mode,Warning,Maintenance inspection recommended soon.
KOR,410,1936,49800.0,13.38,1.09,30.99,Universal Analysis Mode,Warning,Maintenance inspection recommended soon.
KOR,410,1937,49800.0,13.98,1.18,30.77,Universal Analysis Mode,Warning,Maintenance inspection recommended soon.
KOR,410,1938,49800.0,13.66,1.13,30.81,Universal Analysis Mode,Warning,Maintenance inspection recommended soon.
KOR,410,1939,49800.0,12.5,1.02,30.75,Universal Analysis Mode,Warning,Maintenance inspection recommended soon.
KOR,410,1940,49800.0,12.38,1.02,30.69,Universal Analysis Mode,Warning,Maintenance inspection recommended soon.
KOR,410,1941,49800.0,13.18,1.14,30.74,Universal Analysis Mode,Warning,Maintenance inspection recommended soon.
KOR,410,1942,49800.0,12.42,1.19,30.58,Universal Analysis Mode,Warning,Maintenance inspection recommended soon.
KOR,410,1943,49800.0,11.81,1.2,30.36,Universal Analysis Mode,Warning,Maintenance inspection recommended soon.
KOR,410,1944,49800.0,11.71,1.21,30.34,Universal Analysis Mode,Warning,Maintenance inspection recommended soon.
KOR,410,1945,49800.0,9.93,1.05,30.13,Universal Analysis Mode,Warning,Maintenance inspection recommended soon.
KOR,410,1946,49800.0,9.77,1.12,30.16,Universal Analysis Mode,Warning,Maintenance inspection recommended soon.
KOR,410,1947,49800.0,14.48,1.9,31.16,Universal Analysis Mode,Warning,Maintenance inspection recommended soon.
KOR,410,1948,49800.0,14.07,1.99,32.01,Universal Analysis Mode,Warning,Maintenance inspection recommended soon.
KOR,410,1949,49800.0,12.71,1.78,31.58,Universal Analysis Mode,Warning,Maintenance inspection recommended soon.
KOR,410,1950,49800.0,12.08,1.71,31.46,Universal Analysis Mode,Warning,Maintenance inspection recommended soon.
KOR,410,1951,49800.0,11.2,1.71,31.27,Universal Analysis Mode,Warning,Maintenance inspection recommended soon.
KOR,410,1952,49800.0,10.96,1.71,31.25,Universal Analysis Mode,Warning,Maintenance inspection recommended soon.
KOR,410,1953,49800.0,12.27,1.93,31.77,Universal Analysis Mode,Warning,Maintenance inspection recommended soon.
KOR,410,1954,49800.0,12.21,1.93,31.68,Universal Analysis Mode,Warning,Maintenance inspection recommended soon.
KOR,410,1955,49800.0,12.27,1.93,31.36,Universal Analysis Mode,Warning,Maintenance inspection recommended soon.
KOR,410,1956,49800.0,12.07,1.93,31.38,Universal Analysis Mode,Warning,Maintenance inspection recommended soon.
KOR,410,1957,49800.0,11.48,1.9,31.17,Universal Analysis Mode,Warning,Maintenance inspection recommended soon.
KOR,410,1958,49800.0,12.25,2.08,31.67,Universal Analysis Mode,Warning,Maintenance inspection recommended soon.
KOR,410,1959,49800.0,12.14,2.08,31.76,Universal Analysis Mode,Warning,Maintenance inspection recommended soon.
KOR,410,1960,0.0,10.91,1.9,27.41,Universal Analysis Mode,Healthy,Machine is safe. Continue regular monitoring.
KOR,410,1961,0.0,10.24,1.8,27.42,Universal Analysis Mode,Healthy,Machine is safe. Continue regular monitoring.
KOR,410,1962,0.0,10.12,1.8,28.35,Universal Analysis Mode,Healthy,Machine is safe. Continue regular monitoring.
KOR,410,1963,0.0,9.99,1.8,28.24,Universal Analysis Mode,Healthy,Machine is safe. Continue regular monitoring.
KOR,410,1964,0.0,9.86,1.8,27.39,Universal Analysis Mode,Healthy,Machine is safe. Continue regular monitoring.
KOR,410,1965,0.0,9.71,1.8,28.05,Universal Analysis Mode,Healthy,Machine is safe. Continue regular monitoring.
KOR,410,1966,0.0,9.41,1.8,27.46,Universal Analysis Mode,Healthy,Machine is safe. Continue regular monitoring.
KOR,410,1967,0.0,9.16,1.8,27.4,Universal Analysis Mode,Healthy,Machine is safe. Continue regular monitoring.
KOR,410,1968,0.0,8.8,1.8,27.21,Universal Analysis Mode,Healthy,Machine is safe. Continue regular monitoring.
KOR,410,1969,0.0,8.35,1.8,27.38,Universal Analysis Mode,Healthy,Machine is safe. Continue regular monitoring.
KOR,410,1970,0.0,7.88,1.8,27.18,Universal Analysis Mode,Healthy,Machine is safe. Continue regular monitoring.
KOR,410,1971,0.0,9.41,2.24,27.57,Universal Analysis Mode,Healthy,Machine is safe. Continue regular monitoring.
KOR,410,1972,0.0,10.09,2.48,27.62,Universal Analysis Mode,Healthy,Machine is safe. Continue regular monitoring.
KOR,410,1973,0.0,12.59,3.29,27.86,Universal Analysis Mode,Healthy,Machine is safe. Continue regular monitoring.
KOR,410,1974,0.0,39.93,11.58,29.76,Universal Analysis Mode,Healthy,Machine is safe. Continue regular monitoring.
KOR,410,1975,0.0,36.44,11.53,30.04,Universal Analysis Mode,Warning,Maintenance inspection recommended soon.
KOR,410,1976,0.0,38.23,12.8,31.65,Universal Analysis Mode,Warning,Maintenance inspection recommended soon.
KOR,410,1977,0.0,39.04,13.92,32.87,Universal Analysis Mode,Warning,Maintenance inspection recommended soon.
KOR,410,1978,0.0,36.54,14.02,32.55,Universal Analysis Mode,Warning,Maintenance inspection recommended soon.
KOR,410,1979,0.0,74.02,31.61,34.94,Universal Analysis Mode,Warning,Maintenance inspection recommended soon.
KOR,410,1980,0.0,75.97,36.83,36.2,Universal Analysis Mode,Warning,Maintenance inspection recommended soon.
KOR,410,1981,0.0,67.14,35.93,36.7,Universal Analysis Mode,Warning,Maintenance inspection recommended soon.
KOR,410,1982,0.0,58.02,32.97,36.79,Universal Analysis Mode,Warning,Maintenance inspection recommended soon.
KOR,410,1983,0.0,50.39,29.55,36.39,Universal Analysis Mode,Warning,Maintenance inspection recommended soon.
KOR,410,1984,0.0,45.82,28.78,32.78,Universal Analysis Mode,Warning,Maintenance inspection recommended soon.
KOR,410,1985,0.0,43.43,27.56,32.51,Universal Analysis Mode,Warning,Maintenance inspection recommended soon.
KOR,410,1986,0.0,22.22,14.43,30.14,Universal Analysis Mode,Warning,Maintenance inspection recommended soon.
KOR,410,1987,0.0,27.46,18.44,29.2,Universal Analysis Mode,Healthy,Machine is safe. Continue regular monitoring.
KOR,410,1988,0.0,21.42,14.92,27.61,Universal Analysis Mode,Healthy,Machine is safe. Continue regular monitoring.
KOR,410,1989,0.0,24.87,18.23,28.05,Universal Analysis Mode,Healthy,Machine is safe. Continue regular monitoring.
KOR,410,1990,0.0,30.88,23.73,26.14,Universal Analysis Mode,Healthy,Machine is safe. Continue regular monitoring.
KOR,410,1991,0.0,24.95,20.0,25.98,Universal Analysis Mode,Healthy,Machine is safe. Continue regular monitoring.
KOR,410,1992,0.0,23.39,19.32,24.4,Universal Analysis Mode,Healthy,Machine is safe. Continue regular monitoring.
KOR,410,1993,0.0,20.01,16.97,23.97,Universal Analysis Mode,Healthy,Machine is safe. Continue regular monitoring.
KOR,410,1994,0.0,18.26,15.82,24.12,Universal Analysis Mode,Healthy,Machine is safe. Continue regular monitoring.
KOR,410,1995,0.0,19.1,17.02,23.99,Universal Analysis Mode,Healthy,Machine is safe. Continue regular monitoring.
KOR,410,1996,0.0,22.48,20.67,24.72,Universal Analysis Mode,Healthy,Machine is safe. Continue regular monitoring.
KOR,410,1997,0.0,20.38,19.09,24.51,Universal Analysis Mode,Healthy,Machine is safe. Continue regular monitoring.
KOR,410,1998,0.0,13.62,12.72,23.52,Universal Analysis Mode,Healthy,Machine is safe. Continue regular monitoring.
KOR,410,1999,0.0,18.56,17.97,24.19,Universal Analysis Mode,Healthy,Machine is safe. Continue regular monitoring.
KOR,410,2000,0.0,28.5,28.5,27.3,Universal Analysis Mode,Healthy,Machine is safe. Continue regular monitoring.
KOR,410,2001,0.0,23.7,24.44,27.24,Universal Analysis Mode,Healthy,Machine is safe. Continue regular monitoring.
KOR,410,2002,0.0,23.72,25.02,26.84,Universal Analysis Mode,Healthy,Machine is safe. Continue regular monitoring.
KOR,410,2003,0.0,26.54,28.83,28.88,Universal Analysis Mode,Healthy,Machine is safe. Continue regular monitoring.
KOR,410,2004,0.0,34.3,38.26,29.34,Universal Analysis Mode,Healthy,Machine is safe. Continue regular monitoring.
KOR,410,2005,0.0,47.26,54.52,43.3,Universal Analysis Mode,Warning,Maintenance inspection recommended soon.
KOR,410,2006,0.0,55.37,65.14,41.06,Universal Analysis Mode,Warning,Maintenance inspection recommended soon.
KOR,410,2007,0.0,60.12,72.39,40.79,Universal Analysis Mode,Warning,Maintenance inspection recommended soon.
KOR,410,2008,0.0,77.79,97.26,42.57,Universal Analysis Mode,Warning,Maintenance inspection recommended soon.
KOR,410,2009,0.0,49.5,61.67,37.93,Universal Analysis Mode,Warning,Maintenance inspection recommended soon.
KOR,410,2010,0.0,62.78,79.5,38.75,Universal Analysis Mode,Warning,Maintenance inspection recommended soon.
KOR,410,2011,0.0,85.17,111.26,37.93,Universal Analysis Mode,Warning,Maintenance inspection recommended soon.
KOR,410,2012,0.0,83.75,111.67,35.47,Universal Analysis Mode,Warning,Maintenance inspection recommended soon.
KOR,410,2013,0.0,80.32,108.66,33.55,Universal Analysis Mode,Warning,Maintenance inspection recommended soon.
KOR,410,2014,0.0,71.97,98.95,40.87,Universal Analysis Mode,Warning,Maintenance inspection recommended soon.
KWT,414,1932,49800.0,10.86,0.87,29.06,Universal Analysis Mode,Healthy,Machine is safe. Continue regular monitoring.
KWT,414,1933,49800.0,8.82,0.67,29.04,Universal Analysis Mode,Healthy,Machine is safe. Continue regular monitoring.
KWT,414,1934,49800.0,12.72,1.0,29.52,Universal Analysis Mode,Healthy,Machine is safe. Continue regular monitoring.
KWT,414,1935,49800.0,12.04,0.97,29.17,Universal Analysis Mode,Healthy,Machine is safe. Continue regular monitoring.
KWT,414,1936,49800.0,13.38,1.09,29.48,Universal Analysis Mode,Healthy,Machine is safe. Continue regular monitoring.
KWT,414,1937,49800.0,13.98,1.18,29.24,Universal Analysis Mode,Healthy,Machine is safe. Continue regular monitoring.
KWT,414,1938,49800.0,13.66,1.13,29.27,Universal Analysis Mode,Healthy,Machine is safe. Continue regular monitoring.
KWT,414,1939,49800.0,12.5,1.02,29.2,Universal Analysis Mode,Healthy,Machine is safe. Continue regular monitoring.
KWT,414,1940,49800.0,12.38,1.02,29.12,Universal Analysis Mode,Healthy,Machine is safe. Continue regular monitoring.
KWT,414,1941,49800.0,13.18,1.14,29.15,Universal Analysis Mode,Healthy,Machine is safe. Continue regular monitoring.
KWT,414,1942,49800.0,12.42,1.19,28.96,Universal Analysis Mode,Healthy,Machine is safe. Continue regular monitoring.
KWT,414,1943,49800.0,11.81,1.2,28.71,Universal Analysis Mode,Healthy,Machine is safe. Continue regular monitoring.
KWT,414,1944,49800.0,11.71,1.21,28.67,Universal Analysis Mode,Healthy,Machine is safe. Continue regular monitoring.
KWT,414,1945,49800.0,9.93,1.05,28.33,Universal Analysis Mode,Healthy,Machine is safe. Continue regular monitoring.
KWT,414,1946,810246.0,9.77,1.12,35.02,Universal Analysis Mode,Warning,Maintenance inspection recommended soon.
KWT,414,1947,2216530.0,14.48,1.9,39.43,Universal Analysis Mode,Warning,Maintenance inspection recommended soon.
KWT,414,1948,6352459.0,14.07,1.99,40.29,Universal Analysis Mode,Warning,Maintenance inspection recommended soon.
KWT,414,1949,12300000.0,12.71,1.78,40.13,Universal Analysis Mode,Warning,Maintenance inspection recommended soon.
KWT,414,1950,17200000.0,12.08,1.71,44.53,Universal Analysis Mode,Warning,Maintenance inspection recommended soon.
KWT,414,1951,28000000.0,11.2,1.71,44.57,Universal Analysis Mode,Warning,Maintenance inspection recommended soon.
KWT,414,1952,37400000.0,10.96,1.71,44.71,Universal Analysis Mode,Warning,Maintenance inspection recommended soon.
KWT,414,1953,43000000.0,12.27,1.93,45.34,Universal Analysis Mode,Warning,Maintenance inspection recommended soon.
KWT,414,1954,47900000.0,12.21,1.93,45.29,Universal Analysis Mode,Warning,Maintenance inspection recommended soon.
KWT,414,1955,55000000.0,12.27,1.93,45.01,Universal Analysis Mode,Warning,Maintenance inspection recommended soon.
KWT,414,1956,55400000.0,12.07,1.93,44.99,Universal Analysis Mode,Warning,Maintenance inspection recommended soon.
KWT,414,1957,58400000.0,11.48,1.9,44.73,Universal Analysis Mode,Warning,Maintenance inspection recommended soon.
KWT,414,1958,71600000.0,12.25,2.08,45.31,Universal Analysis Mode,Warning,Maintenance inspection recommended soon.
KWT,414,1959,71900000.0,12.14,2.08,45.34,Universal Analysis Mode,Warning,Maintenance inspection recommended soon.
KWT,414,1960,84600000.0,10.91,1.9,45.32,Universal Analysis Mode,Warning,Maintenance inspection recommended soon.
KWT,414,1961,86400000.0,10.24,1.8,48.99,Universal Analysis Mode,Warning,Maintenance inspection recommended soon.
KWT,414,1962,97500000.0,10.12,1.8,50.02,Universal Analysis Mode,Warning,Maintenance inspection recommended soon.
KWT,414,1963,104000000.0,9.99,1.8,49.84,Universal Analysis Mode,Warning,Maintenance inspection recommended soon.
KWT,414,1964,115000000.0,9.86,1.8,48.99,Universal Analysis Mode,Warning,Maintenance inspection recommended soon.
KWT,414,1965,117000000.0,9.71,1.8,49.63,Universal Analysis Mode,Warning,Maintenance inspection recommended soon.
KWT,414,1966,124000000.0,9.41,1.8,49.02,Universal Analysis Mode,Warning,Maintenance inspection recommended soon.
KWT,414,1967,128000000.0,9.16,1.8,48.98,Universal Analysis Mode,Warning,Maintenance inspection recommended soon.
KWT,414,1968,132000000.0,8.8,1.8,48.93,Universal Analysis Mode,Warning,Maintenance inspection recommended soon.
KWT,414,1969,140000000.0,8.35,1.8,49.08,Universal Analysis Mode,Warning,Maintenance inspection recommended soon.
KWT,414,1970,151000000.0,7.88,1.8,49.15,Universal Analysis Mode,Warning,Maintenance inspection recommended soon.
KWT,414,1971,161000000.0,9.41,2.24,49.62,Universal Analysis Mode,Warning,Maintenance inspection recommended soon.
KWT,414,1972,166000000.0,10.09,2.48,49.67,Universal Analysis Mode,Warning,Maintenance inspection recommended soon.
KWT,414,1973,152000000.0,12.59,3.29,49.93,Universal Analysis Mode,Warning,Maintenance inspection recommended soon.
KWT,414,1974,129000000.0,39.93,11.58,52.06,Universal Analysis Mode,Warning,Maintenance inspection recommended soon.
KWT,414,1975,105000000.0,36.44,11.53,52.21,Universal Analysis Mode,Warning,Maintenance inspection recommended soon.
KWT,414,1976,114000000.0,38.23,12.8,53.88,Universal Analysis Mode,Warning,Maintenance inspection recommended soon.
KWT,414,1977,99300000.0,39.04,13.92,55.08,Universal Analysis Mode,Warning,Maintenance inspection recommended soon.
KWT,414,1978,112000000.0,36.54,14.02,54.78,Universal Analysis Mode,Warning,Maintenance inspection recommended soon.
KWT,414,1979,126000000.0,74.02,31.61,57.45,Universal Analysis Mode,Warning,Maintenance inspection recommended soon.
KWT,414,1980,84100000.0,75.97,36.83,58.65,Universal Analysis Mode,Warning,Maintenance inspection recommended soon.
KWT,414,1981,56900000.0,67.14,35.93,58.94,Universal Analysis Mode,Warning,Maintenance inspection recommended soon.
KWT,414,1982,41600000.0,58.02,32.97,58.79,Universal Analysis Mode,Warning,Maintenance inspection recommended soon.
KWT,414,1983,53300000.0,50.39,29.55,58.47,Universal Analysis Mode,Warning,Maintenance inspection recommended soon.
KWT,414,1984,58900000.0,45.82,28.78,58.13,Universal Analysis Mode,Warning,Maintenance inspection recommended soon.
KWT,414,1985,53800000.0,43.43,27.56,57.79,Universal Analysis Mode,Warning,Maintenance inspection recommended soon.
KWT,414,1986,71500000.0,22.22,14.43,59.07,Universal Analysis Mode,Warning,Maintenance inspection recommended soon.
KWT,414,1987,52100000.0,27.46,18.44,57.89,Universal Analysis Mode,Warning,Maintenance inspection recommended soon.
KWT,414,1988,63000000.0,21.42,14.92,56.34,Universal Analysis Mode,Warning,Maintenance inspection recommended soon.
KWT,414,1989,68400000.0,24.87,18.23,56.98,Universal Analysis Mode,Warning,Maintenance inspection recommended soon.
KWT,414,1990,46800000.0,30.88,23.73,56.35,Universal Analysis Mode,Warning,Maintenance inspection recommended soon.
KWT,414,1991,9215000.0,24.95,20.0,57.58,Universal Analysis Mode,Warning,Maintenance inspection recommended soon.
KWT,414,1992,54600000.0,23.39,19.32,57.54,Universal Analysis Mode,Warning,Maintenance inspection recommended soon.
KWT,414,1993,97200000.0,20.01,16.97,57.61,Universal Analysis Mode,Warning,Maintenance inspection recommended soon.
KWT,414,1994,104000000.0,18.26,15.82,57.02,Universal Analysis Mode,Warning,Maintenance inspection recommended soon.
KWT,414,1995,105000000.0,19.1,17.02,57.08,Universal Analysis Mode,Warning,Maintenance inspection recommended soon.
KWT,414,1996,105000000.0,22.48,20.67,57.92,Universal Analysis Mode,Warning,Maintenance inspection recommended soon.
KWT,414,1997,105000000.0,20.38,19.09,57.7,Universal Analysis Mode,Warning,Maintenance inspection recommended soon.
KWT,414,1998,108000000.0,13.62,12.72,56.51,Universal Analysis Mode,Warning,Maintenance inspection recommended soon.
KWT,414,1999,99500000.0,18.56,17.97,57.29,Universal Analysis Mode,Warning,Maintenance inspection recommended soon.
KWT,414,2000,106000000.0,28.5,28.5,60.85,Universal Analysis Mode,Warning,Maintenance inspection recommended soon.
KWT,414,2001,99500000.0,23.7,24.44,60.71,Universal Analysis Mode,Warning,Maintenance inspection recommended soon.
KWT,414,2002,94300000.0,23.72,25.02,60.25,Universal Analysis Mode,Warning,Maintenance inspection recommended soon.
KWT,414,2003,106000000.0,26.54,28.83,62.61,Universal Analysis Mode,Warning,Maintenance inspection recommended soon.
KWT,414,2004,118000000.0,34.3,38.26,63.3,Universal Analysis Mode,Warning,Maintenance inspection recommended soon.
KWT,414,2005,126000000.0,47.26,54.52,64.79,Universal Analysis Mode,Warning,Maintenance inspection recommended soon.
KWT,414,2006,126000000.0,55.37,65.14,64.16,Universal Analysis Mode,Warning,Maintenance inspection recommended soon.
KWT,414,2007,122711975.32,60.12,72.39,64.11,Universal Analysis Mode,Warning,Maintenance inspection recommended soon.
KWT,414,2008,128770279.28,77.79,97.26,64.9,Universal Analysis Mode,Warning,Maintenance inspection recommended soon.
KWT,414,2009,117030000.0,49.5,61.67,58.44,Universal Analysis Mode,Warning,Maintenance inspection recommended soon.
KWT,414,2010,114560465.81,62.78,79.5,59.44,Universal Analysis Mode,Warning,Maintenance inspection recommended soon.
KWT,414,2011,126000822.1,85.17,111.26,59.01,Universal Analysis Mode,Warning,Maintenance inspection recommended soon.
KWT,414,2012,131220278.93,83.75,111.67,58.06,Universal Analysis Mode,Warning,Maintenance inspection recommended soon.
KWT,414,2013,131970000.0,80.32,108.66,55.17,Universal Analysis Mode,Warning,Maintenance inspection recommended soon.
KWT,414,2014,130404369.67,71.97,98.95,57.66,Universal Analysis Mode,Warning,Maintenance inspection recommended soon.
KGZ,417,1932,49800.0,10.86,0.87,29.07,Universal Analysis Mode,Healthy,Machine is safe. Continue regular monitoring.
KGZ,417,1933,49800.0,8.82,0.67,29.05,Universal Analysis Mode,Healthy,Machine is safe. Continue regular monitoring.
KGZ,417,1934,49800.0,12.72,1.0,29.53,Universal Analysis Mode,Healthy,Machine is safe. Continue regular monitoring.
KGZ,417,1935,49800.0,12.04,0.97,29.18,Universal Analysis Mode,Healthy,Machine is safe. Continue regular monitoring.
KGZ,417,1936,49800.0,13.38,1.09,29.48,Universal Analysis Mode,Healthy,Machine is safe. Continue regular monitoring.
KGZ,417,1937,49800.0,13.98,1.18,29.25,Universal Analysis Mode,Healthy,Machine is safe. Continue regular monitoring.
KGZ,417,1938,49800.0,13.66,1.13,29.28,Universal Analysis Mode,Healthy,Machine is safe. Continue regular monitoring.
KGZ,417,1939,49800.0,12.5,1.02,29.2,Universal Analysis Mode,Healthy,Machine is safe. Continue regular monitoring.
KGZ,417,1940,49800.0,12.38,1.02,29.13,Universal Analysis Mode,Healthy,Machine is safe. Continue regular monitoring.
KGZ,417,1941,49800.0,13.18,1.14,29.16,Universal Analysis Mode,Healthy,Machine is safe. Continue regular monitoring.
KGZ,417,1942,49800.0,12.42,1.19,28.97,Universal Analysis Mode,Healthy,Machine is safe. Continue regular monitoring.
KGZ,417,1943,49800.0,11.81,1.2,28.72,Universal Analysis Mode,Healthy,Machine is safe. Continue regular monitoring.
KGZ,417,1944,49800.0,11.71,1.21,28.67,Universal Analysis Mode,Healthy,Machine is safe. Continue regular monitoring.
KGZ,417,1945,49800.0,9.93,1.05,28.33,Universal Analysis Mode,Healthy,Machine is safe. Continue regular monitoring.
KGZ,417,1946,49800.0,9.77,1.12,28.23,Universal Analysis Mode,Healthy,Machine is safe. Continue regular monitoring.
KGZ,417,1947,49800.0,14.48,1.9,29.17,Universal Analysis Mode,Healthy,Machine is safe. Continue regular monitoring.
KGZ,417,1948,49800.0,14.07,1.99,29.2,Universal Analysis Mode,Healthy,Machine is safe. Continue regular monitoring.
KGZ,417,1949,49800.0,12.71,1.78,28.75,Universal Analysis Mode,Healthy,Machine is safe. Continue regular monitoring.
KGZ,417,1950,49800.0,12.08,1.71,27.85,Universal Analysis Mode,Healthy,Machine is safe. Continue regular monitoring.
KGZ,417,1951,49800.0,11.2,1.71,27.66,Universal Analysis Mode,Healthy,Machine is safe. Continue regular monitoring.
KGZ,417,1952,49800.0,10.96,1.71,27.64,Universal Analysis Mode,Healthy,Machine is safe. Continue regular monitoring.
KGZ,417,1953,49800.0,12.27,1.93,28.14,Universal Analysis Mode,Healthy,Machine is safe. Continue regular monitoring.
KGZ,417,1954,49800.0,12.21,1.93,28.04,Universal Analysis Mode,Healthy,Machine is safe. Continue regular monitoring.
KGZ,417,1955,49800.0,12.27,1.93,27.7,Universal Analysis Mode,Healthy,Machine is safe. Continue regular monitoring.
KGZ,417,1956,49800.0,12.07,1.93,27.68,Universal Analysis Mode,Healthy,Machine is safe. Continue regular monitoring.
KGZ,417,1957,49800.0,11.48,1.9,27.41,Universal Analysis Mode,Healthy,Machine is safe. Continue regular monitoring.
KGZ,417,1958,49800.0,12.25,2.08,27.86,Universal Analysis Mode,Healthy,Machine is safe. Continue regular monitoring.
KGZ,417,1959,49800.0,12.14,2.08,27.89,Universal Analysis Mode,Healthy,Machine is safe. Continue regular monitoring.
KGZ,417,1960,49800.0,10.91,1.9,27.83,Universal Analysis Mode,Healthy,Machine is safe. Continue regular monitoring.
KGZ,417,1961,49800.0,10.24,1.8,27.77,Universal Analysis Mode,Healthy,Machine is safe. Continue regular monitoring.
KGZ,417,1962,49800.0,10.12,1.8,28.64,Universal Analysis Mode,Healthy,Machine is safe. Continue regular monitoring.
KGZ,417,1963,49800.0,9.99,1.8,28.47,Universal Analysis Mode,Healthy,Machine is safe. Continue regular monitoring.
KGZ,417,1964,49800.0,9.86,1.8,27.56,Universal Analysis Mode,Healthy,Machine is safe. Continue regular monitoring.
KGZ,417,1965,49800.0,9.71,1.8,28.17,Universal Analysis Mode,Healthy,Machine is safe. Continue regular monitoring.
KGZ,417,1966,49800.0,9.41,1.8,27.53,Universal Analysis Mode,Healthy,Machine is safe. Continue regular monitoring.
KGZ,417,1967,49800.0,9.16,1.8,27.41,Universal Analysis Mode,Healthy,Machine is safe. Continue regular monitoring.
KGZ,417,1968,49800.0,8.8,1.8,27.18,Universal Analysis Mode,Healthy,Machine is safe. Continue regular monitoring.
KGZ,417,1969,49800.0,8.35,1.8,27.3,Universal Analysis Mode,Healthy,Machine is safe. Continue regular monitoring.
KGZ,417,1970,49800.0,7.88,1.8,27.06,Universal Analysis Mode,Healthy,Machine is safe. Continue regular monitoring.
KGZ,417,1971,49800.0,9.41,2.24,27.4,Universal Analysis Mode,Healthy,Machine is safe. Continue regular monitoring.
KGZ,417,1972,49800.0,10.09,2.48,27.42,Universal Analysis Mode,Healthy,Machine is safe. Continue regular monitoring.
KGZ,417,1973,49800.0,12.59,3.29,27.65,Universal Analysis Mode,Healthy,Machine is safe. Continue regular monitoring.
KGZ,417,1974,49800.0,39.93,11.58,29.53,Universal Analysis Mode,Healthy,Machine is safe. Continue regular monitoring.
KGZ,417,1975,49800.0,36.44,11.53,29.79,Universal Analysis Mode,Healthy,Machine is safe. Continue regular monitoring.
KGZ,417,1976,49800.0,38.23,12.8,31.38,Universal Analysis Mode,Warning,Maintenance inspection recommended soon.
KGZ,417,1977,49800.0,39.04,13.92,32.58,Universal Analysis Mode,Warning,Maintenance inspection recommended soon.
KGZ,417,1978,49800.0,36.54,14.02,32.25,Universal Analysis Mode,Warning,Maintenance inspection recommended soon.
KGZ,417,1979,49800.0,74.02,31.61,34.63,Universal Analysis Mode,Warning,Maintenance inspection recommended soon.
KGZ,417,1980,49800.0,75.97,36.83,35.86,Universal Analysis Mode,Warning,Maintenance inspection recommended soon.
KGZ,417,1981,49800.0,67.14,35.93,36.35,Universal Analysis Mode,Warning,Maintenance inspection recommended soon.
KGZ,417,1982,49800.0,58.02,32.97,36.44,Universal Analysis Mode,Warning,Maintenance inspection recommended soon.
KGZ,417,1983,0.0,50.39,29.55,31.7,Universal Analysis Mode,Warning,Maintenance inspection recommended soon.
KGZ,417,1984,0.0,45.82,28.78,31.32,Universal Analysis Mode,Warning,Maintenance inspection recommended soon.
KGZ,417,1985,0.0,43.43,27.56,31.05,Universal Analysis Mode,Warning,Maintenance inspection recommended soon.
KGZ,417,1986,0.0,22.22,14.43,28.66,Universal Analysis Mode,Healthy,Machine is safe. Continue regular monitoring.
KGZ,417,1987,0.0,27.46,18.44,27.73,Universal Analysis Mode,Healthy,Machine is safe. Continue regular monitoring.
KGZ,417,1988,0.0,21.42,14.92,26.15,Universal Analysis Mode,Healthy,Machine is safe. Continue regular monitoring.
KGZ,417,1989,0.0,24.87,18.23,26.61,Universal Analysis Mode,Healthy,Machine is safe. Continue regular monitoring.
KGZ,417,1990,0.0,30.88,23.73,32.97,Universal Analysis Mode,Warning,Maintenance inspection recommended soon.
KGZ,417,1991,0.0,24.95,20.0,33.68,Universal Analysis Mode,Warning,Maintenance inspection recommended soon.
KGZ,417,1992,113000.0,23.39,19.32,42.34,Universal Analysis Mode,Warning,Maintenance inspection recommended soon.
KGZ,417,1993,88000.0,20.01,16.97,39.77,Universal Analysis Mode,Warning,Maintenance inspection recommended soon.
KGZ,417,1994,88000.0,18.26,15.82,37.83,Universal Analysis Mode,Warning,Maintenance inspection recommended soon.
KGZ,417,1995,89000.0,19.1,17.02,38.08,Universal Analysis Mode,Warning,Maintenance inspection recommended soon.
KGZ,417,1996,84000.0,22.48,20.67,40.18,Universal Analysis Mode,Warning,Maintenance inspection recommended soon.
KGZ,417,1997,85000.0,20.38,19.09,33.44,Universal Analysis Mode,Warning,Maintenance inspection recommended soon.
KGZ,417,1998,78000.0,13.62,12.72,30.18,Universal Analysis Mode,Warning,Maintenance inspection recommended soon.
KGZ,417,1999,77000.0,18.56,17.97,31.76,Universal Analysis Mode,Warning,Maintenance inspection recommended soon.
KGZ,417,2000,77000.0,28.5,28.5,43.66,Universal Analysis Mode,Warning,Maintenance inspection recommended soon.
KGZ,417,2001,99600.0,23.7,24.44,37.74,Universal Analysis Mode,Warning,Maintenance inspection recommended soon.
KGZ,417,2002,75696.0,23.72,25.02,35.22,Universal Analysis Mode,Warning,Maintenance inspection recommended soon.
KGZ,417,2003,68724.0,26.54,28.83,39.13,Universal Analysis Mode,Warning,Maintenance inspection recommended soon.
KGZ,417,2004,69720.0,34.3,38.26,40.57,Universal Analysis Mode,Warning,Maintenance inspection recommended soon.
KGZ,417,2005,99600.0,47.26,54.52,44.81,Universal Analysis Mode,Warning,Maintenance inspection recommended soon.
KGZ,417,2006,99600.0,55.37,65.14,47.15,Universal Analysis Mode,Warning,Maintenance inspection recommended soon.
KGZ,417,2007,49800.0,60.12,72.39,41.22,Universal Analysis Mode,Warning,Maintenance inspection recommended soon.
KGZ,417,2008,49800.0,77.79,97.26,44.04,Universal Analysis Mode,Warning,Maintenance inspection recommended soon.
KGZ,417,2009,49800.0,49.5,61.67,40.53,Universal Analysis Mode,Warning,Maintenance inspection recommended soon.
KGZ,417,2010,49800.0,62.78,79.5,39.69,Universal Analysis Mode,Warning,Maintenance inspection recommended soon.
KGZ,417,2011,49800.0,85.17,111.26,43.0,Universal Analysis Mode,Warning,Maintenance inspection recommended soon.
KGZ,417,2012,49800.0,83.75,111.67,41.94,Universal Analysis Mode,Warning,Maintenance inspection recommended soon.
KGZ,417,2013,49800.0,80.32,108.66,44.21,Universal Analysis Mode,Warning,Maintenance inspection recommended soon.
KGZ,417,2014,49800.0,71.97,98.95,46.36,Universal Analysis Mode,Warning,Maintenance inspection recommended soon.
LAO,418,1932,49800.0,10.86,0.87,29.08,Universal Analysis Mode,Healthy,Machine is safe. Continue regular monitoring.
LAO,418,1933,49800.0,8.82,0.67,29.06,Universal Analysis Mode,Healthy,Machine is safe. Continue regular monitoring.
LAO,418,1934,49800.0,12.72,1.0,29.54,Universal Analysis Mode,Healthy,Machine is safe. Continue regular monitoring.
LAO,418,1935,49800.0,12.04,0.97,29.19,Universal Analysis Mode,Healthy,Machine is safe. Continue regular monitoring.
LAO,418,1936,49800.0,13.38,1.09,29.49,Universal Analysis Mode,Healthy,Machine is safe. Continue regular monitoring.
LAO,418,1937,49800.0,13.98,1.18,29.26,Universal Analysis Mode,Healthy,Machine is safe. Continue regular monitoring.
LAO,418,1938,49800.0,13.66,1.13,29.29,Universal Analysis Mode,Healthy,Machine is safe. Continue regular monitoring.
LAO,418,1939,49800.0,12.5,1.02,29.21,Universal Analysis Mode,Healthy,Machine is safe. Continue regular monitoring.
LAO,418,1940,49800.0,12.38,1.02,29.14,Universal Analysis Mode,Healthy,Machine is safe. Continue regular monitoring.
LAO,418,1941,49800.0,13.18,1.14,29.16,Universal Analysis Mode,Healthy,Machine is safe. Continue regular monitoring.
LAO,418,1942,49800.0,12.42,1.19,28.98,Universal Analysis Mode,Healthy,Machine is safe. Continue regular monitoring.
LAO,418,1943,49800.0,11.81,1.2,28.72,Universal Analysis Mode,Healthy,Machine is safe. Continue regular monitoring.
LAO,418,1944,49800.0,11.71,1.21,28.68,Universal Analysis Mode,Healthy,Machine is safe. Continue regular monitoring.
LAO,418,1945,49800.0,9.93,1.05,28.34,Universal Analysis Mode,Healthy,Machine is safe. Continue regular monitoring.
LAO,418,1946,49800.0,9.77,1.12,28.23,Universal Analysis Mode,Healthy,Machine is safe. Continue regular monitoring.
LAO,418,1947,49800.0,14.48,1.9,29.18,Universal Analysis Mode,Healthy,Machine is safe. Continue regular monitoring.
LAO,418,1948,49800.0,14.07,1.99,29.21,Universal Analysis Mode,Healthy,Machine is safe. Continue regular monitoring.
LAO,418,1949,49800.0,12.71,1.78,28.76,Universal Analysis Mode,Healthy,Machine is safe. Continue regular monitoring.
LAO,418,1950,49800.0,12.08,1.71,27.87,Universal Analysis Mode,Healthy,Machine is safe. Continue regular monitoring.
LAO,418,1951,49800.0,11.2,1.71,27.68,Universal Analysis Mode,Healthy,Machine is safe. Continue regular monitoring.
LAO,418,1952,49800.0,10.96,1.71,27.67,Universal Analysis Mode,Healthy,Machine is safe. Continue regular monitoring.
LAO,418,1953,49800.0,12.27,1.93,28.99,Universal Analysis Mode,Healthy,Machine is safe. Continue regular monitoring.
LAO,418,1954,49800.0,12.21,1.93,28.89,Universal Analysis Mode,Healthy,Machine is safe. Continue regular monitoring.
LAO,418,1955,49800.0,12.27,1.93,28.55,Universal Analysis Mode,Healthy,Machine is safe. Continue regular monitoring.
LAO,418,1956,49800.0,12.07,1.93,28.53,Universal Analysis Mode,Healthy,Machine is safe. Continue regular monitoring.
LAO,418,1957,49800.0,11.48,1.9,28.26,Universal Analysis Mode,Healthy,Machine is safe. Continue regular monitoring.
LAO,418,1958,49800.0,12.25,2.08,28.7,Universal Analysis Mode,Healthy,Machine is safe. Continue regular monitoring.
LAO,418,1959,49800.0,12.14,2.08,28.73,Universal Analysis Mode,Healthy,Machine is safe. Continue regular monitoring.
LAO,418,1960,0.0,10.91,1.9,24.31,Universal Analysis Mode,Healthy,Machine is safe. Continue regular monitoring.
LAO,418,1961,0.0,10.24,1.8,24.26,Universal Analysis Mode,Healthy,Machine is safe. Continue regular monitoring.
LAO,418,1962,0.0,10.12,1.8,25.12,Universal Analysis Mode,Healthy,Machine is safe. Continue regular monitoring.
LAO,418,1963,0.0,9.99,1.8,24.95,Universal Analysis Mode,Healthy,Machine is safe. Continue regular monitoring.
LAO,418,1964,0.0,9.86,1.8,24.03,Universal Analysis Mode,Healthy,Machine is safe. Continue regular monitoring.
LAO,418,1965,0.0,9.71,1.8,24.64,Universal Analysis Mode,Healthy,Machine is safe. Continue regular monitoring.
LAO,418,1966,0.0,9.41,1.8,23.99,Universal Analysis Mode,Healthy,Machine is safe. Continue regular monitoring.
LAO,418,1967,0.0,9.16,1.8,23.88,Universal Analysis Mode,Healthy,Machine is safe. Continue regular monitoring.
LAO,418,1968,0.0,8.8,1.8,23.64,Universal Analysis Mode,Healthy,Machine is safe. Continue regular monitoring.
LAO,418,1969,0.0,8.35,1.8,23.76,Universal Analysis Mode,Healthy,Machine is safe. Continue regular monitoring.
LAO,418,1970,0.0,7.88,1.8,23.51,Universal Analysis Mode,Healthy,Machine is safe. Continue regular monitoring.
LAO,418,1971,0.0,9.41,2.24,23.85,Universal Analysis Mode,Healthy,Machine is safe. Continue regular monitoring.
LAO,418,1972,0.0,10.09,2.48,23.87,Universal Analysis Mode,Healthy,Machine is safe. Continue regular monitoring.
LAO,418,1973,0.0,12.59,3.29,24.1,Universal Analysis Mode,Healthy,Machine is safe. Continue regular monitoring.
LAO,418,1974,0.0,39.93,11.58,25.98,Universal Analysis Mode,Healthy,Machine is safe. Continue regular monitoring.
LAO,418,1975,0.0,36.44,11.53,26.24,Universal Analysis Mode,Healthy,Machine is safe. Continue regular monitoring.
LAO,418,1976,0.0,38.23,12.8,27.83,Universal Analysis Mode,Healthy,Machine is safe. Continue regular monitoring.
LAO,418,1977,0.0,39.04,13.92,29.03,Universal Analysis Mode,Healthy,Machine is safe. Continue regular monitoring.
LAO,418,1978,0.0,36.54,14.02,28.69,Universal Analysis Mode,Healthy,Machine is safe. Continue regular monitoring.
LAO,418,1979,0.0,74.02,31.61,31.07,Universal Analysis Mode,Warning,Maintenance inspection recommended soon.
LAO,418,1980,0.0,75.97,36.83,32.3,Universal Analysis Mode,Warning,Maintenance inspection recommended soon.
LAO,418,1981,0.0,67.14,35.93,32.78,Universal Analysis Mode,Warning,Maintenance inspection recommended soon.
LAO,418,1982,0.0,58.02,32.97,32.87,Universal Analysis Mode,Warning,Maintenance inspection recommended soon.
LAO,418,1983,0.0,50.39,29.55,32.48,Universal Analysis Mode,Warning,Maintenance inspection recommended soon.
LAO,418,1984,0.0,45.82,28.78,32.11,Universal Analysis Mode,Warning,Maintenance inspection recommended soon.
LAO,418,1985,0.0,43.43,27.56,31.84,Universal Analysis Mode,Warning,Maintenance inspection recommended soon.
LAO,418,1986,0.0,22.22,14.43,29.45,Universal Analysis Mode,Healthy,Machine is safe. Continue regular monitoring.
LAO,418,1987,0.0,27.46,18.44,28.52,Universal Analysis Mode,Healthy,Machine is safe. Continue regular monitoring.
LAO,418,1988,0.0,21.42,14.92,26.94,Universal Analysis Mode,Healthy,Machine is safe. Continue regular monitoring.
LAO,418,1989,0.0,24.87,18.23,27.41,Universal Analysis Mode,Healthy,Machine is safe. Continue regular monitoring.
LAO,418,1990,0.0,30.88,23.73,29.38,Universal Analysis Mode,Healthy,Machine is safe. Continue regular monitoring.
LAO,418,1991,0.0,24.95,20.0,29.27,Universal Analysis Mode,Healthy,Machine is safe. Continue regular monitoring.
LAO,418,1992,0.0,23.39,19.32,27.75,Universal Analysis Mode,Healthy,Machine is safe. Continue regular monitoring.
LAO,418,1993,0.0,20.01,16.97,27.35,Universal Analysis Mode,Healthy,Machine is safe. Continue regular monitoring.
LAO,418,1994,0.0,18.26,15.82,26.79,Universal Analysis Mode,Healthy,Machine is safe. Continue regular monitoring.
LAO,418,1995,0.0,19.1,17.02,26.72,Universal Analysis Mode,Healthy,Machine is safe. Continue regular monitoring.
LAO,418,1996,0.0,22.48,20.67,27.49,Universal Analysis Mode,Healthy,Machine is safe. Continue regular monitoring.
LAO,418,1997,0.0,20.38,19.09,27.31,Universal Analysis Mode,Healthy,Machine is safe. Continue regular monitoring.
LAO,418,1998,0.0,13.62,12.72,26.29,Universal Analysis Mode,Healthy,Machine is safe. Continue regular monitoring.
LAO,418,1999,0.0,18.56,17.97,27.03,Universal Analysis Mode,Healthy,Machine is safe. Continue regular monitoring.
LAO,418,2000,0.0,28.5,28.5,30.2,Universal Analysis Mode,Warning,Maintenance inspection recommended soon.
LAO,418,2001,0.0,23.7,24.44,30.14,Universal Analysis Mode,Warning,Maintenance inspection recommended soon.
LAO,418,2002,0.0,23.72,25.02,29.72,Universal Analysis Mode,Healthy,Machine is safe. Continue regular monitoring.
LAO,418,2003,0.0,26.54,28.83,31.82,Universal Analysis Mode,Warning,Maintenance inspection recommended soon.
LAO,418,2004,0.0,34.3,38.26,32.32,Universal Analysis Mode,Warning,Maintenance inspection recommended soon.
LAO,418,2005,0.0,47.26,54.52,33.96,Universal Analysis Mode,Warning,Maintenance inspection recommended soon.
LAO,418,2006,0.0,55.37,65.14,33.39,Universal Analysis Mode,Warning,Maintenance inspection recommended soon.
LAO,418,2007,0.0,60.12,72.39,33.63,Universal Analysis Mode,Warning,Maintenance inspection recommended soon.
LAO,418,2008,0.0,77.79,97.26,34.31,Universal Analysis Mode,Warning,Maintenance inspection recommended soon.
LAO,418,2009,0.0,49.5,61.67,30.91,Universal Analysis Mode,Warning,Maintenance inspection recommended soon.
LAO,418,2010,0.0,62.78,79.5,31.42,Universal Analysis Mode,Warning,Maintenance inspection recommended soon.
LAO,418,2011,0.0,85.17,111.26,30.88,Universal Analysis Mode,Warning,Maintenance inspection recommended soon.
LAO,418,2012,0.0,83.75,111.67,30.04,Universal Analysis Mode,Warning,Maintenance inspection recommended soon.
LAO,418,2013,0.0,80.32,108.66,30.28,Universal Analysis Mode,Warning,Maintenance inspection recommended soon.
LAO,418,2014,0.0,71.97,98.95,31.33,Universal Analysis Mode,Warning,Maintenance inspection recommended soon.
LVA,428,1932,49800.0,10.86,0.87,29.92,Universal Analysis Mode,Healthy,Machine is safe. Continue regular monitoring.
LVA,428,1933,49800.0,8.82,0.67,29.9,Universal Analysis Mode,Healthy,Machine is safe. Continue regular monitoring.
LVA,428,1934,49800.0,12.72,1.0,30.38,Universal Analysis Mode,Warning,Maintenance inspection recommended soon.
LVA,428,1935,49800.0,12.04,0.97,30.02,Universal Analysis Mode,Warning,Maintenance inspection recommended soon.
LVA,428,1936,49800.0,13.38,1.09,30.33,Universal Analysis Mode,Warning,Maintenance inspection recommended soon.
LVA,428,1937,49800.0,13.98,1.18,30.1,Universal Analysis Mode,Warning,Maintenance inspection recommended soon.
LVA,428,1938,49800.0,13.66,1.13,30.13,Universal Analysis Mode,Warning,Maintenance inspection recommended soon.
LVA,428,1939,49800.0,12.5,1.02,30.05,Universal Analysis Mode,Warning,Maintenance inspection recommended soon.
LVA,428,1940,49800.0,12.38,1.02,29.16,Universal Analysis Mode,Healthy,Machine is safe. Continue regular monitoring.
LVA,428,1941,49800.0,13.18,1.14,29.19,Universal Analysis Mode,Healthy,Machine is safe. Continue regular monitoring.
LVA,428,1942,49800.0,12.42,1.19,29.0,Universal Analysis Mode,Healthy,Machine is safe. Continue regular monitoring.
LVA,428,1943,49800.0,11.81,1.2,28.75,Universal Analysis Mode,Healthy,Machine is safe. Continue regular monitoring.
LVA,428,1944,49800.0,11.71,1.21,28.71,Universal Analysis Mode,Healthy,Machine is safe. Continue regular monitoring.
LVA,428,1945,49800.0,9.93,1.05,28.37,Universal Analysis Mode,Healthy,Machine is safe. Continue regular monitoring.
LVA,428,1946,49800.0,9.77,1.12,28.26,Universal Analysis Mode,Healthy,Machine is safe. Continue regular monitoring.
LVA,428,1947,49800.0,14.48,1.9,29.21,Universal Analysis Mode,Healthy,Machine is safe. Continue regular monitoring.
LVA,428,1948,49800.0,14.07,1.99,29.23,Universal Analysis Mode,Healthy,Machine is safe. Continue regular monitoring.
LVA,428,1949,49800.0,12.71,1.78,28.79,Universal Analysis Mode,Healthy,Machine is safe. Continue regular monitoring.
LVA,428,1950,49800.0,12.08,1.71,27.91,Universal Analysis Mode,Healthy,Machine is safe. Continue regular monitoring.
LVA,428,1951,49800.0,11.2,1.71,27.71,Universal Analysis Mode,Healthy,Machine is safe. Continue regular monitoring.
LVA,428,1952,49800.0,10.96,1.71,27.69,Universal Analysis Mode,Healthy,Machine is safe. Continue regular monitoring.
LVA,428,1953,49800.0,12.27,1.93,28.2,Universal Analysis Mode,Healthy,Machine is safe. Continue regular monitoring.
LVA,428,1954,49800.0,12.21,1.93,28.1,Universal Analysis Mode,Healthy,Machine is safe. Continue regular monitoring.
LVA,428,1955,49800.0,12.27,1.93,27.75,Universal Analysis Mode,Healthy,Machine is safe. Continue regular monitoring.
LVA,428,1956,49800.0,12.07,1.93,27.73,Universal Analysis Mode,Healthy,Machine is safe. Continue regular monitoring.
LVA,428,1957,49800.0,11.48,1.9,27.46,Universal Analysis Mode,Healthy,Machine is safe. Continue regular monitoring.
LVA,428,1958,49800.0,12.25,2.08,27.91,Universal Analysis Mode,Healthy,Machine is safe. Continue regular monitoring.
LVA,428,1959,49800.0,12.14,2.08,27.93,Universal Analysis Mode,Healthy,Machine is safe. Continue regular monitoring.
LVA,428,1960,49800.0,10.91,1.9,27.86,Universal Analysis Mode,Healthy,Machine is safe. Continue regular monitoring.
LVA,428,1961,49800.0,10.24,1.8,27.8,Universal Analysis Mode,Healthy,Machine is safe. Continue regular monitoring.
LVA,428,1962,49800.0,10.12,1.8,28.66,Universal Analysis Mode,Healthy,Machine is safe. Continue regular monitoring.
LVA,428,1963,49800.0,9.99,1.8,28.49,Universal Analysis Mode,Healthy,Machine is safe. Continue regular monitoring.
LVA,428,1964,49800.0,9.86,1.8,27.57,Universal Analysis Mode,Healthy,Machine is safe. Continue regular monitoring.
LVA,428,1965,49800.0,9.71,1.8,28.17,Universal Analysis Mode,Healthy,Machine is safe. Continue regular monitoring.
LVA,428,1966,49800.0,9.41,1.8,27.52,Universal Analysis Mode,Healthy,Machine is safe. Continue regular monitoring.
LVA,428,1967,49800.0,9.16,1.8,27.4,Universal Analysis Mode,Healthy,Machine is safe. Continue regular monitoring.
LVA,428,1968,49800.0,8.8,1.8,27.16,Universal Analysis Mode,Healthy,Machine is safe. Continue regular monitoring.
LVA,428,1969,49800.0,8.35,1.8,27.27,Universal Analysis Mode,Healthy,Machine is safe. Continue regular monitoring.
LVA,428,1970,49800.0,7.88,1.8,27.02,Universal Analysis Mode,Healthy,Machine is safe. Continue regular monitoring.
LVA,428,1971,49800.0,9.41,2.24,27.35,Universal Analysis Mode,Healthy,Machine is safe. Continue regular monitoring.
LVA,428,1972,49800.0,10.09,2.48,27.36,Universal Analysis Mode,Healthy,Machine is safe. Continue regular monitoring.
LVA,428,1973,49800.0,12.59,3.29,27.59,Universal Analysis Mode,Healthy,Machine is safe. Continue regular monitoring.
LVA,428,1974,49800.0,39.93,11.58,29.46,Universal Analysis Mode,Healthy,Machine is safe. Continue regular monitoring.
LVA,428,1975,49800.0,36.44,11.53,29.72,Universal Analysis Mode,Healthy,Machine is safe. Continue regular monitoring.
LVA,428,1976,49800.0,38.23,12.8,31.3,Universal Analysis Mode,Warning,Maintenance inspection recommended soon.
LVA,428,1977,49800.0,39.04,13.92,32.5,Universal Analysis Mode,Warning,Maintenance inspection recommended soon.
LVA,428,1978,49800.0,36.54,14.02,32.16,Universal Analysis Mode,Warning,Maintenance inspection recommended soon.
LVA,428,1979,49800.0,74.02,31.61,34.53,Universal Analysis Mode,Warning,Maintenance inspection recommended soon.
LVA,428,1980,49800.0,75.97,36.83,35.76,Universal Analysis Mode,Warning,Maintenance inspection recommended soon.
LVA,428,1981,49800.0,67.14,35.93,36.24,Universal Analysis Mode,Warning,Maintenance inspection recommended soon.
LVA,428,1982,49800.0,58.02,32.97,36.33,Universal Analysis Mode,Warning,Maintenance inspection recommended soon.
LVA,428,1983,49800.0,50.39,29.55,35.93,Universal Analysis Mode,Warning,Maintenance inspection recommended soon.
LVA,428,1984,49800.0,45.82,28.78,35.55,Universal Analysis Mode,Warning,Maintenance inspection recommended soon.
LVA,428,1985,49800.0,43.43,27.56,35.28,Universal Analysis Mode,Warning,Maintenance inspection recommended soon.
LVA,428,1986,49800.0,22.22,14.43,32.87,Universal Analysis Mode,Warning,Maintenance inspection recommended soon.
LVA,428,1987,49800.0,27.46,18.44,31.94,Universal Analysis Mode,Warning,Maintenance inspection recommended soon.
LVA,428,1988,49800.0,21.42,14.92,30.35,Universal Analysis Mode,Warning,Maintenance inspection recommended soon.
LVA,428,1989,49800.0,24.87,18.23,30.81,Universal Analysis Mode,Warning,Maintenance inspection recommended soon.
LVA,428,1990,49800.0,30.88,23.73,32.77,Universal Analysis Mode,Warning,Maintenance inspection recommended soon.
LVA,428,1991,0.0,24.95,20.0,29.11,Universal Analysis Mode,Healthy,Machine is safe. Continue regular monitoring.
LVA,428,1992,0.0,23.39,19.32,23.76,Universal Analysis Mode,Healthy,Machine is safe. Continue regular monitoring.
LVA,428,1993,0.0,20.01,16.97,23.45,Universal Analysis Mode,Healthy,Machine is safe. Continue regular monitoring.
LVA,428,1994,0.0,18.26,15.82,22.9,Universal Analysis Mode,Healthy,Machine is safe. Continue regular monitoring.
LVA,428,1995,0.0,19.1,17.02,22.76,Universal Analysis Mode,Healthy,Machine is safe. Continue regular monitoring.
LVA,428,1996,0.0,22.48,20.67,23.54,Universal Analysis Mode,Healthy,Machine is safe. Continue regular monitoring.
LVA,428,1997,0.0,20.38,19.09,23.31,Universal Analysis Mode,Healthy,Machine is safe. Continue regular monitoring.
LVA,428,1998,0.0,13.62,12.72,22.28,Universal Analysis Mode,Healthy,Machine is safe. Continue regular monitoring.
LVA,428,1999,0.0,18.56,17.97,23.02,Universal Analysis Mode,Healthy,Machine is safe. Continue regular monitoring.
LVA,428,2000,0.0,28.5,28.5,26.09,Universal Analysis Mode,Healthy,Machine is safe. Continue regular monitoring.
LVA,428,2001,0.0,23.7,24.44,26.0,Universal Analysis Mode,Healthy,Machine is safe. Continue regular monitoring.
LVA,428,2002,0.0,23.72,25.02,25.59,Universal Analysis Mode,Healthy,Machine is safe. Continue regular monitoring.
LVA,428,2003,0.0,26.54,28.83,27.63,Universal Analysis Mode,Healthy,Machine is safe. Continue regular monitoring.
LVA,428,2004,0.0,34.3,38.26,28.11,Universal Analysis Mode,Healthy,Machine is safe. Continue regular monitoring.
LVA,428,2005,0.0,47.26,54.52,29.32,Universal Analysis Mode,Healthy,Machine is safe. Continue regular monitoring.
LVA,428,2006,0.0,55.37,65.14,26.14,Universal Analysis Mode,Healthy,Machine is safe. Continue regular monitoring.
LVA,428,2007,0.0,60.12,72.39,28.74,Universal Analysis Mode,Healthy,Machine is safe. Continue regular monitoring.
LVA,428,2008,0.0,77.79,97.26,29.42,Universal Analysis Mode,Healthy,Machine is safe. Continue regular monitoring.
LVA,428,2009,0.0,49.5,61.67,23.76,Universal Analysis Mode,Healthy,Machine is safe. Continue regular monitoring.
LVA,428,2010,0.0,62.78,79.5,24.84,Universal Analysis Mode,Healthy,Machine is safe. Continue regular monitoring.
LVA,428,2011,0.0,85.17,111.26,25.03,Universal Analysis Mode,Healthy,Machine is safe. Continue regular monitoring.
LVA,428,2012,0.0,83.75,111.67,23.21,Universal Analysis Mode,Healthy,Machine is safe. Continue regular monitoring.
LVA,428,2013,0.0,80.32,108.66,28.3,Universal Analysis Mode,Healthy,Machine is safe. Continue regular monitoring.
LVA,428,2014,0.0,71.97,98.95,30.84,Universal Analysis Mode,Warning,Maintenance inspection recommended soon.
LBN,422,1932,49800.0,10.86,0.87,29.08,Universal Analysis Mode,Healthy,Machine is safe. Continue regular monitoring.
LBN,422,1933,49800.0,8.82,0.67,29.07,Universal Analysis Mode,Healthy,Machine is safe. Continue regular monitoring.
LBN,422,1934,49800.0,12.72,1.0,29.54,Universal Analysis Mode,Healthy,Machine is safe. Continue regular monitoring.
LBN,422,1935,49800.0,12.04,0.97,29.19,Universal Analysis Mode,Healthy,Machine is safe. Continue regular monitoring.
LBN,422,1936,49800.0,13.38,1.09,29.5,Universal Analysis Mode,Healthy,Machine is safe. Continue regular monitoring.
LBN,422,1937,49800.0,13.98,1.18,29.26,Universal Analysis Mode,Healthy,Machine is safe. Continue regular monitoring.
LBN,422,1938,49800.0,13.66,1.13,29.29,Universal Analysis Mode,Healthy,Machine is safe. Continue regular monitoring.
LBN,422,1939,49800.0,12.5,1.02,29.22,Universal Analysis Mode,Healthy,Machine is safe. Continue regular monitoring.
LBN,422,1940,49800.0,12.38,1.02,29.14,Universal Analysis Mode,Healthy,Machine is safe. Continue regular monitoring.
LBN,422,1941,49800.0,13.18,1.14,29.17,Universal Analysis Mode,Healthy,Machine is safe. Continue regular monitoring.
LBN,422,1942,49800.0,12.42,1.19,28.98,Universal Analysis Mode,Healthy,Machine is safe. Continue regular monitoring.
LBN,422,1943,49800.0,11.81,1.2,29.54,Universal Analysis Mode,Healthy,Machine is safe. Continue regular monitoring.
LBN,422,1944,49800.0,11.71,1.21,29.5,Universal Analysis Mode,Healthy,Machine is safe. Continue regular monitoring.
LBN,422,1945,49800.0,9.93,1.05,29.16,Universal Analysis Mode,Healthy,Machine is safe. Continue regular monitoring.
LBN,422,1946,49800.0,9.77,1.12,29.05,Universal Analysis Mode,Healthy,Machine is safe. Continue regular monitoring.
LBN,422,1947,49800.0,14.48,1.9,30.0,Universal Analysis Mode,Warning,Maintenance inspection recommended soon.
LBN,422,1948,49800.0,14.07,1.99,30.02,Universal Analysis Mode,Warning,Maintenance inspection recommended soon.
LBN,422,1949,49800.0,12.71,1.78,29.58,Universal Analysis Mode,Healthy,Machine is safe. Continue regular monitoring.
LBN,422,1950,49800.0,12.08,1.71,28.62,Universal Analysis Mode,Healthy,Machine is safe. Continue regular monitoring.
LBN,422,1951,49800.0,11.2,1.71,28.43,Universal Analysis Mode,Healthy,Machine is safe. Continue regular monitoring.
LBN,422,1952,49800.0,10.96,1.71,28.41,Universal Analysis Mode,Healthy,Machine is safe. Continue regular monitoring.
LBN,422,1953,49800.0,12.27,1.93,28.92,Universal Analysis Mode,Healthy,Machine is safe. Continue regular monitoring.
LBN,422,1954,49800.0,12.21,1.93,28.82,Universal Analysis Mode,Healthy,Machine is safe. Continue regular monitoring.
LBN,422,1955,49800.0,12.27,1.93,28.48,Universal Analysis Mode,Healthy,Machine is safe. Continue regular monitoring.
LBN,422,1956,49800.0,12.07,1.93,28.46,Universal Analysis Mode,Healthy,Machine is safe. Continue regular monitoring.
LBN,422,1957,49800.0,11.48,1.9,28.2,Universal Analysis Mode,Healthy,Machine is safe. Continue regular monitoring.
LBN,422,1958,49800.0,12.25,2.08,28.64,Universal Analysis Mode,Healthy,Machine is safe. Continue regular monitoring.
LBN,422,1959,49800.0,12.14,2.08,28.67,Universal Analysis Mode,Healthy,Machine is safe. Continue regular monitoring.
LBN,422,1960,0.0,10.91,1.9,24.25,Universal Analysis Mode,Healthy,Machine is safe. Continue regular monitoring.
LBN,422,1961,0.0,10.24,1.8,24.2,Universal Analysis Mode,Healthy,Machine is safe. Continue regular monitoring.
LBN,422,1962,0.0,10.12,1.8,25.06,Universal Analysis Mode,Healthy,Machine is safe. Continue regular monitoring.
LBN,422,1963,0.0,9.99,1.8,24.89,Universal Analysis Mode,Healthy,Machine is safe. Continue regular monitoring.
LBN,422,1964,0.0,9.86,1.8,23.98,Universal Analysis Mode,Healthy,Machine is safe. Continue regular monitoring.
LBN,422,1965,0.0,9.71,1.8,24.6,Universal Analysis Mode,Healthy,Machine is safe. Continue regular monitoring.
LBN,422,1966,0.0,9.41,1.8,23.95,Universal Analysis Mode,Healthy,Machine is safe. Continue regular monitoring.
LBN,422,1967,0.0,9.16,1.8,23.84,Universal Analysis Mode,Healthy,Machine is safe. Continue regular monitoring.
LBN,422,1968,0.0,8.8,1.8,23.59,Universal Analysis Mode,Healthy,Machine is safe. Continue regular monitoring.
LBN,422,1969,0.0,8.35,1.8,23.71,Universal Analysis Mode,Healthy,Machine is safe. Continue regular monitoring.
LBN,422,1970,0.0,7.88,1.8,23.46,Universal Analysis Mode,Healthy,Machine is safe. Continue regular monitoring.
LBN,422,1971,0.0,9.41,2.24,23.8,Universal Analysis Mode,Healthy,Machine is safe. Continue regular monitoring.
LBN,422,1972,0.0,10.09,2.48,23.83,Universal Analysis Mode,Healthy,Machine is safe. Continue regular monitoring.
LBN,422,1973,0.0,12.59,3.29,24.07,Universal Analysis Mode,Healthy,Machine is safe. Continue regular monitoring.
LBN,422,1974,0.0,39.93,11.58,25.97,Universal Analysis Mode,Healthy,Machine is safe. Continue regular monitoring.
LBN,422,1975,0.0,36.44,11.53,26.24,Universal Analysis Mode,Healthy,Machine is safe. Continue regular monitoring.
LBN,422,1976,0.0,38.23,12.8,27.83,Universal Analysis Mode,Healthy,Machine is safe. Continue regular monitoring.
LBN,422,1977,0.0,39.04,13.92,29.02,Universal Analysis Mode,Healthy,Machine is safe. Continue regular monitoring.
LBN,422,1978,0.0,36.54,14.02,28.68,Universal Analysis Mode,Healthy,Machine is safe. Continue regular monitoring.
LBN,422,1979,0.0,74.02,31.61,31.06,Universal Analysis Mode,Warning,Maintenance inspection recommended soon.
LBN,422,1980,0.0,75.97,36.83,32.28,Universal Analysis Mode,Warning,Maintenance inspection recommended soon.
LBN,422,1981,0.0,67.14,35.93,32.76,Universal Analysis Mode,Warning,Maintenance inspection recommended soon.
LBN,422,1982,0.0,58.02,32.97,32.84,Universal Analysis Mode,Warning,Maintenance inspection recommended soon.
LBN,422,1983,0.0,50.39,29.55,32.44,Universal Analysis Mode,Warning,Maintenance inspection recommended soon.
LBN,422,1984,0.0,45.82,28.78,32.06,Universal Analysis Mode,Warning,Maintenance inspection recommended soon.
LBN,422,1985,0.0,43.43,27.56,31.79,Universal Analysis Mode,Warning,Maintenance inspection recommended soon.
LBN,422,1986,0.0,22.22,14.43,26.51,Universal Analysis Mode,Healthy,Machine is safe. Continue regular monitoring.
LBN,422,1987,0.0,27.46,18.44,25.62,Universal Analysis Mode,Healthy,Machine is safe. Continue regular monitoring.
LBN,422,1988,0.0,21.42,14.92,24.03,Universal Analysis Mode,Healthy,Machine is safe. Continue regular monitoring.
LBN,422,1989,0.0,24.87,18.23,24.48,Universal Analysis Mode,Healthy,Machine is safe. Continue regular monitoring.
LBN,422,1990,0.0,30.88,23.73,25.78,Universal Analysis Mode,Healthy,Machine is safe. Continue regular monitoring.
LBN,422,1991,0.0,24.95,20.0,25.75,Universal Analysis Mode,Healthy,Machine is safe. Continue regular monitoring.
LBN,422,1992,0.0,23.39,19.32,24.23,Universal Analysis Mode,Healthy,Machine is safe. Continue regular monitoring.
LBN,422,1993,0.0,20.01,16.97,23.85,Universal Analysis Mode,Healthy,Machine is safe. Continue regular monitoring.
LBN,422,1994,0.0,18.26,15.82,26.66,Universal Analysis Mode,Healthy,Machine is safe. Continue regular monitoring.
LBN,422,1995,0.0,19.1,17.02,26.58,Universal Analysis Mode,Healthy,Machine is safe. Continue regular monitoring.
LBN,422,1996,0.0,22.48,20.67,27.35,Universal Analysis Mode,Healthy,Machine is safe. Continue regular monitoring.
LBN,422,1997,0.0,20.38,19.09,27.17,Universal Analysis Mode,Healthy,Machine is safe. Continue regular monitoring.
LBN,422,1998,0.0,13.62,12.72,26.14,Universal Analysis Mode,Healthy,Machine is safe. Continue regular monitoring.
LBN,422,1999,0.0,18.56,17.97,26.88,Universal Analysis Mode,Healthy,Machine is safe. Continue regular monitoring.
LBN,422,2000,0.0,28.5,28.5,30.05,Universal Analysis Mode,Warning,Maintenance inspection recommended soon.
LBN,422,2001,0.0,23.7,24.44,29.99,Universal Analysis Mode,Healthy,Machine is safe. Continue regular monitoring.
LBN,422,2002,0.0,23.72,25.02,29.57,Universal Analysis Mode,Healthy,Machine is safe. Continue regular monitoring.
LBN,422,2003,0.0,26.54,28.83,31.68,Universal Analysis Mode,Warning,Maintenance inspection recommended soon.
LBN,422,2004,0.0,34.3,38.26,32.18,Universal Analysis Mode,Warning,Maintenance inspection recommended soon.
LBN,422,2005,0.0,47.26,54.52,33.43,Universal Analysis Mode,Warning,Maintenance inspection recommended soon.
LBN,422,2006,0.0,55.37,65.14,32.85,Universal Analysis Mode,Warning,Maintenance inspection recommended soon.
LBN,422,2007,0.0,60.12,72.39,32.8,Universal Analysis Mode,Warning,Maintenance inspection recommended soon.
LBN,422,2008,0.0,77.79,97.26,33.46,Universal Analysis Mode,Warning,Maintenance inspection recommended soon.
LBN,422,2009,0.0,49.5,61.67,26.8,Universal Analysis Mode,Healthy,Machine is safe. Continue regular monitoring.
LBN,422,2010,0.0,62.78,79.5,27.77,Universal Analysis Mode,Healthy,Machine is safe. Continue regular monitoring.
LBN,422,2011,0.0,85.17,111.26,30.82,Universal Analysis Mode,Warning,Maintenance inspection recommended soon.
LBN,422,2012,0.0,83.75,111.67,29.7,Universal Analysis Mode,Healthy,Machine is safe. Continue regular monitoring.
LBN,422,2013,0.0,80.32,108.66,29.94,Universal Analysis Mode,Healthy,Machine is safe. Continue regular monitoring.
LBN,422,2014,0.0,71.97,98.95,30.98,Universal Analysis Mode,Warning,Maintenance inspection recommended soon.
LSO,426,1932,49800.0,10.86,0.87,29.1,Universal Analysis Mode,Healthy,Machine is safe. Continue regular monitoring.
LSO,426,1933,49800.0,8.82,0.67,29.08,Universal Analysis Mode,Healthy,Machine is safe. Continue regular monitoring.
LSO,426,1934,49800.0,12.72,1.0,29.55,Universal Analysis Mode,Healthy,Machine is safe. Continue regular monitoring.
LSO,426,1935,49800.0,12.04,0.97,29.2,Universal Analysis Mode,Healthy,Machine is safe. Continue regular monitoring.
LSO,426,1936,49800.0,13.38,1.09,29.51,Universal Analysis Mode,Healthy,Machine is safe. Continue regular monitoring.
LSO,426,1937,49800.0,13.98,1.18,29.27,Universal Analysis Mode,Healthy,Machine is safe. Continue regular monitoring.
LSO,426,1938,49800.0,13.66,1.13,29.3,Universal Analysis Mode,Healthy,Machine is safe. Continue regular monitoring.
LSO,426,1939,49800.0,12.5,1.02,29.23,Universal Analysis Mode,Healthy,Machine is safe. Continue regular monitoring.
LSO,426,1940,49800.0,12.38,1.02,29.16,Universal Analysis Mode,Healthy,Machine is safe. Continue regular monitoring.
LSO,426,1941,49800.0,13.18,1.14,29.18,Universal Analysis Mode,Healthy,Machine is safe. Continue regular monitoring.
LSO,426,1942,49800.0,12.42,1.19,28.99,Universal Analysis Mode,Healthy,Machine is safe. Continue regular monitoring.
LSO,426,1943,49800.0,11.81,1.2,28.74,Universal Analysis Mode,Healthy,Machine is safe. Continue regular monitoring.
LSO,426,1944,49800.0,11.71,1.21,28.7,Universal Analysis Mode,Healthy,Machine is safe. Continue regular monitoring.
LSO,426,1945,49800.0,9.93,1.05,28.36,Universal Analysis Mode,Healthy,Machine is safe. Continue regular monitoring.
LSO,426,1946,49800.0,9.77,1.12,28.25,Universal Analysis Mode,Healthy,Machine is safe. Continue regular monitoring.
LSO,426,1947,49800.0,14.48,1.9,29.2,Universal Analysis Mode,Healthy,Machine is safe. Continue regular monitoring.
LSO,426,1948,49800.0,14.07,1.99,29.22,Universal Analysis Mode,Healthy,Machine is safe. Continue regular monitoring.
LSO,426,1949,49800.0,12.71,1.78,28.78,Universal Analysis Mode,Healthy,Machine is safe. Continue regular monitoring.
LSO,426,1950,49800.0,12.08,1.71,27.71,Universal Analysis Mode,Healthy,Machine is safe. Continue regular monitoring.
LSO,426,1951,49800.0,11.2,1.71,27.52,Universal Analysis Mode,Healthy,Machine is safe. Continue regular monitoring.
LSO,426,1952,49800.0,10.96,1.71,27.5,Universal Analysis Mode,Healthy,Machine is safe. Continue regular monitoring.
LSO,426,1953,49800.0,12.27,1.93,28.01,Universal Analysis Mode,Healthy,Machine is safe. Continue regular monitoring.
LSO,426,1954,49800.0,12.21,1.93,27.91,Universal Analysis Mode,Healthy,Machine is safe. Continue regular monitoring.
LSO,426,1955,49800.0,12.27,1.93,27.56,Universal Analysis Mode,Healthy,Machine is safe. Continue regular monitoring.
LSO,426,1956,49800.0,12.07,1.93,27.54,Universal Analysis Mode,Healthy,Machine is safe. Continue regular monitoring.
LSO,426,1957,49800.0,11.48,1.9,27.27,Universal Analysis Mode,Healthy,Machine is safe. Continue regular monitoring.
LSO,426,1958,49800.0,12.25,2.08,27.71,Universal Analysis Mode,Healthy,Machine is safe. Continue regular monitoring.
LSO,426,1959,49800.0,12.14,2.08,27.73,Universal Analysis Mode,Healthy,Machine is safe. Continue regular monitoring.
LSO,426,1960,49800.0,10.91,1.9,27.67,Universal Analysis Mode,Healthy,Machine is safe. Continue regular monitoring.
LSO,426,1961,49800.0,10.24,1.8,27.61,Universal Analysis Mode,Healthy,Machine is safe. Continue regular monitoring.
LSO,426,1962,49800.0,10.12,1.8,28.47,Universal Analysis Mode,Healthy,Machine is safe. Continue regular monitoring.
LSO,426,1963,49800.0,9.99,1.8,28.29,Universal Analysis Mode,Healthy,Machine is safe. Continue regular monitoring.
LSO,426,1964,49800.0,9.86,1.8,27.38,Universal Analysis Mode,Healthy,Machine is safe. Continue regular monitoring.
LSO,426,1965,0.0,9.71,1.8,23.63,Universal Analysis Mode,Healthy,Machine is safe. Continue regular monitoring.
LSO,426,1966,0.0,9.41,1.8,23.79,Universal Analysis Mode,Healthy,Machine is safe. Continue regular monitoring.
LSO,426,1967,0.0,9.16,1.8,23.67,Universal Analysis Mode,Healthy,Machine is safe. Continue regular monitoring.
LSO,426,1968,0.0,8.8,1.8,23.43,Universal Analysis Mode,Healthy,Machine is safe. Continue regular monitoring.
LSO,426,1969,0.0,8.35,1.8,23.55,Universal Analysis Mode,Healthy,Machine is safe. Continue regular monitoring.
LSO,426,1970,0.0,7.88,1.8,23.29,Universal Analysis Mode,Healthy,Machine is safe. Continue regular monitoring.
LSO,426,1971,0.0,9.41,2.24,23.63,Universal Analysis Mode,Healthy,Machine is safe. Continue regular monitoring.
LSO,426,1972,0.0,10.09,2.48,23.64,Universal Analysis Mode,Healthy,Machine is safe. Continue regular monitoring.
LSO,426,1973,0.0,12.59,3.29,23.87,Universal Analysis Mode,Healthy,Machine is safe. Continue regular monitoring.
LSO,426,1974,0.0,39.93,11.58,25.75,Universal Analysis Mode,Healthy,Machine is safe. Continue regular monitoring.
LSO,426,1975,0.0,36.44,11.53,26.0,Universal Analysis Mode,Healthy,Machine is safe. Continue regular monitoring.
LSO,426,1976,0.0,38.23,12.8,27.59,Universal Analysis Mode,Healthy,Machine is safe. Continue regular monitoring.
LSO,426,1977,0.0,39.04,13.92,28.79,Universal Analysis Mode,Healthy,Machine is safe. Continue regular monitoring.
LSO,426,1978,0.0,36.54,14.02,28.46,Universal Analysis Mode,Healthy,Machine is safe. Continue regular monitoring.
LSO,426,1979,0.0,74.02,31.61,30.83,Universal Analysis Mode,Warning,Maintenance inspection recommended soon.
LSO,426,1980,0.0,75.97,36.83,32.07,Universal Analysis Mode,Warning,Maintenance inspection recommended soon.
LSO,426,1981,0.0,67.14,35.93,32.55,Universal Analysis Mode,Warning,Maintenance inspection recommended soon.
LSO,426,1982,0.0,58.02,32.97,32.64,Universal Analysis Mode,Warning,Maintenance inspection recommended soon.
LSO,426,1983,0.0,50.39,29.55,32.25,Universal Analysis Mode,Warning,Maintenance inspection recommended soon.
LSO,426,1984,0.0,45.82,28.78,31.87,Universal Analysis Mode,Warning,Maintenance inspection recommended soon.
LSO,426,1985,0.0,43.43,27.56,31.6,Universal Analysis Mode,Warning,Maintenance inspection recommended soon.
LSO,426,1986,0.0,22.22,14.43,29.2,Universal Analysis Mode,Healthy,Machine is safe. Continue regular monitoring.
LSO,426,1987,0.0,27.46,18.44,28.27,Universal Analysis Mode,Healthy,Machine is safe. Continue regular monitoring.
LSO,426,1988,0.0,21.42,14.92,26.69,Universal Analysis Mode,Healthy,Machine is safe. Continue regular monitoring.
LSO,426,1989,0.0,24.87,18.23,27.15,Universal Analysis Mode,Healthy,Machine is safe. Continue regular monitoring.
LSO,426,1990,0.0,30.88,23.73,29.12,Universal Analysis Mode,Healthy,Machine is safe. Continue regular monitoring.
LSO,426,1991,0.0,24.95,20.0,29.0,Universal Analysis Mode,Healthy,Machine is safe. Continue regular monitoring.
LSO,426,1992,0.0,23.39,19.32,27.46,Universal Analysis Mode,Healthy,Machine is safe. Continue regular monitoring.
LSO,426,1993,0.0,20.01,16.97,27.06,Universal Analysis Mode,Healthy,Machine is safe. Continue regular monitoring.
LSO,426,1994,0.0,18.26,15.82,26.49,Universal Analysis Mode,Healthy,Machine is safe. Continue regular monitoring.
LSO,426,1995,0.0,19.1,17.02,26.42,Universal Analysis Mode,Healthy,Machine is safe. Continue regular monitoring.
LSO,426,1996,0.0,22.48,20.67,27.19,Universal Analysis Mode,Healthy,Machine is safe. Continue regular monitoring.
LSO,426,1997,0.0,20.38,19.09,27.01,Universal Analysis Mode,Healthy,Machine is safe. Continue regular monitoring.
LSO,426,1998,0.0,13.62,12.72,25.98,Universal Analysis Mode,Healthy,Machine is safe. Continue regular monitoring.
LSO,426,1999,0.0,18.56,17.97,26.72,Universal Analysis Mode,Healthy,Machine is safe. Continue regular monitoring.
LSO,426,2000,0.0,28.5,28.5,29.89,Universal Analysis Mode,Healthy,Machine is safe. Continue regular monitoring.
LSO,426,2001,0.0,23.7,24.44,29.82,Universal Analysis Mode,Healthy,Machine is safe. Continue regular monitoring.
LSO,426,2002,0.0,23.72,25.02,29.4,Universal Analysis Mode,Healthy,Machine is safe. Continue regular monitoring.
LSO,426,2003,0.0,26.54,28.83,31.51,Universal Analysis Mode,Warning,Maintenance inspection recommended soon.
LSO,426,2004,0.0,34.3,38.26,32.0,Universal Analysis Mode,Warning,Maintenance inspection recommended soon.
LSO,426,2005,0.0,47.26,54.52,33.25,Universal Analysis Mode,Warning,Maintenance inspection recommended soon.
LSO,426,2006,0.0,55.37,65.14,32.66,Universal Analysis Mode,Warning,Maintenance inspection recommended soon.
LSO,426,2007,0.0,60.12,72.39,32.61,Universal Analysis Mode,Warning,Maintenance inspection recommended soon.
LSO,426,2008,0.0,77.79,97.26,33.27,Universal Analysis Mode,Warning,Maintenance inspection recommended soon.
LSO,426,2009,0.0,49.5,61.67,30.14,Universal Analysis Mode,Warning,Maintenance inspection recommended soon.
LSO,426,2010,0.0,62.78,79.5,31.25,Universal Analysis Mode,Warning,Maintenance inspection recommended soon.
LSO,426,2011,0.0,85.17,111.26,30.71,Universal Analysis Mode,Warning,Maintenance inspection recommended soon.
LSO,426,2012,0.0,83.75,111.67,29.57,Universal Analysis Mode,Healthy,Machine is safe. Continue regular monitoring.
LSO,426,2013,0.0,80.32,108.66,29.8,Universal Analysis Mode,Healthy,Machine is safe. Continue regular monitoring.
LSO,426,2014,0.0,71.97,98.95,30.84,Universal Analysis Mode,Warning,Maintenance inspection recommended soon.
LBR,430,1932,49800.0,10.86,0.87,29.93,Universal Analysis Mode,Healthy,Machine is safe. Continue regular monitoring.
LBR,430,1933,49800.0,8.82,0.67,29.91,Universal Analysis Mode,Healthy,Machine is safe. Continue regular monitoring.
LBR,430,1934,49800.0,12.72,1.0,30.39,Universal Analysis Mode,Warning,Maintenance inspection recommended soon.
LBR,430,1935,49800.0,12.04,0.97,30.03,Universal Analysis Mode,Warning,Maintenance inspection recommended soon.
LBR,430,1936,49800.0,13.38,1.09,30.34,Universal Analysis Mode,Warning,Maintenance inspection recommended soon.
LBR,430,1937,49800.0,13.98,1.18,30.11,Universal Analysis Mode,Warning,Maintenance inspection recommended soon.
LBR,430,1938,49800.0,13.66,1.13,30.14,Universal Analysis Mode,Warning,Maintenance inspection recommended soon.
LBR,430,1939,49800.0,12.5,1.02,30.06,Universal Analysis Mode,Warning,Maintenance inspection recommended soon.
LBR,430,1940,49800.0,12.38,1.02,29.99,Universal Analysis Mode,Healthy,Machine is safe. Continue regular monitoring.
LBR,430,1941,49800.0,13.18,1.14,30.01,Universal Analysis Mode,Warning,Maintenance inspection recommended soon.
LBR,430,1942,49800.0,12.42,1.19,29.82,Universal Analysis Mode,Healthy,Machine is safe. Continue regular monitoring.
LBR,430,1943,49800.0,11.81,1.2,29.57,Universal Analysis Mode,Healthy,Machine is safe. Continue regular monitoring.
LBR,430,1944,49800.0,11.71,1.21,29.53,Universal Analysis Mode,Healthy,Machine is safe. Continue regular monitoring.
LBR,430,1945,49800.0,9.93,1.05,29.19,Universal Analysis Mode,Healthy,Machine is safe. Continue regular monitoring.
LBR,430,1946,49800.0,9.77,1.12,29.08,Universal Analysis Mode,Healthy,Machine is safe. Continue regular monitoring.
LBR,430,1947,49800.0,14.48,1.9,30.03,Universal Analysis Mode,Warning,Maintenance inspection recommended soon.
LBR,430,1948,49800.0,14.07,1.99,30.05,Universal Analysis Mode,Warning,Maintenance inspection recommended soon.
LBR,430,1949,49800.0,12.71,1.78,29.61,Universal Analysis Mode,Healthy,Machine is safe. Continue regular monitoring.
LBR,430,1950,49800.0,12.08,1.71,28.57,Universal Analysis Mode,Healthy,Machine is safe. Continue regular monitoring.
LBR,430,1951,49800.0,11.2,1.71,28.38,Universal Analysis Mode,Healthy,Machine is safe. Continue regular monitoring.
LBR,430,1952,49800.0,10.96,1.71,28.36,Universal Analysis Mode,Healthy,Machine is safe. Continue regular monitoring.
LBR,430,1953,49800.0,12.27,1.93,28.86,Universal Analysis Mode,Healthy,Machine is safe. Continue regular monitoring.
LBR,430,1954,49800.0,12.21,1.93,28.76,Universal Analysis Mode,Healthy,Machine is safe. Continue regular monitoring.
LBR,430,1955,49800.0,12.27,1.93,28.41,Universal Analysis Mode,Healthy,Machine is safe. Continue regular monitoring.
LBR,430,1956,49800.0,12.07,1.93,28.39,Universal Analysis Mode,Healthy,Machine is safe. Continue regular monitoring.
LBR,430,1957,49800.0,11.48,1.9,28.12,Universal Analysis Mode,Healthy,Machine is safe. Continue regular monitoring.
LBR,430,1958,49800.0,12.25,2.08,28.57,Universal Analysis Mode,Healthy,Machine is safe. Continue regular monitoring.
LBR,430,1959,49800.0,12.14,2.08,28.59,Universal Analysis Mode,Healthy,Machine is safe. Continue regular monitoring.
LBR,430,1960,0.0,10.91,1.9,24.17,Universal Analysis Mode,Healthy,Machine is safe. Continue regular monitoring.
LBR,430,1961,0.0,10.24,1.8,24.12,Universal Analysis Mode,Healthy,Machine is safe. Continue regular monitoring.
LBR,430,1962,0.0,10.12,1.8,24.98,Universal Analysis Mode,Healthy,Machine is safe. Continue regular monitoring.
LBR,430,1963,0.0,9.99,1.8,24.81,Universal Analysis Mode,Healthy,Machine is safe. Continue regular monitoring.
LBR,430,1964,0.0,9.86,1.8,23.9,Universal Analysis Mode,Healthy,Machine is safe. Continue regular monitoring.
LBR,430,1965,0.0,9.71,1.8,24.5,Universal Analysis Mode,Healthy,Machine is safe. Continue regular monitoring.
LBR,430,1966,0.0,9.41,1.8,23.86,Universal Analysis Mode,Healthy,Machine is safe. Continue regular monitoring.
LBR,430,1967,0.0,9.16,1.8,23.74,Universal Analysis Mode,Healthy,Machine is safe. Continue regular monitoring.
LBR,430,1968,0.0,8.8,1.8,23.5,Universal Analysis Mode,Healthy,Machine is safe. Continue regular monitoring.
LBR,430,1969,0.0,8.35,1.8,23.62,Universal Analysis Mode,Healthy,Machine is safe. Continue regular monitoring.
LBR,430,1970,0.0,7.88,1.8,23.37,Universal Analysis Mode,Healthy,Machine is safe. Continue regular monitoring.
LBR,430,1971,0.0,9.41,2.24,23.7,Universal Analysis Mode,Healthy,Machine is safe. Continue regular monitoring.
LBR,430,1972,0.0,10.09,2.48,23.72,Universal Analysis Mode,Healthy,Machine is safe. Continue regular monitoring.
LBR,430,1973,0.0,12.59,3.29,23.95,Universal Analysis Mode,Healthy,Machine is safe. Continue regular monitoring.
LBR,430,1974,0.0,39.93,11.58,25.83,Universal Analysis Mode,Healthy,Machine is safe. Continue regular monitoring.
LBR,430,1975,0.0,36.44,11.53,26.09,Universal Analysis Mode,Healthy,Machine is safe. Continue regular monitoring.
LBR,430,1976,0.0,38.23,12.8,27.68,Universal Analysis Mode,Healthy,Machine is safe. Continue regular monitoring.
LBR,430,1977,0.0,39.04,13.92,28.88,Universal Analysis Mode,Healthy,Machine is safe. Continue regular monitoring.
LBR,430,1978,0.0,36.54,14.02,28.55,Universal Analysis Mode,Healthy,Machine is safe. Continue regular monitoring.
LBR,430,1979,0.0,74.02,31.61,30.92,Universal Analysis Mode,Warning,Maintenance inspection recommended soon.
LBR,430,1980,0.0,75.97,36.83,32.16,Universal Analysis Mode,Warning,Maintenance inspection recommended soon.
LBR,430,1981,0.0,67.14,35.93,32.64,Universal Analysis Mode,Warning,Maintenance inspection recommended soon.
LBR,430,1982,0.0,58.02,32.97,32.73,Universal Analysis Mode,Warning,Maintenance inspection recommended soon.
LBR,430,1983,0.0,50.39,29.55,32.35,Universal Analysis Mode,Warning,Maintenance inspection recommended soon.
LBR,430,1984,0.0,45.82,28.78,31.97,Universal Analysis Mode,Warning,Maintenance inspection recommended soon.
LBR,430,1985,0.0,43.43,27.56,31.71,Universal Analysis Mode,Warning,Maintenance inspection recommended soon.
LBR,430,1986,0.0,22.22,14.43,29.3,Universal Analysis Mode,Healthy,Machine is safe. Continue regular monitoring.
LBR,430,1987,0.0,27.46,18.44,28.37,Universal Analysis Mode,Healthy,Machine is safe. Continue regular monitoring.
LBR,430,1988,0.0,21.42,14.92,26.79,Universal Analysis Mode,Healthy,Machine is safe. Continue regular monitoring.
LBR,430,1989,0.0,24.87,18.23,27.25,Universal Analysis Mode,Healthy,Machine is safe. Continue regular monitoring.
LBR,430,1990,0.0,30.88,23.73,29.2,Universal Analysis Mode,Healthy,Machine is safe. Continue regular monitoring.
LBR,430,1991,0.0,24.95,20.0,29.02,Universal Analysis Mode,Healthy,Machine is safe. Continue regular monitoring.
LBR,430,1992,0.0,23.39,19.32,27.5,Universal Analysis Mode,Healthy,Machine is safe. Continue regular monitoring.
LBR,430,1993,0.0,20.01,16.97,27.09,Universal Analysis Mode,Healthy,Machine is safe. Continue regular monitoring.
LBR,430,1994,0.0,18.26,15.82,26.53,Universal Analysis Mode,Healthy,Machine is safe. Continue regular monitoring.
LBR,430,1995,0.0,19.1,17.02,26.45,Universal Analysis Mode,Healthy,Machine is safe. Continue regular monitoring.
LBR,430,1996,0.0,22.48,20.67,27.22,Universal Analysis Mode,Healthy,Machine is safe. Continue regular monitoring.
LBR,430,1997,0.0,20.38,19.09,27.06,Universal Analysis Mode,Healthy,Machine is safe. Continue regular monitoring.
LBR,430,1998,0.0,13.62,12.72,26.05,Universal Analysis Mode,Healthy,Machine is safe. Continue regular monitoring.
LBR,430,1999,0.0,18.56,17.97,26.8,Universal Analysis Mode,Healthy,Machine is safe. Continue regular monitoring.
LBR,430,2000,0.0,28.5,28.5,29.97,Universal Analysis Mode,Healthy,Machine is safe. Continue regular monitoring.
LBR,430,2001,0.0,23.7,24.44,29.91,Universal Analysis Mode,Healthy,Machine is safe. Continue regular monitoring.
LBR,430,2002,0.0,23.72,25.02,29.5,Universal Analysis Mode,Healthy,Machine is safe. Continue regular monitoring.
LBR,430,2003,0.0,26.54,28.83,31.6,Universal Analysis Mode,Warning,Maintenance inspection recommended soon.
LBR,430,2004,0.0,34.3,38.26,32.09,Universal Analysis Mode,Warning,Maintenance inspection recommended soon.
LBR,430,2005,0.0,47.26,54.52,33.35,Universal Analysis Mode,Warning,Maintenance inspection recommended soon.
LBR,430,2006,0.0,55.37,65.14,32.79,Universal Analysis Mode,Warning,Maintenance inspection recommended soon.
LBR,430,2007,0.0,60.12,72.39,32.76,Universal Analysis Mode,Warning,Maintenance inspection recommended soon.
LBR,430,2008,0.0,77.79,97.26,33.43,Universal Analysis Mode,Warning,Maintenance inspection recommended soon.
LBR,430,2009,0.0,49.5,61.67,30.35,Universal Analysis Mode,Warning,Maintenance inspection recommended soon.
LBR,430,2010,0.0,62.78,79.5,31.38,Universal Analysis Mode,Warning,Maintenance inspection recommended soon.
LBR,430,2011,0.0,85.17,111.26,30.85,Universal Analysis Mode,Warning,Maintenance inspection recommended soon.
LBR,430,2012,0.0,83.75,111.67,29.72,Universal Analysis Mode,Healthy,Machine is safe. Continue regular monitoring.
LBR,430,2013,0.0,80.32,108.66,29.96,Universal Analysis Mode,Healthy,Machine is safe. Continue regular monitoring.
LBR,430,2014,0.0,71.97,98.95,31.0,Universal Analysis Mode,Warning,Maintenance inspection recommended soon.
LBY,434,1932,49800.0,10.86,0.87,29.13,Universal Analysis Mode,Healthy,Machine is safe. Continue regular monitoring.
LBY,434,1933,49800.0,8.82,0.67,29.11,Universal Analysis Mode,Healthy,Machine is safe. Continue regular monitoring.
LBY,434,1934,49800.0,12.72,1.0,29.59,Universal Analysis Mode,Healthy,Machine is safe. Continue regular monitoring.
LBY,434,1935,49800.0,12.04,0.97,29.23,Universal Analysis Mode,Healthy,Machine is safe. Continue regular monitoring.
LBY,434,1936,49800.0,13.38,1.09,29.54,Universal Analysis Mode,Healthy,Machine is safe. Continue regular monitoring.
LBY,434,1937,49800.0,13.98,1.18,29.31,Universal Analysis Mode,Healthy,Machine is safe. Continue regular monitoring.
LBY,434,1938,49800.0,13.66,1.13,29.34,Universal Analysis Mode,Healthy,Machine is safe. Continue regular monitoring.
LBY,434,1939,49800.0,12.5,1.02,29.26,Universal Analysis Mode,Healthy,Machine is safe. Continue regular monitoring.
LBY,434,1940,49800.0,12.38,1.02,29.19,Universal Analysis Mode,Healthy,Machine is safe. Continue regular monitoring.
LBY,434,1941,49800.0,13.18,1.14,29.21,Universal Analysis Mode,Healthy,Machine is safe. Continue regular monitoring.
LBY,434,1942,49800.0,12.42,1.19,29.02,Universal Analysis Mode,Healthy,Machine is safe. Continue regular monitoring.
LBY,434,1943,49800.0,11.81,1.2,28.77,Universal Analysis Mode,Healthy,Machine is safe. Continue regular monitoring.
LBY,434,1944,49800.0,11.71,1.21,28.73,Universal Analysis Mode,Healthy,Machine is safe. Continue regular monitoring.
LBY,434,1945,49800.0,9.93,1.05,28.39,Universal Analysis Mode,Healthy,Machine is safe. Continue regular monitoring.
LBY,434,1946,49800.0,9.77,1.12,28.28,Universal Analysis Mode,Healthy,Machine is safe. Continue regular monitoring.
LBY,434,1947,49800.0,14.48,1.9,29.23,Universal Analysis Mode,Healthy,Machine is safe. Continue regular monitoring.
LBY,434,1948,49800.0,14.07,1.99,29.25,Universal Analysis Mode,Healthy,Machine is safe. Continue regular monitoring.
LBY,434,1949,49800.0,12.71,1.78,28.81,Universal Analysis Mode,Healthy,Machine is safe. Continue regular monitoring.
LBY,434,1950,49800.0,12.08,1.71,27.79,Universal Analysis Mode,Healthy,Machine is safe. Continue regular monitoring.
LBY,434,1951,49800.0,11.2,1.71,28.41,Universal Analysis Mode,Healthy,Machine is safe. Continue regular monitoring.
LBY,434,1952,49800.0,10.96,1.71,28.39,Universal Analysis Mode,Healthy,Machine is safe. Continue regular monitoring.
LBY,434,1953,49800.0,12.27,1.93,28.9,Universal Analysis Mode,Healthy,Machine is safe. Continue regular monitoring.
LBY,434,1954,49800.0,12.21,1.93,28.8,Universal Analysis Mode,Healthy,Machine is safe. Continue regular monitoring.
LBY,434,1955,49800.0,12.27,1.93,28.45,Universal Analysis Mode,Healthy,Machine is safe. Continue regular monitoring.
LBY,434,1956,49800.0,12.07,1.93,28.44,Universal Analysis Mode,Healthy,Machine is safe. Continue regular monitoring.
LBY,434,1957,49800.0,11.48,1.9,28.17,Universal Analysis Mode,Healthy,Machine is safe. Continue regular monitoring.
LBY,434,1958,49800.0,12.25,2.08,28.62,Universal Analysis Mode,Healthy,Machine is safe. Continue regular monitoring.
LBY,434,1959,49800.0,12.14,2.08,28.64,Universal Analysis Mode,Healthy,Machine is safe. Continue regular monitoring.
LBY,434,1960,0.0,10.91,1.9,24.23,Universal Analysis Mode,Healthy,Machine is safe. Continue regular monitoring.
LBY,434,1961,907377.0,10.24,1.8,40.93,Universal Analysis Mode,Warning,Maintenance inspection recommended soon.
LBY,434,1962,9160109.0,10.12,1.8,45.73,Universal Analysis Mode,Warning,Maintenance inspection recommended soon.
LBY,434,1963,22900000.0,9.99,1.8,46.16,Universal Analysis Mode,Warning,Maintenance inspection recommended soon.
LBY,434,1964,43100000.0,9.86,1.8,49.02,Universal Analysis Mode,Warning,Maintenance inspection recommended soon.
LBY,434,1965,60800000.0,9.71,1.8,49.89,Universal Analysis Mode,Warning,Maintenance inspection recommended soon.
LBY,434,1966,75500000.0,9.41,1.8,49.39,Universal Analysis Mode,Warning,Maintenance inspection recommended soon.
LBY,434,1967,87000000.0,9.16,1.8,49.37,Universal Analysis Mode,Warning,Maintenance inspection recommended soon.
LBY,434,1968,130000000.0,8.8,1.8,49.43,Universal Analysis Mode,Warning,Maintenance inspection recommended soon.
LBY,434,1969,155000000.0,8.35,1.8,49.64,Universal Analysis Mode,Warning,Maintenance inspection recommended soon.
LBY,434,1970,160000000.0,7.88,1.8,49.4,Universal Analysis Mode,Warning,Maintenance inspection recommended soon.
LBY,434,1971,133000000.0,9.41,2.24,49.67,Universal Analysis Mode,Warning,Maintenance inspection recommended soon.
LBY,434,1972,108000000.0,10.09,2.48,49.58,Universal Analysis Mode,Warning,Maintenance inspection recommended soon.
LBY,434,1973,105000000.0,12.59,3.29,49.95,Universal Analysis Mode,Warning,Maintenance inspection recommended soon.
LBY,434,1974,73400000.0,39.93,11.58,52.03,Universal Analysis Mode,Warning,Maintenance inspection recommended soon.
LBY,434,1975,71500000.0,36.44,11.53,52.33,Universal Analysis Mode,Warning,Maintenance inspection recommended soon.
LBY,434,1976,93500000.0,38.23,12.8,54.17,Universal Analysis Mode,Warning,Maintenance inspection recommended soon.
LBY,434,1977,99500000.0,39.04,13.92,55.51,Universal Analysis Mode,Warning,Maintenance inspection recommended soon.
LBY,434,1978,95600000.0,36.54,14.02,55.14,Universal Analysis Mode,Warning,Maintenance inspection recommended soon.
LBY,434,1979,101000000.0,74.02,31.61,57.81,Universal Analysis Mode,Warning,Maintenance inspection recommended soon.
LBY,434,1980,88300000.0,75.97,36.83,59.06,Universal Analysis Mode,Warning,Maintenance inspection recommended soon.
LBY,434,1981,58700000.0,67.14,35.93,59.32,Universal Analysis Mode,Warning,Maintenance inspection recommended soon.
LBY,434,1982,55400000.0,58.02,32.97,59.36,Universal Analysis Mode,Warning,Maintenance inspection recommended soon.
LBY,434,1983,53300000.0,50.39,29.55,58.87,Universal Analysis Mode,Warning,Maintenance inspection recommended soon.
LBY,434,1984,47500000.0,45.82,28.78,58.42,Universal Analysis Mode,Warning,Maintenance inspection recommended soon.
LBY,434,1985,49200000.0,43.43,27.56,58.12,Universal Analysis Mode,Warning,Maintenance inspection recommended soon.
LBY,434,1986,49700000.0,22.22,14.43,59.36,Universal Analysis Mode,Warning,Maintenance inspection recommended soon.
LBY,434,1987,47300000.0,27.46,18.44,58.01,Universal Analysis Mode,Warning,Maintenance inspection recommended soon.
LBY,434,1988,49700000.0,21.42,14.92,56.38,Universal Analysis Mode,Warning,Maintenance inspection recommended soon.
LBY,434,1989,54900000.0,24.87,18.23,57.02,Universal Analysis Mode,Warning,Maintenance inspection recommended soon.
LBY,434,1990,67200000.0,30.88,23.73,63.68,Universal Analysis Mode,Warning,Maintenance inspection recommended soon.
LBY,434,1991,67900000.0,24.95,20.0,63.54,Universal Analysis Mode,Warning,Maintenance inspection recommended soon.
LBY,434,1992,69700000.0,23.39,19.32,61.96,Universal Analysis Mode,Warning,Maintenance inspection recommended soon.
LBY,434,1993,66100000.0,20.01,16.97,61.42,Universal Analysis Mode,Warning,Maintenance inspection recommended soon.
LBY,434,1994,67500000.0,18.26,15.82,60.81,Universal Analysis Mode,Warning,Maintenance inspection recommended soon.
LBY,434,1995,67900000.0,19.1,17.02,60.75,Universal Analysis Mode,Warning,Maintenance inspection recommended soon.
LBY,434,1996,68600000.0,22.48,20.67,61.59,Universal Analysis Mode,Warning,Maintenance inspection recommended soon.
LBY,434,1997,70000000.0,20.38,19.09,61.4,Universal Analysis Mode,Warning,Maintenance inspection recommended soon.
LBY,434,1998,69600000.0,13.62,12.72,60.11,Universal Analysis Mode,Warning,Maintenance inspection recommended soon.
LBY,434,1999,67000000.0,18.56,17.97,60.97,Universal Analysis Mode,Warning,Maintenance inspection recommended soon.
LBY,434,2000,69500000.0,28.5,28.5,64.49,Universal Analysis Mode,Warning,Maintenance inspection recommended soon.
LBY,434,2001,68100000.0,23.7,24.44,64.53,Universal Analysis Mode,Warning,Maintenance inspection recommended soon.
LBY,434,2002,65700000.0,23.72,25.02,64.07,Universal Analysis Mode,Warning,Maintenance inspection recommended soon.
LBY,434,2003,70700000.0,26.54,28.83,66.47,Universal Analysis Mode,Warning,Maintenance inspection recommended soon.
LBY,434,2004,75500000.0,34.3,38.26,67.22,Universal Analysis Mode,Warning,Maintenance inspection recommended soon.
LBY,434,2005,81300000.0,47.26,54.52,68.8,Universal Analysis Mode,Warning,Maintenance inspection recommended soon.
LBY,434,2006,83700000.0,55.37,65.14,68.29,Universal Analysis Mode,Warning,Maintenance inspection recommended soon.
LBY,434,2007,84750049.36,60.12,72.39,68.28,Universal Analysis Mode,Warning,Maintenance inspection recommended soon.
LBY,434,2008,86444499.83,77.79,97.26,69.07,Universal Analysis Mode,Warning,Maintenance inspection recommended soon.
LBY,434,2009,82170000.0,49.5,61.67,66.06,Universal Analysis Mode,Warning,Maintenance inspection recommended soon.
LBY,434,2010,82170000.0,62.78,79.5,66.71,Universal Analysis Mode,Warning,Maintenance inspection recommended soon.
LBY,434,2011,23176783.55,85.17,111.26,65.24,Universal Analysis Mode,Warning,Maintenance inspection recommended soon.
LBY,434,2012,68066803.34,83.75,111.67,61.17,Universal Analysis Mode,Warning,Maintenance inspection recommended soon.
LBY,434,2013,45732772.75,80.32,108.66,58.75,Universal Analysis Mode,Warning,Maintenance inspection recommended soon.
LBY,434,2014,23405317.74,71.97,98.95,57.07,Universal Analysis Mode,Warning,Maintenance inspection recommended soon.
LTU,440,1932,495811.0,10.86,0.87,34.67,Universal Analysis Mode,Warning,Maintenance inspection recommended soon.
LTU,440,1933,49800.0,8.82,0.67,29.93,Universal Analysis Mode,Healthy,Machine is safe. Continue regular monitoring.
LTU,440,1934,49800.0,12.72,1.0,30.41,Universal Analysis Mode,Warning,Maintenance inspection recommended soon.
LTU,440,1935,49800.0,12.04,0.97,30.06,Universal Analysis Mode,Warning,Maintenance inspection recommended soon.
LTU,440,1936,49800.0,13.38,1.09,30.36,Universal Analysis Mode,Warning,Maintenance inspection recommended soon.
LTU,440,1937,49800.0,13.98,1.18,30.13,Universal Analysis Mode,Warning,Maintenance inspection recommended soon.
LTU,440,1938,49800.0,13.66,1.13,30.16,Universal Analysis Mode,Warning,Maintenance inspection recommended soon.
LTU,440,1939,49800.0,12.5,1.02,30.08,Universal Analysis Mode,Warning,Maintenance inspection recommended soon.
LTU,440,1940,49800.0,12.38,1.02,29.2,Universal Analysis Mode,Healthy,Machine is safe. Continue regular monitoring.
LTU,440,1941,49800.0,13.18,1.14,29.23,Universal Analysis Mode,Healthy,Machine is safe. Continue regular monitoring.
LTU,440,1942,49800.0,12.42,1.19,29.04,Universal Analysis Mode,Healthy,Machine is safe. Continue regular monitoring.
LTU,440,1943,49800.0,11.81,1.2,28.79,Universal Analysis Mode,Healthy,Machine is safe. Continue regular monitoring.
LTU,440,1944,49800.0,11.71,1.21,28.74,Universal Analysis Mode,Healthy,Machine is safe. Continue regular monitoring.
LTU,440,1945,49800.0,9.93,1.05,28.4,Universal Analysis Mode,Healthy,Machine is safe. Continue regular monitoring.
LTU,440,1946,49800.0,9.77,1.12,28.29,Universal Analysis Mode,Healthy,Machine is safe. Continue regular monitoring.
LTU,440,1947,49800.0,14.48,1.9,29.24,Universal Analysis Mode,Healthy,Machine is safe. Continue regular monitoring.
LTU,440,1948,49800.0,14.07,1.99,29.27,Universal Analysis Mode,Healthy,Machine is safe. Continue regular monitoring.
LTU,440,1949,49800.0,12.71,1.78,28.82,Universal Analysis Mode,Healthy,Machine is safe. Continue regular monitoring.
LTU,440,1950,49800.0,12.08,1.71,28.01,Universal Analysis Mode,Healthy,Machine is safe. Continue regular monitoring.
LTU,440,1951,49800.0,11.2,1.71,27.82,Universal Analysis Mode,Healthy,Machine is safe. Continue regular monitoring.
LTU,440,1952,49800.0,10.96,1.71,27.8,Universal Analysis Mode,Healthy,Machine is safe. Continue regular monitoring.
LTU,440,1953,49800.0,12.27,1.93,28.3,Universal Analysis Mode,Healthy,Machine is safe. Continue regular monitoring.
LTU,440,1954,49800.0,12.21,1.93,28.2,Universal Analysis Mode,Healthy,Machine is safe. Continue regular monitoring.
LTU,440,1955,49800.0,12.27,1.93,27.85,Universal Analysis Mode,Healthy,Machine is safe. Continue regular monitoring.
LTU,440,1956,49800.0,12.07,1.93,27.83,Universal Analysis Mode,Healthy,Machine is safe. Continue regular monitoring.
LTU,440,1957,49800.0,11.48,1.9,27.56,Universal Analysis Mode,Healthy,Machine is safe. Continue regular monitoring.
LTU,440,1958,49800.0,12.25,2.08,28.0,Universal Analysis Mode,Healthy,Machine is safe. Continue regular monitoring.
LTU,440,1959,49800.0,12.14,2.08,28.02,Universal Analysis Mode,Healthy,Machine is safe. Continue regular monitoring.
LTU,440,1960,49800.0,10.91,1.9,27.96,Universal Analysis Mode,Healthy,Machine is safe. Continue regular monitoring.
LTU,440,1961,49800.0,10.24,1.8,27.9,Universal Analysis Mode,Healthy,Machine is safe. Continue regular monitoring.
LTU,440,1962,49800.0,10.12,1.8,28.77,Universal Analysis Mode,Healthy,Machine is safe. Continue regular monitoring.
LTU,440,1963,49800.0,9.99,1.8,28.6,Universal Analysis Mode,Healthy,Machine is safe. Continue regular monitoring.
LTU,440,1964,49800.0,9.86,1.8,27.68,Universal Analysis Mode,Healthy,Machine is safe. Continue regular monitoring.
LTU,440,1965,49800.0,9.71,1.8,28.29,Universal Analysis Mode,Healthy,Machine is safe. Continue regular monitoring.
LTU,440,1966,49800.0,9.41,1.8,27.65,Universal Analysis Mode,Healthy,Machine is safe. Continue regular monitoring.
LTU,440,1967,49800.0,9.16,1.8,27.53,Universal Analysis Mode,Healthy,Machine is safe. Continue regular monitoring.
LTU,440,1968,49800.0,8.8,1.8,27.29,Universal Analysis Mode,Healthy,Machine is safe. Continue regular monitoring.
LTU,440,1969,49800.0,8.35,1.8,27.4,Universal Analysis Mode,Healthy,Machine is safe. Continue regular monitoring.
LTU,440,1970,49800.0,7.88,1.8,27.15,Universal Analysis Mode,Healthy,Machine is safe. Continue regular monitoring.
LTU,440,1971,995907.2,9.41,2.24,40.21,Universal Analysis Mode,Warning,Maintenance inspection recommended soon.
LTU,440,1972,2738745.0,10.09,2.48,42.86,Universal Analysis Mode,Warning,Maintenance inspection recommended soon.
LTU,440,1973,3485675.0,12.59,3.29,43.4,Universal Analysis Mode,Warning,Maintenance inspection recommended soon.
LTU,440,1974,3734652.0,39.93,11.58,46.09,Universal Analysis Mode,Warning,Maintenance inspection recommended soon.
LTU,440,1975,5975443.0,36.44,11.53,46.64,Universal Analysis Mode,Warning,Maintenance inspection recommended soon.
LTU,440,1976,13700000.0,38.23,12.8,48.82,Universal Analysis Mode,Warning,Maintenance inspection recommended soon.
LTU,440,1977,20900000.0,39.04,13.92,50.28,Universal Analysis Mode,Warning,Maintenance inspection recommended soon.
LTU,440,1978,15900000.0,36.54,14.02,49.76,Universal Analysis Mode,Warning,Maintenance inspection recommended soon.
LTU,440,1979,7220327.0,74.02,31.61,52.05,Universal Analysis Mode,Warning,Maintenance inspection recommended soon.
LTU,440,1980,26900000.0,75.97,36.83,54.02,Universal Analysis Mode,Warning,Maintenance inspection recommended soon.
LTU,440,1981,54000000.0,67.14,35.93,54.78,Universal Analysis Mode,Warning,Maintenance inspection recommended soon.
LTU,440,1982,49800.0,58.02,32.97,36.48,Universal Analysis Mode,Warning,Maintenance inspection recommended soon.
LTU,440,1983,49800.0,50.39,29.55,36.08,Universal Analysis Mode,Warning,Maintenance inspection recommended soon.
LTU,440,1984,49800.0,45.82,28.78,35.71,Universal Analysis Mode,Warning,Maintenance inspection recommended soon.
LTU,440,1985,49800.0,43.43,27.56,35.43,Universal Analysis Mode,Warning,Maintenance inspection recommended soon.
LTU,440,1986,49800.0,22.22,14.43,33.03,Universal Analysis Mode,Warning,Maintenance inspection recommended soon.
LTU,440,1987,49800.0,27.46,18.44,32.1,Universal Analysis Mode,Warning,Maintenance inspection recommended soon.
LTU,440,1988,49800.0,21.42,14.92,30.51,Universal Analysis Mode,Warning,Maintenance inspection recommended soon.
LTU,440,1989,49800.0,24.87,18.23,30.97,Universal Analysis Mode,Warning,Maintenance inspection recommended soon.
LTU,440,1990,49800.0,30.88,23.73,32.94,Universal Analysis Mode,Warning,Maintenance inspection recommended soon.
LTU,440,1991,49800.0,24.95,20.0,30.99,Universal Analysis Mode,Warning,Maintenance inspection recommended soon.
LTU,440,1992,64000.0,23.39,19.32,29.35,Universal Analysis Mode,Healthy,Machine is safe. Continue regular monitoring.
LTU,440,1993,73000.0,20.01,16.97,29.01,Universal Analysis Mode,Healthy,Machine is safe. Continue regular monitoring.
LTU,440,1994,93000.0,18.26,15.82,29.15,Universal Analysis Mode,Healthy,Machine is safe. Continue regular monitoring.
LTU,440,1995,128000.0,19.1,17.02,32.31,Universal Analysis Mode,Warning,Maintenance inspection recommended soon.
LTU,440,1996,155000.0,22.48,20.67,34.64,Universal Analysis Mode,Warning,Maintenance inspection recommended soon.
LTU,440,1997,212000.0,20.38,19.09,35.68,Universal Analysis Mode,Warning,Maintenance inspection recommended soon.
LTU,440,1998,277000.0,13.62,12.72,34.09,Universal Analysis Mode,Warning,Maintenance inspection recommended soon.
LTU,440,1999,232000.0,18.56,17.97,35.59,Universal Analysis Mode,Warning,Maintenance inspection recommended soon.
LTU,440,2000,316000.0,28.5,28.5,41.49,Universal Analysis Mode,Warning,Maintenance inspection recommended soon.
LTU,440,2001,475839.0,23.7,24.44,42.14,Universal Analysis Mode,Warning,Maintenance inspection recommended soon.
LTU,440,2002,440232.0,23.72,25.02,41.59,Universal Analysis Mode,Warning,Maintenance inspection recommended soon.
LTU,440,2003,386348.4,26.54,28.83,43.51,Universal Analysis Mode,Warning,Maintenance inspection recommended soon.
LTU,440,2004,304178.4,34.3,38.26,43.73,Universal Analysis Mode,Warning,Maintenance inspection recommended soon.
LTU,440,2005,218422.8,47.26,54.52,44.63,Universal Analysis Mode,Warning,Maintenance inspection recommended soon.
LTU,440,2006,182915.4,55.37,65.14,43.89,Universal Analysis Mode,Warning,Maintenance inspection recommended soon.
LTU,440,2007,153732.6,60.12,72.39,43.58,Universal Analysis Mode,Warning,Maintenance inspection recommended soon.
LTU,440,2008,149400.0,77.79,97.26,44.63,Universal Analysis Mode,Warning,Maintenance inspection recommended soon.
LTU,440,2009,99600.0,49.5,61.67,39.09,Universal Analysis Mode,Warning,Maintenance inspection recommended soon.
LTU,440,2010,99600.0,62.78,79.5,40.77,Universal Analysis Mode,Warning,Maintenance inspection recommended soon.
LTU,440,2011,99600.0,85.17,111.26,41.27,Universal Analysis Mode,Warning,Maintenance inspection recommended soon.
LTU,440,2012,99600.0,83.75,111.67,40.15,Universal Analysis Mode,Warning,Maintenance inspection recommended soon.
LTU,440,2013,99600.0,80.32,108.66,45.12,Universal Analysis Mode,Warning,Maintenance inspection recommended soon.
LTU,440,2014,99600.0,71.97,98.95,47.3,Universal Analysis Mode,Warning,Maintenance inspection recommended soon.
LUX,442,1932,49800.0,10.86,0.87,29.96,Universal Analysis Mode,Healthy,Machine is safe. Continue regular monitoring.
LUX,442,1933,49800.0,8.82,0.67,29.94,Universal Analysis Mode,Healthy,Machine is safe. Continue regular monitoring.
LUX,442,1934,49800.0,12.72,1.0,30.42,Universal Analysis Mode,Warning,Maintenance inspection recommended soon.
LUX,442,1935,49800.0,12.04,0.97,30.07,Universal Analysis Mode,Warning,Maintenance inspection recommended soon.
LUX,442,1936,49800.0,13.38,1.09,30.37,Universal Analysis Mode,Warning,Maintenance inspection recommended soon.
LUX,442,1937,49800.0,13.98,1.18,30.14,Universal Analysis Mode,Warning,Maintenance inspection recommended soon.
LUX,442,1938,49800.0,13.66,1.13,30.17,Universal Analysis Mode,Warning,Maintenance inspection recommended soon.
LUX,442,1939,49800.0,12.5,1.02,30.09,Universal Analysis Mode,Warning,Maintenance inspection recommended soon.
LUX,442,1940,49800.0,12.38,1.02,30.02,Universal Analysis Mode,Warning,Maintenance inspection recommended soon.
LUX,442,1941,49800.0,13.18,1.14,30.05,Universal Analysis Mode,Warning,Maintenance inspection recommended soon.
LUX,442,1942,49800.0,12.42,1.19,29.86,Universal Analysis Mode,Healthy,Machine is safe. Continue regular monitoring.
LUX,442,1943,49800.0,11.81,1.2,29.61,Universal Analysis Mode,Healthy,Machine is safe. Continue regular monitoring.
LUX,442,1944,49800.0,11.71,1.21,29.56,Universal Analysis Mode,Healthy,Machine is safe. Continue regular monitoring.
LUX,442,1945,49800.0,9.93,1.05,29.22,Universal Analysis Mode,Healthy,Machine is safe. Continue regular monitoring.
LUX,442,1946,49800.0,9.77,1.12,29.12,Universal Analysis Mode,Healthy,Machine is safe. Continue regular monitoring.
LUX,442,1947,49800.0,14.48,1.9,30.06,Universal Analysis Mode,Warning,Maintenance inspection recommended soon.
LUX,442,1948,49800.0,14.07,1.99,30.09,Universal Analysis Mode,Warning,Maintenance inspection recommended soon.
LUX,442,1949,49800.0,12.71,1.78,29.64,Universal Analysis Mode,Healthy,Machine is safe. Continue regular monitoring.
LUX,442,1950,49800.0,12.08,1.71,28.42,Universal Analysis Mode,Healthy,Machine is safe. Continue regular monitoring.
LUX,442,1951,49800.0,11.2,1.71,28.22,Universal Analysis Mode,Healthy,Machine is safe. Continue regular monitoring.
LUX,442,1952,49800.0,10.96,1.71,28.2,Universal Analysis Mode,Healthy,Machine is safe. Continue regular monitoring.
LUX,442,1953,49800.0,12.27,1.93,28.71,Universal Analysis Mode,Healthy,Machine is safe. Continue regular monitoring.
LUX,442,1954,49800.0,12.21,1.93,28.6,Universal Analysis Mode,Healthy,Machine is safe. Continue regular monitoring.
LUX,442,1955,49800.0,12.27,1.93,28.25,Universal Analysis Mode,Healthy,Machine is safe. Continue regular monitoring.
LUX,442,1956,49800.0,12.07,1.93,28.23,Universal Analysis Mode,Healthy,Machine is safe. Continue regular monitoring.
LUX,442,1957,49800.0,11.48,1.9,27.96,Universal Analysis Mode,Healthy,Machine is safe. Continue regular monitoring.
LUX,442,1958,49800.0,12.25,2.08,28.4,Universal Analysis Mode,Healthy,Machine is safe. Continue regular monitoring.
LUX,442,1959,49800.0,12.14,2.08,28.42,Universal Analysis Mode,Healthy,Machine is safe. Continue regular monitoring.
LUX,442,1960,0.0,10.91,1.9,24.0,Universal Analysis Mode,Healthy,Machine is safe. Continue regular monitoring.
LUX,442,1961,0.0,10.24,1.8,23.94,Universal Analysis Mode,Healthy,Machine is safe. Continue regular monitoring.
LUX,442,1962,0.0,10.12,1.8,24.8,Universal Analysis Mode,Healthy,Machine is safe. Continue regular monitoring.
LUX,442,1963,0.0,9.99,1.8,24.63,Universal Analysis Mode,Healthy,Machine is safe. Continue regular monitoring.
LUX,442,1964,0.0,9.86,1.8,23.71,Universal Analysis Mode,Healthy,Machine is safe. Continue regular monitoring.
LUX,442,1965,0.0,9.71,1.8,24.31,Universal Analysis Mode,Healthy,Machine is safe. Continue regular monitoring.
LUX,442,1966,0.0,9.41,1.8,23.66,Universal Analysis Mode,Healthy,Machine is safe. Continue regular monitoring.
LUX,442,1967,0.0,9.16,1.8,23.54,Universal Analysis Mode,Healthy,Machine is safe. Continue regular monitoring.
LUX,442,1968,0.0,8.8,1.8,23.3,Universal Analysis Mode,Healthy,Machine is safe. Continue regular monitoring.
LUX,442,1969,0.0,8.35,1.8,23.41,Universal Analysis Mode,Healthy,Machine is safe. Continue regular monitoring.
LUX,442,1970,0.0,7.88,1.8,23.15,Universal Analysis Mode,Healthy,Machine is safe. Continue regular monitoring.
LUX,442,1971,0.0,9.41,2.24,23.48,Universal Analysis Mode,Healthy,Machine is safe. Continue regular monitoring.
LUX,442,1972,0.0,10.09,2.48,23.49,Universal Analysis Mode,Healthy,Machine is safe. Continue regular monitoring.
LUX,442,1973,0.0,12.59,3.29,23.72,Universal Analysis Mode,Healthy,Machine is safe. Continue regular monitoring.
LUX,442,1974,0.0,39.93,11.58,25.59,Universal Analysis Mode,Healthy,Machine is safe. Continue regular monitoring.
LUX,442,1975,0.0,36.44,11.53,25.85,Universal Analysis Mode,Healthy,Machine is safe. Continue regular monitoring.
LUX,442,1976,0.0,38.23,12.8,27.43,Universal Analysis Mode,Healthy,Machine is safe. Continue regular monitoring.
LUX,442,1977,0.0,39.04,13.92,28.63,Universal Analysis Mode,Healthy,Machine is safe. Continue regular monitoring.
LUX,442,1978,0.0,36.54,14.02,28.29,Universal Analysis Mode,Healthy,Machine is safe. Continue regular monitoring.
LUX,442,1979,0.0,74.02,31.61,30.66,Universal Analysis Mode,Warning,Maintenance inspection recommended soon.
LUX,442,1980,0.0,75.97,36.83,31.89,Universal Analysis Mode,Warning,Maintenance inspection recommended soon.
LUX,442,1981,0.0,67.14,35.93,32.37,Universal Analysis Mode,Warning,Maintenance inspection recommended soon.
LUX,442,1982,0.0,58.02,32.97,32.46,Universal Analysis Mode,Warning,Maintenance inspection recommended soon.
LUX,442,1983,0.0,50.39,29.55,32.06,Universal Analysis Mode,Warning,Maintenance inspection recommended soon.
LUX,442,1984,0.0,45.82,28.78,31.68,Universal Analysis Mode,Warning,Maintenance inspection recommended soon.
LUX,442,1985,0.0,43.43,27.56,31.4,Universal Analysis Mode,Warning,Maintenance inspection recommended soon.
LUX,442,1986,0.0,22.22,14.43,29.0,Universal Analysis Mode,Healthy,Machine is safe. Continue regular monitoring.
LUX,442,1987,0.0,27.46,18.44,28.06,Universal Analysis Mode,Healthy,Machine is safe. Continue regular monitoring.
LUX,442,1988,0.0,21.42,14.92,26.47,Universal Analysis Mode,Healthy,Machine is safe. Continue regular monitoring.
LUX,442,1989,0.0,24.87,18.23,26.93,Universal Analysis Mode,Healthy,Machine is safe. Continue regular monitoring.
LUX,442,1990,0.0,30.88,23.73,25.11,Universal Analysis Mode,Healthy,Machine is safe. Continue regular monitoring.
LUX,442,1991,0.0,24.95,20.0,24.97,Universal Analysis Mode,Healthy,Machine is safe. Continue regular monitoring.
LUX,442,1992,0.0,23.39,19.32,23.45,Universal Analysis Mode,Healthy,Machine is safe. Continue regular monitoring.
LUX,442,1993,0.0,20.01,16.97,23.04,Universal Analysis Mode,Healthy,Machine is safe. Continue regular monitoring.
LUX,442,1994,0.0,18.26,15.82,22.48,Universal Analysis Mode,Healthy,Machine is safe. Continue regular monitoring.
LUX,442,1995,0.0,19.1,17.02,22.4,Universal Analysis Mode,Healthy,Machine is safe. Continue regular monitoring.
LUX,442,1996,0.0,22.48,20.67,23.16,Universal Analysis Mode,Healthy,Machine is safe. Continue regular monitoring.
LUX,442,1997,0.0,20.38,19.09,22.97,Universal Analysis Mode,Healthy,Machine is safe. Continue regular monitoring.
LUX,442,1998,0.0,13.62,12.72,21.95,Universal Analysis Mode,Healthy,Machine is safe. Continue regular monitoring.
LUX,442,1999,0.0,18.56,17.97,22.68,Universal Analysis Mode,Healthy,Machine is safe. Continue regular monitoring.
LUX,442,2000,0.0,28.5,28.5,25.8,Universal Analysis Mode,Healthy,Machine is safe. Continue regular monitoring.
LUX,442,2001,0.0,23.7,24.44,25.73,Universal Analysis Mode,Healthy,Machine is safe. Continue regular monitoring.
LUX,442,2002,0.0,23.72,25.02,25.26,Universal Analysis Mode,Healthy,Machine is safe. Continue regular monitoring.
LUX,442,2003,0.0,26.54,28.83,27.33,Universal Analysis Mode,Healthy,Machine is safe. Continue regular monitoring.
LUX,442,2004,0.0,34.3,38.26,27.81,Universal Analysis Mode,Healthy,Machine is safe. Continue regular monitoring.
LUX,442,2005,0.0,47.26,54.52,29.04,Universal Analysis Mode,Healthy,Machine is safe. Continue regular monitoring.
LUX,442,2006,0.0,55.37,65.14,28.47,Universal Analysis Mode,Healthy,Machine is safe. Continue regular monitoring.
LUX,442,2007,0.0,60.12,72.39,28.43,Universal Analysis Mode,Healthy,Machine is safe. Continue regular monitoring.
LUX,442,2008,0.0,77.79,97.26,29.09,Universal Analysis Mode,Healthy,Machine is safe. Continue regular monitoring.
LUX,442,2009,0.0,49.5,61.67,26.03,Universal Analysis Mode,Healthy,Machine is safe. Continue regular monitoring.
LUX,442,2010,0.0,62.78,79.5,27.24,Universal Analysis Mode,Healthy,Machine is safe. Continue regular monitoring.
LUX,442,2011,0.0,85.17,111.26,30.47,Universal Analysis Mode,Warning,Maintenance inspection recommended soon.
LUX,442,2012,0.0,83.75,111.67,30.07,Universal Analysis Mode,Warning,Maintenance inspection recommended soon.
LUX,442,2013,0.0,80.32,108.66,30.4,Universal Analysis Mode,Warning,Maintenance inspection recommended soon.
LUX,442,2014,0.0,71.97,98.95,30.76,Universal Analysis Mode,Warning,Maintenance inspection recommended soon.
MKD,807,1932,49800.0,10.86,0.87,29.99,Universal Analysis Mode,Healthy,Machine is safe. Continue regular monitoring.
MKD,807,1933,49800.0,8.82,0.67,29.97,Universal Analysis Mode,Healthy,Machine is safe. Continue regular monitoring.
MKD,807,1934,49800.0,12.72,1.0,30.45,Universal Analysis Mode,Warning,Maintenance inspection recommended soon.
MKD,807,1935,49800.0,12.04,0.97,30.1,Universal Analysis Mode,Warning,Maintenance inspection recommended soon.
MKD,807,1936,49800.0,13.38,1.09,30.4,Universal Analysis Mode,Warning,Maintenance inspection recommended soon.
MKD,807,1937,49800.0,13.98,1.18,30.17,Universal Analysis Mode,Warning,Maintenance inspection recommended soon.
MKD,807,1938,49800.0,13.66,1.13,30.2,Universal Analysis Mode,Warning,Maintenance inspection recommended soon.
MKD,807,1939,49800.0,12.5,1.02,30.13,Universal Analysis Mode,Warning,Maintenance inspection recommended soon.
MKD,807,1940,49800.0,12.38,1.02,30.05,Universal Analysis Mode,Warning,Maintenance inspection recommended soon.
MKD,807,1941,49800.0,13.18,1.14,30.08,Universal Analysis Mode,Warning,Maintenance inspection recommended soon.
MKD,807,1942,49800.0,12.42,1.19,29.89,Universal Analysis Mode,Healthy,Machine is safe. Continue regular monitoring.
MKD,807,1943,49800.0,11.81,1.2,29.64,Universal Analysis Mode,Healthy,Machine is safe. Continue regular monitoring.
MKD,807,1944,49800.0,11.71,1.21,29.6,Universal Analysis Mode,Healthy,Machine is safe. Continue regular monitoring.
MKD,807,1945,49800.0,9.93,1.05,29.25,Universal Analysis Mode,Healthy,Machine is safe. Continue regular monitoring.
MKD,807,1946,49800.0,9.77,1.12,29.15,Universal Analysis Mode,Healthy,Machine is safe. Continue regular monitoring.
MKD,807,1947,49800.0,14.48,1.9,30.1,Universal Analysis Mode,Warning,Maintenance inspection recommended soon.
MKD,807,1948,49800.0,14.07,1.99,30.12,Universal Analysis Mode,Warning,Maintenance inspection recommended soon.
MKD,807,1949,49800.0,12.71,1.78,29.67,Universal Analysis Mode,Healthy,Machine is safe. Continue regular monitoring.
MKD,807,1950,49800.0,12.08,1.71,28.69,Universal Analysis Mode,Healthy,Machine is safe. Continue regular monitoring.
MKD,807,1951,49800.0,11.2,1.71,28.51,Universal Analysis Mode,Healthy,Machine is safe. Continue regular monitoring.
MKD,807,1952,49800.0,10.96,1.71,28.48,Universal Analysis Mode,Healthy,Machine is safe. Continue regular monitoring.
MKD,807,1953,49800.0,12.27,1.93,28.99,Universal Analysis Mode,Healthy,Machine is safe. Continue regular monitoring.
MKD,807,1954,49800.0,12.21,1.93,28.89,Universal Analysis Mode,Healthy,Machine is safe. Continue regular monitoring.
MKD,807,1955,49800.0,12.27,1.93,28.54,Universal Analysis Mode,Healthy,Machine is safe. Continue regular monitoring.
MKD,807,1956,49800.0,12.07,1.93,28.52,Universal Analysis Mode,Healthy,Machine is safe. Continue regular monitoring.
MKD,807,1957,49800.0,11.48,1.9,28.25,Universal Analysis Mode,Healthy,Machine is safe. Continue regular monitoring.
MKD,807,1958,49800.0,12.25,2.08,28.69,Universal Analysis Mode,Healthy,Machine is safe. Continue regular monitoring.
MKD,807,1959,49800.0,12.14,2.08,28.71,Universal Analysis Mode,Healthy,Machine is safe. Continue regular monitoring.
MKD,807,1960,49800.0,10.91,1.9,28.64,Universal Analysis Mode,Healthy,Machine is safe. Continue regular monitoring.
MKD,807,1961,49800.0,10.24,1.8,28.58,Universal Analysis Mode,Healthy,Machine is safe. Continue regular monitoring.
MKD,807,1962,49800.0,10.12,1.8,29.44,Universal Analysis Mode,Healthy,Machine is safe. Continue regular monitoring.
MKD,807,1963,49800.0,9.99,1.8,29.27,Universal Analysis Mode,Healthy,Machine is safe. Continue regular monitoring.
MKD,807,1964,49800.0,9.86,1.8,28.35,Universal Analysis Mode,Healthy,Machine is safe. Continue regular monitoring.
MKD,807,1965,49800.0,9.71,1.8,28.96,Universal Analysis Mode,Healthy,Machine is safe. Continue regular monitoring.
MKD,807,1966,49800.0,9.41,1.8,28.31,Universal Analysis Mode,Healthy,Machine is safe. Continue regular monitoring.
MKD,807,1967,49800.0,9.16,1.8,28.19,Universal Analysis Mode,Healthy,Machine is safe. Continue regular monitoring.
MKD,807,1968,49800.0,8.8,1.8,27.95,Universal Analysis Mode,Healthy,Machine is safe. Continue regular monitoring.
MKD,807,1969,49800.0,8.35,1.8,28.06,Universal Analysis Mode,Healthy,Machine is safe. Continue regular monitoring.
MKD,807,1970,49800.0,7.88,1.8,27.81,Universal Analysis Mode,Healthy,Machine is safe. Continue regular monitoring.
MKD,807,1971,49800.0,9.41,2.24,28.14,Universal Analysis Mode,Healthy,Machine is safe. Continue regular monitoring.
MKD,807,1972,49800.0,10.09,2.48,28.15,Universal Analysis Mode,Healthy,Machine is safe. Continue regular monitoring.
MKD,807,1973,49800.0,12.59,3.29,28.38,Universal Analysis Mode,Healthy,Machine is safe. Continue regular monitoring.
MKD,807,1974,49800.0,39.93,11.58,30.26,Universal Analysis Mode,Warning,Maintenance inspection recommended soon.
MKD,807,1975,49800.0,36.44,11.53,30.51,Universal Analysis Mode,Warning,Maintenance inspection recommended soon.
MKD,807,1976,49800.0,38.23,12.8,32.1,Universal Analysis Mode,Warning,Maintenance inspection recommended soon.
MKD,807,1977,49800.0,39.04,13.92,33.3,Universal Analysis Mode,Warning,Maintenance inspection recommended soon.
MKD,807,1978,49800.0,36.54,14.02,32.96,Universal Analysis Mode,Warning,Maintenance inspection recommended soon.
MKD,807,1979,49800.0,74.02,31.61,35.33,Universal Analysis Mode,Warning,Maintenance inspection recommended soon.
MKD,807,1980,49800.0,75.97,36.83,36.56,Universal Analysis Mode,Warning,Maintenance inspection recommended soon.
MKD,807,1981,49800.0,67.14,35.93,37.05,Universal Analysis Mode,Warning,Maintenance inspection recommended soon.
MKD,807,1982,49800.0,58.02,32.97,37.13,Universal Analysis Mode,Warning,Maintenance inspection recommended soon.
MKD,807,1983,49800.0,50.39,29.55,36.73,Universal Analysis Mode,Warning,Maintenance inspection recommended soon.
MKD,807,1984,49800.0,45.82,28.78,36.35,Universal Analysis Mode,Warning,Maintenance inspection recommended soon.
MKD,807,1985,49800.0,43.43,27.56,36.08,Universal Analysis Mode,Warning,Maintenance inspection recommended soon.
MKD,807,1986,49800.0,22.22,14.43,33.67,Universal Analysis Mode,Warning,Maintenance inspection recommended soon.
MKD,807,1987,49800.0,27.46,18.44,32.73,Universal Analysis Mode,Warning,Maintenance inspection recommended soon.
MKD,807,1988,49800.0,21.42,14.92,31.15,Universal Analysis Mode,Warning,Maintenance inspection recommended soon.
MKD,807,1989,49800.0,24.87,18.23,31.6,Universal Analysis Mode,Warning,Maintenance inspection recommended soon.
MKD,807,1990,49800.0,30.88,23.73,33.57,Universal Analysis Mode,Warning,Maintenance inspection recommended soon.
MKD,807,1991,0.0,24.95,20.0,29.91,Universal Analysis Mode,Healthy,Machine is safe. Continue regular monitoring.
MKD,807,1992,0.0,23.39,19.32,24.74,Universal Analysis Mode,Healthy,Machine is safe. Continue regular monitoring.
MKD,807,1993,0.0,20.01,16.97,21.44,Universal Analysis Mode,Healthy,Machine is safe. Continue regular monitoring.
MKD,807,1994,0.0,18.26,15.82,24.07,Universal Analysis Mode,Healthy,Machine is safe. Continue regular monitoring.
MKD,807,1995,0.0,19.1,17.02,23.99,Universal Analysis Mode,Healthy,Machine is safe. Continue regular monitoring.
MKD,807,1996,0.0,22.48,20.67,24.64,Universal Analysis Mode,Healthy,Machine is safe. Continue regular monitoring.
MKD,807,1997,0.0,20.38,19.09,24.49,Universal Analysis Mode,Healthy,Machine is safe. Continue regular monitoring.
MKD,807,1998,0.0,13.62,12.72,20.5,Universal Analysis Mode,Healthy,Machine is safe. Continue regular monitoring.
MKD,807,1999,0.0,18.56,17.97,21.24,Universal Analysis Mode,Healthy,Machine is safe. Continue regular monitoring.
MKD,807,2000,0.0,28.5,28.5,27.23,Universal Analysis Mode,Healthy,Machine is safe. Continue regular monitoring.
MKD,807,2001,0.0,23.7,24.44,27.22,Universal Analysis Mode,Healthy,Machine is safe. Continue regular monitoring.
MKD,807,2002,0.0,23.72,25.02,26.83,Universal Analysis Mode,Healthy,Machine is safe. Continue regular monitoring.
MKD,807,2003,0.0,26.54,28.83,28.85,Universal Analysis Mode,Healthy,Machine is safe. Continue regular monitoring.
MKD,807,2004,0.0,34.3,38.26,26.37,Universal Analysis Mode,Healthy,Machine is safe. Continue regular monitoring.
MKD,807,2005,0.0,47.26,54.52,27.54,Universal Analysis Mode,Healthy,Machine is safe. Continue regular monitoring.
MKD,807,2006,0.0,55.37,65.14,26.95,Universal Analysis Mode,Healthy,Machine is safe. Continue regular monitoring.
MKD,807,2007,0.0,60.12,72.39,26.91,Universal Analysis Mode,Healthy,Machine is safe. Continue regular monitoring.
MKD,807,2008,0.0,77.79,97.26,27.52,Universal Analysis Mode,Healthy,Machine is safe. Continue regular monitoring.
MKD,807,2009,0.0,49.5,61.67,24.49,Universal Analysis Mode,Healthy,Machine is safe. Continue regular monitoring.
MKD,807,2010,0.0,62.78,79.5,25.58,Universal Analysis Mode,Healthy,Machine is safe. Continue regular monitoring.
MKD,807,2011,0.0,85.17,111.26,25.04,Universal Analysis Mode,Healthy,Machine is safe. Continue regular monitoring.
MKD,807,2012,0.0,83.75,111.67,24.07,Universal Analysis Mode,Healthy,Machine is safe. Continue regular monitoring.
MKD,807,2013,0.0,80.32,108.66,30.7,Universal Analysis Mode,Warning,Maintenance inspection recommended soon.
MKD,807,2014,0.0,71.97,98.95,31.74,Universal Analysis Mode,Warning,Maintenance inspection recommended soon.
MDG,450,1932,49800.0,10.86,0.87,29.16,Universal Analysis Mode,Healthy,Machine is safe. Continue regular monitoring.
MDG,450,1933,49800.0,8.82,0.67,29.14,Universal Analysis Mode,Healthy,Machine is safe. Continue regular monitoring.
MDG,450,1934,49800.0,12.72,1.0,29.62,Universal Analysis Mode,Healthy,Machine is safe. Continue regular monitoring.
MDG,450,1935,49800.0,12.04,0.97,29.27,Universal Analysis Mode,Healthy,Machine is safe. Continue regular monitoring.
MDG,450,1936,49800.0,13.38,1.09,29.58,Universal Analysis Mode,Healthy,Machine is safe. Continue regular monitoring.
MDG,450,1937,49800.0,13.98,1.18,29.34,Universal Analysis Mode,Healthy,Machine is safe. Continue regular monitoring.
MDG,450,1938,49800.0,13.66,1.13,29.37,Universal Analysis Mode,Healthy,Machine is safe. Continue regular monitoring.
MDG,450,1939,49800.0,12.5,1.02,29.3,Universal Analysis Mode,Healthy,Machine is safe. Continue regular monitoring.
MDG,450,1940,49800.0,12.38,1.02,29.22,Universal Analysis Mode,Healthy,Machine is safe. Continue regular monitoring.
MDG,450,1941,49800.0,13.18,1.14,29.25,Universal Analysis Mode,Healthy,Machine is safe. Continue regular monitoring.
MDG,450,1942,49800.0,12.42,1.19,29.06,Universal Analysis Mode,Healthy,Machine is safe. Continue regular monitoring.
MDG,450,1943,49800.0,11.81,1.2,28.81,Universal Analysis Mode,Healthy,Machine is safe. Continue regular monitoring.
MDG,450,1944,49800.0,11.71,1.21,28.77,Universal Analysis Mode,Healthy,Machine is safe. Continue regular monitoring.
MDG,450,1945,49800.0,9.93,1.05,28.43,Universal Analysis Mode,Healthy,Machine is safe. Continue regular monitoring.
MDG,450,1946,49800.0,9.77,1.12,28.32,Universal Analysis Mode,Healthy,Machine is safe. Continue regular monitoring.
MDG,450,1947,49800.0,14.48,1.9,29.27,Universal Analysis Mode,Healthy,Machine is safe. Continue regular monitoring.
MDG,450,1948,49800.0,14.07,1.99,29.29,Universal Analysis Mode,Healthy,Machine is safe. Continue regular monitoring.
MDG,450,1949,49800.0,12.71,1.78,28.84,Universal Analysis Mode,Healthy,Machine is safe. Continue regular monitoring.
MDG,450,1950,49800.0,12.08,1.71,28.27,Universal Analysis Mode,Healthy,Machine is safe. Continue regular monitoring.
MDG,450,1951,49800.0,11.2,1.71,28.08,Universal Analysis Mode,Healthy,Machine is safe. Continue regular monitoring.
MDG,450,1952,49800.0,10.96,1.71,28.06,Universal Analysis Mode,Healthy,Machine is safe. Continue regular monitoring.
MDG,450,1953,49800.0,12.27,1.93,28.57,Universal Analysis Mode,Healthy,Machine is safe. Continue regular monitoring.
MDG,450,1954,49800.0,12.21,1.93,28.47,Universal Analysis Mode,Healthy,Machine is safe. Continue regular monitoring.
MDG,450,1955,49800.0,12.27,1.93,28.12,Universal Analysis Mode,Healthy,Machine is safe. Continue regular monitoring.
MDG,450,1956,49800.0,12.07,1.93,28.1,Universal Analysis Mode,Healthy,Machine is safe. Continue regular monitoring.
MDG,450,1957,49800.0,11.48,1.9,27.84,Universal Analysis Mode,Healthy,Machine is safe. Continue regular monitoring.
MDG,450,1958,49800.0,12.25,2.08,28.28,Universal Analysis Mode,Healthy,Machine is safe. Continue regular monitoring.
MDG,450,1959,49800.0,12.14,2.08,28.31,Universal Analysis Mode,Healthy,Machine is safe. Continue regular monitoring.
MDG,450,1960,0.0,10.91,1.9,24.7,Universal Analysis Mode,Healthy,Machine is safe. Continue regular monitoring.
MDG,450,1961,0.0,10.24,1.8,24.64,Universal Analysis Mode,Healthy,Machine is safe. Continue regular monitoring.
MDG,450,1962,0.0,10.12,1.8,25.51,Universal Analysis Mode,Healthy,Machine is safe. Continue regular monitoring.
MDG,450,1963,0.0,9.99,1.8,25.33,Universal Analysis Mode,Healthy,Machine is safe. Continue regular monitoring.
MDG,450,1964,0.0,9.86,1.8,24.41,Universal Analysis Mode,Healthy,Machine is safe. Continue regular monitoring.
MDG,450,1965,0.0,9.71,1.8,25.02,Universal Analysis Mode,Healthy,Machine is safe. Continue regular monitoring.
MDG,450,1966,0.0,9.41,1.8,24.76,Universal Analysis Mode,Healthy,Machine is safe. Continue regular monitoring.
MDG,450,1967,0.0,9.16,1.8,24.65,Universal Analysis Mode,Healthy,Machine is safe. Continue regular monitoring.
MDG,450,1968,0.0,8.8,1.8,24.69,Universal Analysis Mode,Healthy,Machine is safe. Continue regular monitoring.
MDG,450,1969,0.0,8.35,1.8,24.82,Universal Analysis Mode,Healthy,Machine is safe. Continue regular monitoring.
MDG,450,1970,0.0,7.88,1.8,24.59,Universal Analysis Mode,Healthy,Machine is safe. Continue regular monitoring.
MDG,450,1971,0.0,9.41,2.24,24.95,Universal Analysis Mode,Healthy,Machine is safe. Continue regular monitoring.
MDG,450,1972,0.0,10.09,2.48,24.99,Universal Analysis Mode,Healthy,Machine is safe. Continue regular monitoring.
MDG,450,1973,0.0,12.59,3.29,25.24,Universal Analysis Mode,Healthy,Machine is safe. Continue regular monitoring.
MDG,450,1974,0.0,39.93,11.58,27.14,Universal Analysis Mode,Healthy,Machine is safe. Continue regular monitoring.
MDG,450,1975,0.0,36.44,11.53,27.42,Universal Analysis Mode,Healthy,Machine is safe. Continue regular monitoring.
MDG,450,1976,0.0,38.23,12.8,29.04,Universal Analysis Mode,Healthy,Machine is safe. Continue regular monitoring.
MDG,450,1977,0.0,39.04,13.92,30.26,Universal Analysis Mode,Warning,Maintenance inspection recommended soon.
MDG,450,1978,0.0,36.54,14.02,29.96,Universal Analysis Mode,Healthy,Machine is safe. Continue regular monitoring.
MDG,450,1979,0.0,74.02,31.61,32.37,Universal Analysis Mode,Warning,Maintenance inspection recommended soon.
MDG,450,1980,0.0,75.97,36.83,33.63,Universal Analysis Mode,Warning,Maintenance inspection recommended soon.
MDG,450,1981,0.0,67.14,35.93,34.15,Universal Analysis Mode,Warning,Maintenance inspection recommended soon.
MDG,450,1982,0.0,58.02,32.97,34.28,Universal Analysis Mode,Warning,Maintenance inspection recommended soon.
MDG,450,1983,0.0,50.39,29.55,33.92,Universal Analysis Mode,Warning,Maintenance inspection recommended soon.
MDG,450,1984,0.0,45.82,28.78,33.58,Universal Analysis Mode,Warning,Maintenance inspection recommended soon.
MDG,450,1985,0.0,43.43,27.56,33.35,Universal Analysis Mode,Warning,Maintenance inspection recommended soon.
MDG,450,1986,0.0,22.22,14.43,28.38,Universal Analysis Mode,Healthy,Machine is safe. Continue regular monitoring.
MDG,450,1987,0.0,27.46,18.44,27.47,Universal Analysis Mode,Healthy,Machine is safe. Continue regular monitoring.
MDG,450,1988,0.0,21.42,14.92,25.9,Universal Analysis Mode,Healthy,Machine is safe. Continue regular monitoring.
MDG,450,1989,0.0,24.87,18.23,26.44,Universal Analysis Mode,Healthy,Machine is safe. Continue regular monitoring.
MDG,450,1990,0.0,30.88,23.73,27.73,Universal Analysis Mode,Healthy,Machine is safe. Continue regular monitoring.
MDG,450,1991,0.0,24.95,20.0,27.64,Universal Analysis Mode,Healthy,Machine is safe. Continue regular monitoring.
MDG,450,1992,0.0,23.39,19.32,26.18,Universal Analysis Mode,Healthy,Machine is safe. Continue regular monitoring.
MDG,450,1993,0.0,20.01,16.97,25.81,Universal Analysis Mode,Healthy,Machine is safe. Continue regular monitoring.
MDG,450,1994,0.0,18.26,15.82,25.29,Universal Analysis Mode,Healthy,Machine is safe. Continue regular monitoring.
MDG,450,1995,0.0,19.1,17.02,25.25,Universal Analysis Mode,Healthy,Machine is safe. Continue regular monitoring.
MDG,450,1996,0.0,22.48,20.67,26.05,Universal Analysis Mode,Healthy,Machine is safe. Continue regular monitoring.
MDG,450,1997,0.0,20.38,19.09,25.92,Universal Analysis Mode,Healthy,Machine is safe. Continue regular monitoring.
MDG,450,1998,0.0,13.62,12.72,24.94,Universal Analysis Mode,Healthy,Machine is safe. Continue regular monitoring.
MDG,450,1999,0.0,18.56,17.97,25.72,Universal Analysis Mode,Healthy,Machine is safe. Continue regular monitoring.
MDG,450,2000,0.0,28.5,28.5,28.89,Universal Analysis Mode,Healthy,Machine is safe. Continue regular monitoring.
MDG,450,2001,0.0,23.7,24.44,28.87,Universal Analysis Mode,Healthy,Machine is safe. Continue regular monitoring.
MDG,450,2002,0.0,23.72,25.02,28.5,Universal Analysis Mode,Healthy,Machine is safe. Continue regular monitoring.
MDG,450,2003,0.0,26.54,28.83,30.66,Universal Analysis Mode,Warning,Maintenance inspection recommended soon.
MDG,450,2004,0.0,34.3,38.26,31.18,Universal Analysis Mode,Warning,Maintenance inspection recommended soon.
MDG,450,2005,0.0,47.26,54.52,32.47,Universal Analysis Mode,Warning,Maintenance inspection recommended soon.
MDG,450,2006,0.0,55.37,65.14,35.3,Universal Analysis Mode,Warning,Maintenance inspection recommended soon.
MDG,450,2007,0.0,60.12,72.39,35.31,Universal Analysis Mode,Warning,Maintenance inspection recommended soon.
MDG,450,2008,0.0,77.79,97.26,36.02,Universal Analysis Mode,Warning,Maintenance inspection recommended soon.
MDG,450,2009,0.0,49.5,61.67,32.94,Universal Analysis Mode,Warning,Maintenance inspection recommended soon.
MDG,450,2010,0.0,62.78,79.5,32.62,Universal Analysis Mode,Warning,Maintenance inspection recommended soon.
MDG,450,2011,0.0,85.17,111.26,32.11,Universal Analysis Mode,Warning,Maintenance inspection recommended soon.
MDG,450,2012,0.0,83.75,111.67,31.02,Universal Analysis Mode,Warning,Maintenance inspection recommended soon.
MDG,450,2013,0.0,80.32,108.66,31.28,Universal Analysis Mode,Warning,Maintenance inspection recommended soon.
MDG,450,2014,0.0,71.97,98.95,32.35,Universal Analysis Mode,Warning,Maintenance inspection recommended soon.
MWI,454,1932,49800.0,10.86,0.87,29.17,Universal Analysis Mode,Healthy,Machine is safe. Continue regular monitoring.
MWI,454,1933,49800.0,8.82,0.67,29.16,Universal Analysis Mode,Healthy,Machine is safe. Continue regular monitoring.
MWI,454,1934,49800.0,12.72,1.0,29.63,Universal Analysis Mode,Healthy,Machine is safe. Continue regular monitoring.
MWI,454,1935,49800.0,12.04,0.97,29.28,Universal Analysis Mode,Healthy,Machine is safe. Continue regular monitoring.
MWI,454,1936,49800.0,13.38,1.09,29.59,Universal Analysis Mode,Healthy,Machine is safe. Continue regular monitoring.
MWI,454,1937,49800.0,13.98,1.18,29.35,Universal Analysis Mode,Healthy,Machine is safe. Continue regular monitoring.
MWI,454,1938,49800.0,13.66,1.13,29.38,Universal Analysis Mode,Healthy,Machine is safe. Continue regular monitoring.
MWI,454,1939,49800.0,12.5,1.02,29.31,Universal Analysis Mode,Healthy,Machine is safe. Continue regular monitoring.
MWI,454,1940,49800.0,12.38,1.02,29.23,Universal Analysis Mode,Healthy,Machine is safe. Continue regular monitoring.
MWI,454,1941,49800.0,13.18,1.14,29.26,Universal Analysis Mode,Healthy,Machine is safe. Continue regular monitoring.
MWI,454,1942,49800.0,12.42,1.19,29.07,Universal Analysis Mode,Healthy,Machine is safe. Continue regular monitoring.
MWI,454,1943,49800.0,11.81,1.2,28.82,Universal Analysis Mode,Healthy,Machine is safe. Continue regular monitoring.
MWI,454,1944,49800.0,11.71,1.21,28.78,Universal Analysis Mode,Healthy,Machine is safe. Continue regular monitoring.
MWI,454,1945,49800.0,9.93,1.05,28.44,Universal Analysis Mode,Healthy,Machine is safe. Continue regular monitoring.
MWI,454,1946,49800.0,9.77,1.12,28.33,Universal Analysis Mode,Healthy,Machine is safe. Continue regular monitoring.
MWI,454,1947,49800.0,14.48,1.9,29.28,Universal Analysis Mode,Healthy,Machine is safe. Continue regular monitoring.
MWI,454,1948,49800.0,14.07,1.99,29.3,Universal Analysis Mode,Healthy,Machine is safe. Continue regular monitoring.
MWI,454,1949,49800.0,12.71,1.78,28.85,Universal Analysis Mode,Healthy,Machine is safe. Continue regular monitoring.
MWI,454,1950,49800.0,12.08,1.71,28.08,Universal Analysis Mode,Healthy,Machine is safe. Continue regular monitoring.
MWI,454,1951,49800.0,11.2,1.71,27.89,Universal Analysis Mode,Healthy,Machine is safe. Continue regular monitoring.
MWI,454,1952,49800.0,10.96,1.71,27.87,Universal Analysis Mode,Healthy,Machine is safe. Continue regular monitoring.
MWI,454,1953,49800.0,12.27,1.93,28.39,Universal Analysis Mode,Healthy,Machine is safe. Continue regular monitoring.
MWI,454,1954,49800.0,12.21,1.93,28.29,Universal Analysis Mode,Healthy,Machine is safe. Continue regular monitoring.
MWI,454,1955,49800.0,12.27,1.93,27.95,Universal Analysis Mode,Healthy,Machine is safe. Continue regular monitoring.
MWI,454,1956,49800.0,12.07,1.93,27.94,Universal Analysis Mode,Healthy,Machine is safe. Continue regular monitoring.
MWI,454,1957,49800.0,11.48,1.9,27.67,Universal Analysis Mode,Healthy,Machine is safe. Continue regular monitoring.
MWI,454,1958,49800.0,12.25,2.08,28.12,Universal Analysis Mode,Healthy,Machine is safe. Continue regular monitoring.
MWI,454,1959,49800.0,12.14,2.08,28.14,Universal Analysis Mode,Healthy,Machine is safe. Continue regular monitoring.
MWI,454,1960,49800.0,10.91,1.9,28.08,Universal Analysis Mode,Healthy,Machine is safe. Continue regular monitoring.
MWI,454,1961,49800.0,10.24,1.8,28.03,Universal Analysis Mode,Healthy,Machine is safe. Continue regular monitoring.
MWI,454,1962,49800.0,10.12,1.8,28.9,Universal Analysis Mode,Healthy,Machine is safe. Continue regular monitoring.
MWI,454,1963,0.0,9.99,1.8,24.39,Universal Analysis Mode,Healthy,Machine is safe. Continue regular monitoring.
MWI,454,1964,0.0,9.86,1.8,24.28,Universal Analysis Mode,Healthy,Machine is safe. Continue regular monitoring.
MWI,454,1965,0.0,9.71,1.8,24.89,Universal Analysis Mode,Healthy,Machine is safe. Continue regular monitoring.
MWI,454,1966,0.0,9.41,1.8,24.25,Universal Analysis Mode,Healthy,Machine is safe. Continue regular monitoring.
MWI,454,1967,0.0,9.16,1.8,24.14,Universal Analysis Mode,Healthy,Machine is safe. Continue regular monitoring.
MWI,454,1968,0.0,8.8,1.8,23.91,Universal Analysis Mode,Healthy,Machine is safe. Continue regular monitoring.
MWI,454,1969,0.0,8.35,1.8,24.03,Universal Analysis Mode,Healthy,Machine is safe. Continue regular monitoring.
MWI,454,1970,0.0,7.88,1.8,23.79,Universal Analysis Mode,Healthy,Machine is safe. Continue regular monitoring.
MWI,454,1971,0.0,9.41,2.24,24.13,Universal Analysis Mode,Healthy,Machine is safe. Continue regular monitoring.
MWI,454,1972,0.0,10.09,2.48,24.15,Universal Analysis Mode,Healthy,Machine is safe. Continue regular monitoring.
MWI,454,1973,0.0,12.59,3.29,24.38,Universal Analysis Mode,Healthy,Machine is safe. Continue regular monitoring.
MWI,454,1974,0.0,39.93,11.58,26.26,Universal Analysis Mode,Healthy,Machine is safe. Continue regular monitoring.
MWI,454,1975,0.0,36.44,11.53,26.53,Universal Analysis Mode,Healthy,Machine is safe. Continue regular monitoring.
MWI,454,1976,0.0,38.23,12.8,28.13,Universal Analysis Mode,Healthy,Machine is safe. Continue regular monitoring.
MWI,454,1977,0.0,39.04,13.92,29.33,Universal Analysis Mode,Healthy,Machine is safe. Continue regular monitoring.
MWI,454,1978,0.0,36.54,14.02,28.99,Universal Analysis Mode,Healthy,Machine is safe. Continue regular monitoring.
MWI,454,1979,0.0,74.02,31.61,31.36,Universal Analysis Mode,Warning,Maintenance inspection recommended soon.
MWI,454,1980,0.0,75.97,36.83,32.99,Universal Analysis Mode,Warning,Maintenance inspection recommended soon.
MWI,454,1981,0.0,67.14,35.93,33.49,Universal Analysis Mode,Warning,Maintenance inspection recommended soon.
MWI,454,1982,0.0,58.02,32.97,33.88,Universal Analysis Mode,Warning,Maintenance inspection recommended soon.
MWI,454,1983,0.0,50.39,29.55,33.52,Universal Analysis Mode,Warning,Maintenance inspection recommended soon.
MWI,454,1984,0.0,45.82,28.78,33.17,Universal Analysis Mode,Warning,Maintenance inspection recommended soon.
MWI,454,1985,0.0,43.43,27.56,32.93,Universal Analysis Mode,Warning,Maintenance inspection recommended soon.
MWI,454,1986,0.0,22.22,14.43,30.58,Universal Analysis Mode,Warning,Maintenance inspection recommended soon.
MWI,454,1987,0.0,27.46,18.44,29.7,Universal Analysis Mode,Healthy,Machine is safe. Continue regular monitoring.
MWI,454,1988,0.0,21.42,14.92,28.2,Universal Analysis Mode,Healthy,Machine is safe. Continue regular monitoring.
MWI,454,1989,0.0,24.87,18.23,28.74,Universal Analysis Mode,Healthy,Machine is safe. Continue regular monitoring.
MWI,454,1990,0.0,30.88,23.73,30.77,Universal Analysis Mode,Warning,Maintenance inspection recommended soon.
MWI,454,1991,0.0,24.95,20.0,30.71,Universal Analysis Mode,Warning,Maintenance inspection recommended soon.
MWI,454,1992,0.0,23.39,19.32,29.23,Universal Analysis Mode,Healthy,Machine is safe. Continue regular monitoring.
MWI,454,1993,0.0,20.01,16.97,28.85,Universal Analysis Mode,Healthy,Machine is safe. Continue regular monitoring.
MWI,454,1994,0.0,18.26,15.82,28.25,Universal Analysis Mode,Healthy,Machine is safe. Continue regular monitoring.
MWI,454,1995,0.0,19.1,17.02,28.16,Universal Analysis Mode,Healthy,Machine is safe. Continue regular monitoring.
MWI,454,1996,0.0,22.48,20.67,28.97,Universal Analysis Mode,Healthy,Machine is safe. Continue regular monitoring.
MWI,454,1997,0.0,20.38,19.09,28.82,Universal Analysis Mode,Healthy,Machine is safe. Continue regular monitoring.
MWI,454,1998,0.0,13.62,12.72,27.82,Universal Analysis Mode,Healthy,Machine is safe. Continue regular monitoring.
MWI,454,1999,0.0,18.56,17.97,28.59,Universal Analysis Mode,Healthy,Machine is safe. Continue regular monitoring.
MWI,454,2000,0.0,28.5,28.5,31.79,Universal Analysis Mode,Warning,Maintenance inspection recommended soon.
MWI,454,2001,0.0,23.7,24.44,31.75,Universal Analysis Mode,Warning,Maintenance inspection recommended soon.
MWI,454,2002,0.0,23.72,25.02,31.36,Universal Analysis Mode,Warning,Maintenance inspection recommended soon.
MWI,454,2003,0.0,26.54,28.83,33.49,Universal Analysis Mode,Warning,Maintenance inspection recommended soon.
MWI,454,2004,0.0,34.3,38.26,34.01,Universal Analysis Mode,Warning,Maintenance inspection recommended soon.
MWI,454,2005,0.0,47.26,54.52,35.29,Universal Analysis Mode,Warning,Maintenance inspection recommended soon.
MWI,454,2006,0.0,55.37,65.14,34.74,Universal Analysis Mode,Warning,Maintenance inspection recommended soon.
MWI,454,2007,0.0,60.12,72.39,34.72,Universal Analysis Mode,Warning,Maintenance inspection recommended soon.
MWI,454,2008,0.0,77.79,97.26,35.41,Universal Analysis Mode,Warning,Maintenance inspection recommended soon.
MWI,454,2009,0.0,49.5,61.67,32.38,Universal Analysis Mode,Warning,Maintenance inspection recommended soon.
MWI,454,2010,0.0,62.78,79.5,32.35,Universal Analysis Mode,Warning,Maintenance inspection recommended soon.
MWI,454,2011,0.0,85.17,111.26,31.84,Universal Analysis Mode,Warning,Maintenance inspection recommended soon.
MWI,454,2012,0.0,83.75,111.67,30.73,Universal Analysis Mode,Warning,Maintenance inspection recommended soon.
MWI,454,2013,0.0,80.32,108.66,30.99,Universal Analysis Mode,Warning,Maintenance inspection recommended soon.
MWI,454,2014,0.0,71.97,98.95,32.05,Universal Analysis Mode,Warning,Maintenance inspection recommended soon.
MYS,458,1932,518579.0,10.86,0.87,36.91,Universal Analysis Mode,Warning,Maintenance inspection recommended soon.
MYS,458,1933,613388.0,8.82,0.67,36.6,Universal Analysis Mode,Warning,Maintenance inspection recommended soon.
MYS,458,1934,702186.0,12.72,1.0,39.73,Universal Analysis Mode,Warning,Maintenance inspection recommended soon.
MYS,458,1935,757650.0,12.04,0.97,39.46,Universal Analysis Mode,Warning,Maintenance inspection recommended soon.
MYS,458,1936,711612.0,13.38,1.09,39.88,Universal Analysis Mode,Warning,Maintenance inspection recommended soon.
MYS,458,1937,820902.0,13.98,1.18,40.27,Universal Analysis Mode,Warning,Maintenance inspection recommended soon.
MYS,458,1938,944399.0,13.66,1.13,40.69,Universal Analysis Mode,Warning,Maintenance inspection recommended soon.
MYS,458,1939,969536.0,12.5,1.02,40.36,Universal Analysis Mode,Warning,Maintenance inspection recommended soon.
MYS,458,1940,962705.0,12.38,1.02,40.23,Universal Analysis Mode,Warning,Maintenance inspection recommended soon.
MYS,458,1941,937705.0,13.18,1.14,40.44,Universal Analysis Mode,Warning,Maintenance inspection recommended soon.
MYS,458,1942,409836.0,12.42,1.19,35.92,Universal Analysis Mode,Warning,Maintenance inspection recommended soon.
MYS,458,1943,614754.0,11.81,1.2,38.34,Universal Analysis Mode,Warning,Maintenance inspection recommended soon.
MYS,458,1944,819672.0,11.71,1.21,39.36,Universal Analysis Mode,Warning,Maintenance inspection recommended soon.
MYS,458,1945,286885.0,9.93,1.05,32.75,Universal Analysis Mode,Warning,Maintenance inspection recommended soon.
MYS,458,1946,280055.0,9.77,1.12,32.52,Universal Analysis Mode,Warning,Maintenance inspection recommended soon.
MYS,458,1947,1771858.0,14.48,1.9,43.51,Universal Analysis Mode,Warning,Maintenance inspection recommended soon.
MYS,458,1948,2749180.0,14.07,1.99,44.31,Universal Analysis Mode,Warning,Maintenance inspection recommended soon.
MYS,458,1949,3430055.0,12.71,1.78,43.96,Universal Analysis Mode,Warning,Maintenance inspection recommended soon.
MYS,458,1950,4229235.0,12.08,1.71,44.31,Universal Analysis Mode,Warning,Maintenance inspection recommended soon.
MYS,458,1951,5123770.0,11.2,1.71,44.51,Universal Analysis Mode,Warning,Maintenance inspection recommended soon.
MYS,458,1952,5225546.0,10.96,1.71,44.51,Universal Analysis Mode,Warning,Maintenance inspection recommended soon.
MYS,458,1953,5033880.0,12.27,1.93,45.1,Universal Analysis Mode,Warning,Maintenance inspection recommended soon.
MYS,458,1954,4961066.0,12.21,1.93,45.0,Universal Analysis Mode,Warning,Maintenance inspection recommended soon.
MYS,458,1955,5430464.0,12.27,1.93,44.75,Universal Analysis Mode,Warning,Maintenance inspection recommended soon.
MYS,458,1956,5871995.0,12.07,1.93,44.81,Universal Analysis Mode,Warning,Maintenance inspection recommended soon.
MYS,458,1957,5713251.0,11.48,1.9,45.31,Universal Analysis Mode,Warning,Maintenance inspection recommended soon.
MYS,458,1958,5403142.0,12.25,2.08,45.78,Universal Analysis Mode,Warning,Maintenance inspection recommended soon.
MYS,458,1959,5474317.0,12.14,2.08,45.84,Universal Analysis Mode,Warning,Maintenance inspection recommended soon.
MYS,458,1960,4645492.0,10.91,1.9,45.6,Universal Analysis Mode,Warning,Maintenance inspection recommended soon.
MYS,458,1961,4173634.0,10.24,1.8,45.46,Universal Analysis Mode,Warning,Maintenance inspection recommended soon.
MYS,458,1962,3864208.0,10.12,1.8,46.29,Universal Analysis Mode,Warning,Maintenance inspection recommended soon.
MYS,458,1963,50956.0,9.99,1.8,29.18,Universal Analysis Mode,Healthy,Machine is safe. Continue regular monitoring.
MYS,458,1964,48087.0,9.86,1.8,27.74,Universal Analysis Mode,Healthy,Machine is safe. Continue regular monitoring.
MYS,458,1965,47951.0,9.71,1.8,28.39,Universal Analysis Mode,Healthy,Machine is safe. Continue regular monitoring.
MYS,458,1966,47268.0,9.41,1.8,27.79,Universal Analysis Mode,Healthy,Machine is safe. Continue regular monitoring.
MYS,458,1967,44809.0,9.16,1.8,27.74,Universal Analysis Mode,Healthy,Machine is safe. Continue regular monitoring.
MYS,458,1968,207787.0,8.8,1.8,31.33,Universal Analysis Mode,Warning,Maintenance inspection recommended soon.
MYS,458,1969,447814.0,8.35,1.8,35.94,Universal Analysis Mode,Warning,Maintenance inspection recommended soon.
MYS,458,1970,859000.0,7.88,1.8,42.39,Universal Analysis Mode,Warning,Maintenance inspection recommended soon.
MYS,458,1971,3276000.0,9.41,2.24,48.09,Universal Analysis Mode,Warning,Maintenance inspection recommended soon.
MYS,458,1972,4432000.0,10.09,2.48,48.45,Universal Analysis Mode,Warning,Maintenance inspection recommended soon.
MYS,458,1973,4340000.0,12.59,3.29,48.83,Universal Analysis Mode,Warning,Maintenance inspection recommended soon.
MYS,458,1974,3877000.0,39.93,11.58,51.52,Universal Analysis Mode,Warning,Maintenance inspection recommended soon.
MYS,458,1975,4681000.0,36.44,11.53,51.97,Universal Analysis Mode,Warning,Maintenance inspection recommended soon.
MYS,458,1976,8026000.0,38.23,12.8,54.05,Universal Analysis Mode,Warning,Maintenance inspection recommended soon.
MYS,458,1977,8981000.0,39.04,13.92,55.41,Universal Analysis Mode,Warning,Maintenance inspection recommended soon.
MYS,458,1978,10700000.0,36.54,14.02,55.09,Universal Analysis Mode,Warning,Maintenance inspection recommended soon.
MYS,458,1979,13800000.0,74.02,31.61,58.18,Universal Analysis Mode,Warning,Maintenance inspection recommended soon.
MYS,458,1980,13400000.0,75.97,36.83,59.51,Universal Analysis Mode,Warning,Maintenance inspection recommended soon.
MYS,458,1981,12600000.0,67.14,35.93,59.9,Universal Analysis Mode,Warning,Maintenance inspection recommended soon.
MYS,458,1982,14800000.0,58.02,32.97,60.12,Universal Analysis Mode,Warning,Maintenance inspection recommended soon.
MYS,458,1983,18700000.0,50.39,29.55,60.08,Universal Analysis Mode,Warning,Maintenance inspection recommended soon.
MYS,458,1984,21400000.0,45.82,28.78,59.9,Universal Analysis Mode,Warning,Maintenance inspection recommended soon.
MYS,458,1985,21800000.0,43.43,27.56,59.67,Universal Analysis Mode,Warning,Maintenance inspection recommended soon.
MYS,458,1986,24500000.0,22.22,14.43,60.8,Universal Analysis Mode,Warning,Maintenance inspection recommended soon.
MYS,458,1987,24000000.0,27.46,18.44,59.91,Universal Analysis Mode,Warning,Maintenance inspection recommended soon.
MYS,458,1988,26100000.0,21.42,14.92,58.27,Universal Analysis Mode,Warning,Maintenance inspection recommended soon.
MYS,458,1989,28300000.0,24.87,18.23,58.93,Universal Analysis Mode,Warning,Maintenance inspection recommended soon.
MYS,458,1990,29900000.0,30.88,23.73,65.69,Universal Analysis Mode,Warning,Maintenance inspection recommended soon.
MYS,458,1991,31200000.0,24.95,20.0,65.56,Universal Analysis Mode,Warning,Maintenance inspection recommended soon.
MYS,458,1992,31700000.0,23.39,19.32,64.0,Universal Analysis Mode,Warning,Maintenance inspection recommended soon.
MYS,458,1993,31100000.0,20.01,16.97,63.61,Universal Analysis Mode,Warning,Maintenance inspection recommended soon.
MYS,458,1994,31700000.0,18.26,15.82,63.01,Universal Analysis Mode,Warning,Maintenance inspection recommended soon.
MYS,458,1995,34000000.0,19.1,17.02,63.21,Universal Analysis Mode,Warning,Maintenance inspection recommended soon.
MYS,458,1996,34400000.0,22.48,20.67,64.09,Universal Analysis Mode,Warning,Maintenance inspection recommended soon.
MYS,458,1997,35100000.0,20.38,19.09,63.97,Universal Analysis Mode,Warning,Maintenance inspection recommended soon.
MYS,458,1998,36900000.0,13.62,12.72,62.75,Universal Analysis Mode,Warning,Maintenance inspection recommended soon.
MYS,458,1999,35600000.0,18.56,17.97,63.69,Universal Analysis Mode,Warning,Maintenance inspection recommended soon.
MYS,458,2000,35500000.0,28.5,28.5,67.28,Universal Analysis Mode,Warning,Maintenance inspection recommended soon.
MYS,458,2001,32800000.0,23.7,24.44,67.19,Universal Analysis Mode,Warning,Maintenance inspection recommended soon.
MYS,458,2002,34800000.0,23.72,25.02,66.91,Universal Analysis Mode,Warning,Maintenance inspection recommended soon.
MYS,458,2003,36700000.0,26.54,28.83,69.33,Universal Analysis Mode,Warning,Maintenance inspection recommended soon.
MYS,458,2004,37600000.0,34.3,38.26,69.97,Universal Analysis Mode,Warning,Maintenance inspection recommended soon.
MYS,458,2005,31400000.0,47.26,54.52,71.37,Universal Analysis Mode,Critical,Immediate maintenance required. High failure risk.
MYS,458,2006,30500000.0,55.37,65.14,70.7,Universal Analysis Mode,Critical,Immediate maintenance required. High failure risk.
MYS,458,2007,29293257.89,60.12,72.39,70.66,Universal Analysis Mode,Critical,Immediate maintenance required. High failure risk.
MYS,458,2008,30318458.62,77.79,97.26,71.48,Universal Analysis Mode,Critical,Immediate maintenance required. High failure risk.
MYS,458,2009,28777690.45,49.5,61.67,68.09,Universal Analysis Mode,Warning,Maintenance inspection recommended soon.
MYS,458,2010,27587190.07,62.78,79.5,67.65,Universal Analysis Mode,Warning,Maintenance inspection recommended soon.
MYS,458,2011,25494871.46,85.17,111.26,67.07,Universal Analysis Mode,Warning,Maintenance inspection recommended soon.
MYS,458,2012,29160893.48,83.75,111.67,65.89,Universal Analysis Mode,Warning,Maintenance inspection recommended soon.
MYS,458,2013,28398961.45,80.32,108.66,58.89,Universal Analysis Mode,Warning,Maintenance inspection recommended soon.
MYS,458,2014,29753930.8,71.97,98.95,59.1,Universal Analysis Mode,Warning,Maintenance inspection recommended soon.
MDV,462,1932,49800.0,10.86,0.87,29.2,Universal Analysis Mode,Healthy,Machine is safe. Continue regular monitoring.
MDV,462,1933,49800.0,8.82,0.67,29.18,Universal Analysis Mode,Healthy,Machine is safe. Continue regular monitoring.
MDV,462,1934,49800.0,12.72,1.0,29.66,Universal Analysis Mode,Healthy,Machine is safe. Continue regular monitoring.
MDV,462,1935,49800.0,12.04,0.97,29.3,Universal Analysis Mode,Healthy,Machine is safe. Continue regular monitoring.
MDV,462,1936,49800.0,13.38,1.09,29.61,Universal Analysis Mode,Healthy,Machine is safe. Continue regular monitoring.
MDV,462,1937,49800.0,13.98,1.18,29.38,Universal Analysis Mode,Healthy,Machine is safe. Continue regular monitoring.
MDV,462,1938,49800.0,13.66,1.13,29.41,Universal Analysis Mode,Healthy,Machine is safe. Continue regular monitoring.
MDV,462,1939,49800.0,12.5,1.02,29.33,Universal Analysis Mode,Healthy,Machine is safe. Continue regular monitoring.
MDV,462,1940,49800.0,12.38,1.02,29.26,Universal Analysis Mode,Healthy,Machine is safe. Continue regular monitoring.
MDV,462,1941,49800.0,13.18,1.14,29.28,Universal Analysis Mode,Healthy,Machine is safe. Continue regular monitoring.
MDV,462,1942,49800.0,12.42,1.19,29.09,Universal Analysis Mode,Healthy,Machine is safe. Continue regular monitoring.
MDV,462,1943,49800.0,11.81,1.2,28.84,Universal Analysis Mode,Healthy,Machine is safe. Continue regular monitoring.
MDV,462,1944,49800.0,11.71,1.21,28.8,Universal Analysis Mode,Healthy,Machine is safe. Continue regular monitoring.
MDV,462,1945,49800.0,9.93,1.05,28.46,Universal Analysis Mode,Healthy,Machine is safe. Continue regular monitoring.
MDV,462,1946,49800.0,9.77,1.12,28.35,Universal Analysis Mode,Healthy,Machine is safe. Continue regular monitoring.
MDV,462,1947,49800.0,14.48,1.9,29.3,Universal Analysis Mode,Healthy,Machine is safe. Continue regular monitoring.
MDV,462,1948,49800.0,14.07,1.99,29.32,Universal Analysis Mode,Healthy,Machine is safe. Continue regular monitoring.
MDV,462,1949,49800.0,12.71,1.78,28.88,Universal Analysis Mode,Healthy,Machine is safe. Continue regular monitoring.
MDV,462,1950,49800.0,12.08,1.71,27.55,Universal Analysis Mode,Healthy,Machine is safe. Continue regular monitoring.
MDV,462,1951,49800.0,11.2,1.71,27.36,Universal Analysis Mode,Healthy,Machine is safe. Continue regular monitoring.
MDV,462,1952,49800.0,10.96,1.71,27.33,Universal Analysis Mode,Healthy,Machine is safe. Continue regular monitoring.
MDV,462,1953,49800.0,12.27,1.93,27.84,Universal Analysis Mode,Healthy,Machine is safe. Continue regular monitoring.
MDV,462,1954,49800.0,12.21,1.93,27.73,Universal Analysis Mode,Healthy,Machine is safe. Continue regular monitoring.
MDV,462,1955,49800.0,12.27,1.93,27.38,Universal Analysis Mode,Healthy,Machine is safe. Continue regular monitoring.
MDV,462,1956,49800.0,12.07,1.93,27.36,Universal Analysis Mode,Healthy,Machine is safe. Continue regular monitoring.
MDV,462,1957,49800.0,11.48,1.9,27.09,Universal Analysis Mode,Healthy,Machine is safe. Continue regular monitoring.
MDV,462,1958,49800.0,12.25,2.08,27.53,Universal Analysis Mode,Healthy,Machine is safe. Continue regular monitoring.
MDV,462,1959,49800.0,12.14,2.08,27.55,Universal Analysis Mode,Healthy,Machine is safe. Continue regular monitoring.
MDV,462,1960,49800.0,10.91,1.9,27.48,Universal Analysis Mode,Healthy,Machine is safe. Continue regular monitoring.
MDV,462,1961,49800.0,10.24,1.8,27.42,Universal Analysis Mode,Healthy,Machine is safe. Continue regular monitoring.
MDV,462,1962,49800.0,10.12,1.8,28.28,Universal Analysis Mode,Healthy,Machine is safe. Continue regular monitoring.
MDV,462,1963,49800.0,9.99,1.8,28.1,Universal Analysis Mode,Healthy,Machine is safe. Continue regular monitoring.
MDV,462,1964,49800.0,9.86,1.8,27.18,Universal Analysis Mode,Healthy,Machine is safe. Continue regular monitoring.
MDV,462,1965,0.0,9.71,1.8,24.25,Universal Analysis Mode,Healthy,Machine is safe. Continue regular monitoring.
MDV,462,1966,0.0,9.41,1.8,23.59,Universal Analysis Mode,Healthy,Machine is safe. Continue regular monitoring.
MDV,462,1967,0.0,9.16,1.8,23.47,Universal Analysis Mode,Healthy,Machine is safe. Continue regular monitoring.
MDV,462,1968,0.0,8.8,1.8,23.23,Universal Analysis Mode,Healthy,Machine is safe. Continue regular monitoring.
MDV,462,1969,0.0,8.35,1.8,23.34,Universal Analysis Mode,Healthy,Machine is safe. Continue regular monitoring.
MDV,462,1970,0.0,7.88,1.8,23.08,Universal Analysis Mode,Healthy,Machine is safe. Continue regular monitoring.
MDV,462,1971,0.0,9.41,2.24,23.41,Universal Analysis Mode,Healthy,Machine is safe. Continue regular monitoring.
MDV,462,1972,0.0,10.09,2.48,23.43,Universal Analysis Mode,Healthy,Machine is safe. Continue regular monitoring.
MDV,462,1973,0.0,12.59,3.29,23.65,Universal Analysis Mode,Healthy,Machine is safe. Continue regular monitoring.
MDV,462,1974,0.0,39.93,11.58,25.52,Universal Analysis Mode,Healthy,Machine is safe. Continue regular monitoring.
MDV,462,1975,0.0,36.44,11.53,25.78,Universal Analysis Mode,Healthy,Machine is safe. Continue regular monitoring.
MDV,462,1976,0.0,38.23,12.8,27.36,Universal Analysis Mode,Healthy,Machine is safe. Continue regular monitoring.
MDV,462,1977,0.0,39.04,13.92,28.56,Universal Analysis Mode,Healthy,Machine is safe. Continue regular monitoring.
MDV,462,1978,0.0,36.54,14.02,28.22,Universal Analysis Mode,Healthy,Machine is safe. Continue regular monitoring.
MDV,462,1979,0.0,74.02,31.61,30.6,Universal Analysis Mode,Warning,Maintenance inspection recommended soon.
MDV,462,1980,0.0,75.97,36.83,31.83,Universal Analysis Mode,Warning,Maintenance inspection recommended soon.
MDV,462,1981,0.0,67.14,35.93,32.31,Universal Analysis Mode,Warning,Maintenance inspection recommended soon.
MDV,462,1982,0.0,58.02,32.97,32.39,Universal Analysis Mode,Warning,Maintenance inspection recommended soon.
MDV,462,1983,0.0,50.39,29.55,31.99,Universal Analysis Mode,Warning,Maintenance inspection recommended soon.
MDV,462,1984,0.0,45.82,28.78,31.62,Universal Analysis Mode,Warning,Maintenance inspection recommended soon.
MDV,462,1985,0.0,43.43,27.56,31.34,Universal Analysis Mode,Warning,Maintenance inspection recommended soon.
MDV,462,1986,0.0,22.22,14.43,28.94,Universal Analysis Mode,Healthy,Machine is safe. Continue regular monitoring.
MDV,462,1987,0.0,27.46,18.44,28.01,Universal Analysis Mode,Healthy,Machine is safe. Continue regular monitoring.
MDV,462,1988,0.0,21.42,14.92,26.42,Universal Analysis Mode,Healthy,Machine is safe. Continue regular monitoring.
MDV,462,1989,0.0,24.87,18.23,26.88,Universal Analysis Mode,Healthy,Machine is safe. Continue regular monitoring.
MDV,462,1990,0.0,30.88,23.73,28.85,Universal Analysis Mode,Healthy,Machine is safe. Continue regular monitoring.
MDV,462,1991,0.0,24.95,20.0,28.73,Universal Analysis Mode,Healthy,Machine is safe. Continue regular monitoring.
MDV,462,1992,0.0,23.39,19.32,27.2,Universal Analysis Mode,Healthy,Machine is safe. Continue regular monitoring.
MDV,462,1993,0.0,20.01,16.97,26.79,Universal Analysis Mode,Healthy,Machine is safe. Continue regular monitoring.
MDV,462,1994,0.0,18.26,15.82,26.23,Universal Analysis Mode,Healthy,Machine is safe. Continue regular monitoring.
MDV,462,1995,0.0,19.1,17.02,26.16,Universal Analysis Mode,Healthy,Machine is safe. Continue regular monitoring.
MDV,462,1996,0.0,22.48,20.67,26.93,Universal Analysis Mode,Healthy,Machine is safe. Continue regular monitoring.
MDV,462,1997,0.0,20.38,19.09,26.75,Universal Analysis Mode,Healthy,Machine is safe. Continue regular monitoring.
MDV,462,1998,0.0,13.62,12.72,25.72,Universal Analysis Mode,Healthy,Machine is safe. Continue regular monitoring.
MDV,462,1999,0.0,18.56,17.97,26.46,Universal Analysis Mode,Healthy,Machine is safe. Continue regular monitoring.
MDV,462,2000,0.0,28.5,28.5,29.62,Universal Analysis Mode,Healthy,Machine is safe. Continue regular monitoring.
MDV,462,2001,0.0,23.7,24.44,29.56,Universal Analysis Mode,Healthy,Machine is safe. Continue regular monitoring.
MDV,462,2002,0.0,23.72,25.02,29.14,Universal Analysis Mode,Healthy,Machine is safe. Continue regular monitoring.
MDV,462,2003,0.0,26.54,28.83,31.25,Universal Analysis Mode,Warning,Maintenance inspection recommended soon.
MDV,462,2004,0.0,34.3,38.26,31.75,Universal Analysis Mode,Warning,Maintenance inspection recommended soon.
MDV,462,2005,0.0,47.26,54.52,33.0,Universal Analysis Mode,Warning,Maintenance inspection recommended soon.
MDV,462,2006,0.0,55.37,65.14,32.42,Universal Analysis Mode,Warning,Maintenance inspection recommended soon.
MDV,462,2007,0.0,60.12,72.39,32.38,Universal Analysis Mode,Warning,Maintenance inspection recommended soon.
MDV,462,2008,0.0,77.79,97.26,33.04,Universal Analysis Mode,Warning,Maintenance inspection recommended soon.
MDV,462,2009,0.0,49.5,61.67,29.91,Universal Analysis Mode,Healthy,Machine is safe. Continue regular monitoring.
MDV,462,2010,0.0,62.78,79.5,31.15,Universal Analysis Mode,Warning,Maintenance inspection recommended soon.
MDV,462,2011,0.0,85.17,111.26,30.61,Universal Analysis Mode,Warning,Maintenance inspection recommended soon.
MDV,462,2012,0.0,83.75,111.67,29.48,Universal Analysis Mode,Healthy,Machine is safe. Continue regular monitoring.
MDV,462,2013,0.0,80.32,108.66,29.72,Universal Analysis Mode,Healthy,Machine is safe. Continue regular monitoring.
MDV,462,2014,0.0,71.97,98.95,30.76,Universal Analysis Mode,Warning,Maintenance inspection recommended soon.
MLI,466,1932,49800.0,10.86,0.87,29.21,Universal Analysis Mode,Healthy,Machine is safe. Continue regular monitoring.
MLI,466,1933,49800.0,8.82,0.67,29.19,Universal Analysis Mode,Healthy,Machine is safe. Continue regular monitoring.
MLI,466,1934,49800.0,12.72,1.0,29.67,Universal Analysis Mode,Healthy,Machine is safe. Continue regular monitoring.
MLI,466,1935,49800.0,12.04,0.97,29.32,Universal Analysis Mode,Healthy,Machine is safe. Continue regular monitoring.
MLI,466,1936,49800.0,13.38,1.09,29.62,Universal Analysis Mode,Healthy,Machine is safe. Continue regular monitoring.
MLI,466,1937,49800.0,13.98,1.18,29.39,Universal Analysis Mode,Healthy,Machine is safe. Continue regular monitoring.
MLI,466,1938,49800.0,13.66,1.13,29.42,Universal Analysis Mode,Healthy,Machine is safe. Continue regular monitoring.
MLI,466,1939,49800.0,12.5,1.02,29.34,Universal Analysis Mode,Healthy,Machine is safe. Continue regular monitoring.
MLI,466,1940,49800.0,12.38,1.02,29.27,Universal Analysis Mode,Healthy,Machine is safe. Continue regular monitoring.
MLI,466,1941,49800.0,13.18,1.14,29.29,Universal Analysis Mode,Healthy,Machine is safe. Continue regular monitoring.
MLI,466,1942,49800.0,12.42,1.19,29.11,Universal Analysis Mode,Healthy,Machine is safe. Continue regular monitoring.
MLI,466,1943,49800.0,11.81,1.2,28.85,Universal Analysis Mode,Healthy,Machine is safe. Continue regular monitoring.
MLI,466,1944,49800.0,11.71,1.21,28.81,Universal Analysis Mode,Healthy,Machine is safe. Continue regular monitoring.
MLI,466,1945,49800.0,9.93,1.05,28.47,Universal Analysis Mode,Healthy,Machine is safe. Continue regular monitoring.
MLI,466,1946,49800.0,9.77,1.12,28.36,Universal Analysis Mode,Healthy,Machine is safe. Continue regular monitoring.
MLI,466,1947,49800.0,14.48,1.9,29.31,Universal Analysis Mode,Healthy,Machine is safe. Continue regular monitoring.
MLI,466,1948,49800.0,14.07,1.99,29.34,Universal Analysis Mode,Healthy,Machine is safe. Continue regular monitoring.
MLI,466,1949,49800.0,12.71,1.78,28.89,Universal Analysis Mode,Healthy,Machine is safe. Continue regular monitoring.
MLI,466,1950,49800.0,12.08,1.71,28.22,Universal Analysis Mode,Healthy,Machine is safe. Continue regular monitoring.
MLI,466,1951,49800.0,11.2,1.71,28.03,Universal Analysis Mode,Healthy,Machine is safe. Continue regular monitoring.
MLI,466,1952,49800.0,10.96,1.71,28.02,Universal Analysis Mode,Healthy,Machine is safe. Continue regular monitoring.
MLI,466,1953,49800.0,12.27,1.93,28.53,Universal Analysis Mode,Healthy,Machine is safe. Continue regular monitoring.
MLI,466,1954,49800.0,12.21,1.93,28.43,Universal Analysis Mode,Healthy,Machine is safe. Continue regular monitoring.
MLI,466,1955,49800.0,12.27,1.93,28.08,Universal Analysis Mode,Healthy,Machine is safe. Continue regular monitoring.
MLI,466,1956,49800.0,12.07,1.93,28.07,Universal Analysis Mode,Healthy,Machine is safe. Continue regular monitoring.
MLI,466,1957,49800.0,11.48,1.9,27.8,Universal Analysis Mode,Healthy,Machine is safe. Continue regular monitoring.
MLI,466,1958,49800.0,12.25,2.08,28.25,Universal Analysis Mode,Healthy,Machine is safe. Continue regular monitoring.
MLI,466,1959,49800.0,12.14,2.08,28.28,Universal Analysis Mode,Healthy,Machine is safe. Continue regular monitoring.
MLI,466,1960,0.0,10.91,1.9,24.68,Universal Analysis Mode,Healthy,Machine is safe. Continue regular monitoring.
MLI,466,1961,0.0,10.24,1.8,24.63,Universal Analysis Mode,Healthy,Machine is safe. Continue regular monitoring.
MLI,466,1962,0.0,10.12,1.8,25.5,Universal Analysis Mode,Healthy,Machine is safe. Continue regular monitoring.
MLI,466,1963,0.0,9.99,1.8,25.33,Universal Analysis Mode,Healthy,Machine is safe. Continue regular monitoring.
MLI,466,1964,0.0,9.86,1.8,24.42,Universal Analysis Mode,Healthy,Machine is safe. Continue regular monitoring.
MLI,466,1965,0.0,9.71,1.8,25.02,Universal Analysis Mode,Healthy,Machine is safe. Continue regular monitoring.
MLI,466,1966,0.0,9.41,1.8,24.38,Universal Analysis Mode,Healthy,Machine is safe. Continue regular monitoring.
MLI,466,1967,0.0,9.16,1.8,24.26,Universal Analysis Mode,Healthy,Machine is safe. Continue regular monitoring.
MLI,466,1968,0.0,8.8,1.8,24.02,Universal Analysis Mode,Healthy,Machine is safe. Continue regular monitoring.
MLI,466,1969,0.0,8.35,1.8,24.14,Universal Analysis Mode,Healthy,Machine is safe. Continue regular monitoring.
MLI,466,1970,0.0,7.88,1.8,23.89,Universal Analysis Mode,Healthy,Machine is safe. Continue regular monitoring.
MLI,466,1971,0.0,9.41,2.24,24.22,Universal Analysis Mode,Healthy,Machine is safe. Continue regular monitoring.
MLI,466,1972,0.0,10.09,2.48,24.23,Universal Analysis Mode,Healthy,Machine is safe. Continue regular monitoring.
MLI,466,1973,0.0,12.59,3.29,24.46,Universal Analysis Mode,Healthy,Machine is safe. Continue regular monitoring.
MLI,466,1974,0.0,39.93,11.58,26.33,Universal Analysis Mode,Healthy,Machine is safe. Continue regular monitoring.
MLI,466,1975,0.0,36.44,11.53,26.98,Universal Analysis Mode,Healthy,Machine is safe. Continue regular monitoring.
MLI,466,1976,0.0,38.23,12.8,28.58,Universal Analysis Mode,Healthy,Machine is safe. Continue regular monitoring.
MLI,466,1977,0.0,39.04,13.92,29.78,Universal Analysis Mode,Healthy,Machine is safe. Continue regular monitoring.
MLI,466,1978,0.0,36.54,14.02,29.73,Universal Analysis Mode,Healthy,Machine is safe. Continue regular monitoring.
MLI,466,1979,0.0,74.02,31.61,32.12,Universal Analysis Mode,Warning,Maintenance inspection recommended soon.
MLI,466,1980,0.0,75.97,36.83,33.36,Universal Analysis Mode,Warning,Maintenance inspection recommended soon.
MLI,466,1981,0.0,67.14,35.93,33.86,Universal Analysis Mode,Warning,Maintenance inspection recommended soon.
MLI,466,1982,0.0,58.02,32.97,33.97,Universal Analysis Mode,Warning,Maintenance inspection recommended soon.
MLI,466,1983,0.0,50.39,29.55,33.59,Universal Analysis Mode,Warning,Maintenance inspection recommended soon.
MLI,466,1984,0.0,45.82,28.78,33.23,Universal Analysis Mode,Warning,Maintenance inspection recommended soon.
MLI,466,1985,0.0,43.43,27.56,32.97,Universal Analysis Mode,Warning,Maintenance inspection recommended soon.
MLI,466,1986,0.0,22.22,14.43,30.59,Universal Analysis Mode,Warning,Maintenance inspection recommended soon.
MLI,466,1987,0.0,27.46,18.44,29.68,Universal Analysis Mode,Healthy,Machine is safe. Continue regular monitoring.
MLI,466,1988,0.0,21.42,14.92,28.11,Universal Analysis Mode,Healthy,Machine is safe. Continue regular monitoring.
MLI,466,1989,0.0,24.87,18.23,28.59,Universal Analysis Mode,Healthy,Machine is safe. Continue regular monitoring.
MLI,466,1990,0.0,30.88,23.73,30.58,Universal Analysis Mode,Warning,Maintenance inspection recommended soon.
MLI,466,1991,0.0,24.95,20.0,30.48,Universal Analysis Mode,Warning,Maintenance inspection recommended soon.
MLI,466,1992,0.0,23.39,19.32,28.97,Universal Analysis Mode,Healthy,Machine is safe. Continue regular monitoring.
MLI,466,1993,0.0,20.01,16.97,28.58,Universal Analysis Mode,Healthy,Machine is safe. Continue regular monitoring.
MLI,466,1994,0.0,18.26,15.82,28.05,Universal Analysis Mode,Healthy,Machine is safe. Continue regular monitoring.
MLI,466,1995,0.0,19.1,17.02,28.0,Universal Analysis Mode,Healthy,Machine is safe. Continue regular monitoring.
MLI,466,1996,0.0,22.48,20.67,28.8,Universal Analysis Mode,Healthy,Machine is safe. Continue regular monitoring.
MLI,466,1997,0.0,20.38,19.09,28.64,Universal Analysis Mode,Healthy,Machine is safe. Continue regular monitoring.
MLI,466,1998,0.0,13.62,12.72,27.64,Universal Analysis Mode,Healthy,Machine is safe. Continue regular monitoring.
MLI,466,1999,0.0,18.56,17.97,28.41,Universal Analysis Mode,Healthy,Machine is safe. Continue regular monitoring.
MLI,466,2000,0.0,28.5,28.5,31.61,Universal Analysis Mode,Warning,Maintenance inspection recommended soon.
MLI,466,2001,0.0,23.7,24.44,31.58,Universal Analysis Mode,Warning,Maintenance inspection recommended soon.
MLI,466,2002,0.0,23.72,25.02,31.21,Universal Analysis Mode,Warning,Maintenance inspection recommended soon.
MLI,466,2003,0.0,26.54,28.83,33.34,Universal Analysis Mode,Warning,Maintenance inspection recommended soon.
MLI,466,2004,0.0,34.3,38.26,33.87,Universal Analysis Mode,Warning,Maintenance inspection recommended soon.
MLI,466,2005,0.0,47.26,54.52,35.15,Universal Analysis Mode,Warning,Maintenance inspection recommended soon.
MLI,466,2006,0.0,55.37,65.14,34.6,Universal Analysis Mode,Warning,Maintenance inspection recommended soon.
MLI,466,2007,0.0,60.12,72.39,34.58,Universal Analysis Mode,Warning,Maintenance inspection recommended soon.
MLI,466,2008,0.0,77.79,97.26,35.27,Universal Analysis Mode,Warning,Maintenance inspection recommended soon.
MLI,466,2009,0.0,49.5,61.67,32.35,Universal Analysis Mode,Warning,Maintenance inspection recommended soon.
MLI,466,2010,0.0,62.78,79.5,32.41,Universal Analysis Mode,Warning,Maintenance inspection recommended soon.
MLI,466,2011,0.0,85.17,111.26,31.89,Universal Analysis Mode,Warning,Maintenance inspection recommended soon.
MLI,466,2012,0.0,83.75,111.67,30.71,Universal Analysis Mode,Warning,Maintenance inspection recommended soon.
MLI,466,2013,0.0,80.32,108.66,30.97,Universal Analysis Mode,Warning,Maintenance inspection recommended soon.
MLI,466,2014,0.0,71.97,98.95,32.03,Universal Analysis Mode,Warning,Maintenance inspection recommended soon.
MLT,470,1932,49800.0,10.86,0.87,29.22,Universal Analysis Mode,Healthy,Machine is safe. Continue regular monitoring.
MLT,470,1933,49800.0,8.82,0.67,29.2,Universal Analysis Mode,Healthy,Machine is safe. Continue regular monitoring.
MLT,470,1934,49800.0,12.72,1.0,29.68,Universal Analysis Mode,Healthy,Machine is safe. Continue regular monitoring.
MLT,470,1935,49800.0,12.04,0.97,29.33,Universal Analysis Mode,Healthy,Machine is safe. Continue regular monitoring.
MLT,470,1936,49800.0,13.38,1.09,29.63,Universal Analysis Mode,Healthy,Machine is safe. Continue regular monitoring.
MLT,470,1937,49800.0,13.98,1.18,29.4,Universal Analysis Mode,Healthy,Machine is safe. Continue regular monitoring.
MLT,470,1938,49800.0,13.66,1.13,29.43,Universal Analysis Mode,Healthy,Machine is safe. Continue regular monitoring.
MLT,470,1939,49800.0,12.5,1.02,29.35,Universal Analysis Mode,Healthy,Machine is safe. Continue regular monitoring.
MLT,470,1940,49800.0,12.38,1.02,29.28,Universal Analysis Mode,Healthy,Machine is safe. Continue regular monitoring.
MLT,470,1941,49800.0,13.18,1.14,29.31,Universal Analysis Mode,Healthy,Machine is safe. Continue regular monitoring.
MLT,470,1942,49800.0,12.42,1.19,29.12,Universal Analysis Mode,Healthy,Machine is safe. Continue regular monitoring.
MLT,470,1943,49800.0,11.81,1.2,28.87,Universal Analysis Mode,Healthy,Machine is safe. Continue regular monitoring.
MLT,470,1944,49800.0,11.71,1.21,28.82,Universal Analysis Mode,Healthy,Machine is safe. Continue regular monitoring.
MLT,470,1945,49800.0,9.93,1.05,28.48,Universal Analysis Mode,Healthy,Machine is safe. Continue regular monitoring.
MLT,470,1946,49800.0,9.77,1.12,28.37,Universal Analysis Mode,Healthy,Machine is safe. Continue regular monitoring.
MLT,470,1947,49800.0,14.48,1.9,29.32,Universal Analysis Mode,Healthy,Machine is safe. Continue regular monitoring.
MLT,470,1948,49800.0,14.07,1.99,29.35,Universal Analysis Mode,Healthy,Machine is safe. Continue regular monitoring.
MLT,470,1949,49800.0,12.71,1.78,28.9,Universal Analysis Mode,Healthy,Machine is safe. Continue regular monitoring.
MLT,470,1950,49800.0,12.08,1.71,27.68,Universal Analysis Mode,Healthy,Machine is safe. Continue regular monitoring.
MLT,470,1951,49800.0,11.2,1.71,27.49,Universal Analysis Mode,Healthy,Machine is safe. Continue regular monitoring.
MLT,470,1952,49800.0,10.96,1.71,27.47,Universal Analysis Mode,Healthy,Machine is safe. Continue regular monitoring.
MLT,470,1953,49800.0,12.27,1.93,27.97,Universal Analysis Mode,Healthy,Machine is safe. Continue regular monitoring.
MLT,470,1954,49800.0,12.21,1.93,27.87,Universal Analysis Mode,Healthy,Machine is safe. Continue regular monitoring.
MLT,470,1955,49800.0,12.27,1.93,27.52,Universal Analysis Mode,Healthy,Machine is safe. Continue regular monitoring.
MLT,470,1956,49800.0,12.07,1.93,27.49,Universal Analysis Mode,Healthy,Machine is safe. Continue regular monitoring.
MLT,470,1957,49800.0,11.48,1.9,27.22,Universal Analysis Mode,Healthy,Machine is safe. Continue regular monitoring.
MLT,470,1958,49800.0,12.25,2.08,27.66,Universal Analysis Mode,Healthy,Machine is safe. Continue regular monitoring.
MLT,470,1959,49800.0,12.14,2.08,27.69,Universal Analysis Mode,Healthy,Machine is safe. Continue regular monitoring.
MLT,470,1960,49800.0,10.91,1.9,27.62,Universal Analysis Mode,Healthy,Machine is safe. Continue regular monitoring.
MLT,470,1961,49800.0,10.24,1.8,27.56,Universal Analysis Mode,Healthy,Machine is safe. Continue regular monitoring.
MLT,470,1962,49800.0,10.12,1.8,28.42,Universal Analysis Mode,Healthy,Machine is safe. Continue regular monitoring.
MLT,470,1963,49800.0,9.99,1.8,28.24,Universal Analysis Mode,Healthy,Machine is safe. Continue regular monitoring.
MLT,470,1964,0.0,9.86,1.8,23.78,Universal Analysis Mode,Healthy,Machine is safe. Continue regular monitoring.
MLT,470,1965,0.0,9.71,1.8,24.38,Universal Analysis Mode,Healthy,Machine is safe. Continue regular monitoring.
MLT,470,1966,0.0,9.41,1.8,23.72,Universal Analysis Mode,Healthy,Machine is safe. Continue regular monitoring.
MLT,470,1967,0.0,9.16,1.8,23.6,Universal Analysis Mode,Healthy,Machine is safe. Continue regular monitoring.
MLT,470,1968,0.0,8.8,1.8,23.36,Universal Analysis Mode,Healthy,Machine is safe. Continue regular monitoring.
MLT,470,1969,0.0,8.35,1.8,23.47,Universal Analysis Mode,Healthy,Machine is safe. Continue regular monitoring.
MLT,470,1970,0.0,7.88,1.8,23.22,Universal Analysis Mode,Healthy,Machine is safe. Continue regular monitoring.
MLT,470,1971,0.0,9.41,2.24,23.54,Universal Analysis Mode,Healthy,Machine is safe. Continue regular monitoring.
MLT,470,1972,0.0,10.09,2.48,23.55,Universal Analysis Mode,Healthy,Machine is safe. Continue regular monitoring.
MLT,470,1973,0.0,12.59,3.29,23.78,Universal Analysis Mode,Healthy,Machine is safe. Continue regular monitoring.
MLT,470,1974,0.0,39.93,11.58,25.65,Universal Analysis Mode,Healthy,Machine is safe. Continue regular monitoring.
MLT,470,1975,0.0,36.44,11.53,25.91,Universal Analysis Mode,Healthy,Machine is safe. Continue regular monitoring.
MLT,470,1976,0.0,38.23,12.8,27.49,Universal Analysis Mode,Healthy,Machine is safe. Continue regular monitoring.
MLT,470,1977,0.0,39.04,13.92,28.69,Universal Analysis Mode,Healthy,Machine is safe. Continue regular monitoring.
MLT,470,1978,0.0,36.54,14.02,28.35,Universal Analysis Mode,Healthy,Machine is safe. Continue regular monitoring.
MLT,470,1979,0.0,74.02,31.61,30.73,Universal Analysis Mode,Warning,Maintenance inspection recommended soon.
MLT,470,1980,0.0,75.97,36.83,31.96,Universal Analysis Mode,Warning,Maintenance inspection recommended soon.
MLT,470,1981,0.0,67.14,35.93,32.44,Universal Analysis Mode,Warning,Maintenance inspection recommended soon.
MLT,470,1982,0.0,58.02,32.97,32.52,Universal Analysis Mode,Warning,Maintenance inspection recommended soon.
MLT,470,1983,0.0,50.39,29.55,32.12,Universal Analysis Mode,Warning,Maintenance inspection recommended soon.
MLT,470,1984,0.0,45.82,28.78,31.74,Universal Analysis Mode,Warning,Maintenance inspection recommended soon.
MLT,470,1985,0.0,43.43,27.56,31.46,Universal Analysis Mode,Warning,Maintenance inspection recommended soon.
MLT,470,1986,0.0,22.22,14.43,29.05,Universal Analysis Mode,Healthy,Machine is safe. Continue regular monitoring.
MLT,470,1987,0.0,27.46,18.44,28.12,Universal Analysis Mode,Healthy,Machine is safe. Continue regular monitoring.
MLT,470,1988,0.0,21.42,14.92,26.53,Universal Analysis Mode,Healthy,Machine is safe. Continue regular monitoring.
MLT,470,1989,0.0,24.87,18.23,26.99,Universal Analysis Mode,Healthy,Machine is safe. Continue regular monitoring.
MLT,470,1990,0.0,30.88,23.73,28.96,Universal Analysis Mode,Healthy,Machine is safe. Continue regular monitoring.
MLT,470,1991,0.0,24.95,20.0,28.83,Universal Analysis Mode,Healthy,Machine is safe. Continue regular monitoring.
MLT,470,1992,0.0,23.39,19.32,27.3,Universal Analysis Mode,Healthy,Machine is safe. Continue regular monitoring.
MLT,470,1993,0.0,20.01,16.97,26.88,Universal Analysis Mode,Healthy,Machine is safe. Continue regular monitoring.
MLT,470,1994,0.0,18.26,15.82,26.32,Universal Analysis Mode,Healthy,Machine is safe. Continue regular monitoring.
MLT,470,1995,0.0,19.1,17.02,26.24,Universal Analysis Mode,Healthy,Machine is safe. Continue regular monitoring.
MLT,470,1996,0.0,22.48,20.67,27.01,Universal Analysis Mode,Healthy,Machine is safe. Continue regular monitoring.
MLT,470,1997,0.0,20.38,19.09,26.83,Universal Analysis Mode,Healthy,Machine is safe. Continue regular monitoring.
MLT,470,1998,0.0,13.62,12.72,25.79,Universal Analysis Mode,Healthy,Machine is safe. Continue regular monitoring.
MLT,470,1999,0.0,18.56,17.97,26.53,Universal Analysis Mode,Healthy,Machine is safe. Continue regular monitoring.
MLT,470,2000,0.0,28.5,28.5,29.69,Universal Analysis Mode,Healthy,Machine is safe. Continue regular monitoring.
MLT,470,2001,0.0,23.7,24.44,29.62,Universal Analysis Mode,Healthy,Machine is safe. Continue regular monitoring.
MLT,470,2002,0.0,23.72,25.02,29.21,Universal Analysis Mode,Healthy,Machine is safe. Continue regular monitoring.
MLT,470,2003,0.0,26.54,28.83,31.31,Universal Analysis Mode,Warning,Maintenance inspection recommended soon.
MLT,470,2004,0.0,34.3,38.26,31.8,Universal Analysis Mode,Warning,Maintenance inspection recommended soon.
MLT,470,2005,0.0,47.26,54.52,33.05,Universal Analysis Mode,Warning,Maintenance inspection recommended soon.
MLT,470,2006,0.0,55.37,65.14,32.46,Universal Analysis Mode,Warning,Maintenance inspection recommended soon.
MLT,470,2007,0.0,60.12,72.39,32.41,Universal Analysis Mode,Warning,Maintenance inspection recommended soon.
MLT,470,2008,0.0,77.79,97.26,33.07,Universal Analysis Mode,Warning,Maintenance inspection recommended soon.
MLT,470,2009,0.0,49.5,61.67,29.96,Universal Analysis Mode,Healthy,Machine is safe. Continue regular monitoring.
MLT,470,2010,0.0,62.78,79.5,31.2,Universal Analysis Mode,Warning,Maintenance inspection recommended soon.
MLT,470,2011,0.0,85.17,111.26,30.66,Universal Analysis Mode,Warning,Maintenance inspection recommended soon.
MLT,470,2012,0.0,83.75,111.67,29.53,Universal Analysis Mode,Healthy,Machine is safe. Continue regular monitoring.
MLT,470,2013,0.0,80.32,108.66,29.76,Universal Analysis Mode,Healthy,Machine is safe. Continue regular monitoring.
MLT,470,2014,0.0,71.97,98.95,30.8,Universal Analysis Mode,Warning,Maintenance inspection recommended soon.
MRT,478,1932,49800.0,10.86,0.87,29.23,Universal Analysis Mode,Healthy,Machine is safe. Continue regular monitoring.
MRT,478,1933,49800.0,8.82,0.67,29.21,Universal Analysis Mode,Healthy,Machine is safe. Continue regular monitoring.
MRT,478,1934,49800.0,12.72,1.0,29.69,Universal Analysis Mode,Healthy,Machine is safe. Continue regular monitoring.
MRT,478,1935,49800.0,12.04,0.97,29.34,Universal Analysis Mode,Healthy,Machine is safe. Continue regular monitoring.
MRT,478,1936,49800.0,13.38,1.09,29.65,Universal Analysis Mode,Healthy,Machine is safe. Continue regular monitoring.
MRT,478,1937,49800.0,13.98,1.18,29.41,Universal Analysis Mode,Healthy,Machine is safe. Continue regular monitoring.
MRT,478,1938,49800.0,13.66,1.13,29.44,Universal Analysis Mode,Healthy,Machine is safe. Continue regular monitoring.
MRT,478,1939,49800.0,12.5,1.02,29.37,Universal Analysis Mode,Healthy,Machine is safe. Continue regular monitoring.
MRT,478,1940,49800.0,12.38,1.02,29.29,Universal Analysis Mode,Healthy,Machine is safe. Continue regular monitoring.
MRT,478,1941,49800.0,13.18,1.14,29.32,Universal Analysis Mode,Healthy,Machine is safe. Continue regular monitoring.
MRT,478,1942,49800.0,12.42,1.19,29.13,Universal Analysis Mode,Healthy,Machine is safe. Continue regular monitoring.
MRT,478,1943,49800.0,11.81,1.2,28.88,Universal Analysis Mode,Healthy,Machine is safe. Continue regular monitoring.
MRT,478,1944,49800.0,11.71,1.21,28.84,Universal Analysis Mode,Healthy,Machine is safe. Continue regular monitoring.
MRT,478,1945,49800.0,9.93,1.05,28.5,Universal Analysis Mode,Healthy,Machine is safe. Continue regular monitoring.
MRT,478,1946,49800.0,9.77,1.12,28.39,Universal Analysis Mode,Healthy,Machine is safe. Continue regular monitoring.
MRT,478,1947,49800.0,14.48,1.9,29.34,Universal Analysis Mode,Healthy,Machine is safe. Continue regular monitoring.
MRT,478,1948,49800.0,14.07,1.99,29.36,Universal Analysis Mode,Healthy,Machine is safe. Continue regular monitoring.
MRT,478,1949,49800.0,12.71,1.78,28.91,Universal Analysis Mode,Healthy,Machine is safe. Continue regular monitoring.
MRT,478,1950,49800.0,12.08,1.71,27.9,Universal Analysis Mode,Healthy,Machine is safe. Continue regular monitoring.
MRT,478,1951,49800.0,11.2,1.71,27.71,Universal Analysis Mode,Healthy,Machine is safe. Continue regular monitoring.
MRT,478,1952,49800.0,10.96,1.71,27.69,Universal Analysis Mode,Healthy,Machine is safe. Continue regular monitoring.
MRT,478,1953,49800.0,12.27,1.93,28.19,Universal Analysis Mode,Healthy,Machine is safe. Continue regular monitoring.
MRT,478,1954,49800.0,12.21,1.93,28.09,Universal Analysis Mode,Healthy,Machine is safe. Continue regular monitoring.
MRT,478,1955,49800.0,12.27,1.93,27.74,Universal Analysis Mode,Healthy,Machine is safe. Continue regular monitoring.
MRT,478,1956,49800.0,12.07,1.93,27.72,Universal Analysis Mode,Healthy,Machine is safe. Continue regular monitoring.
MRT,478,1957,49800.0,11.48,1.9,27.44,Universal Analysis Mode,Healthy,Machine is safe. Continue regular monitoring.
MRT,478,1958,49800.0,12.25,2.08,27.89,Universal Analysis Mode,Healthy,Machine is safe. Continue regular monitoring.
MRT,478,1959,49800.0,12.14,2.08,27.91,Universal Analysis Mode,Healthy,Machine is safe. Continue regular monitoring.
MRT,478,1960,0.0,10.91,1.9,24.3,Universal Analysis Mode,Healthy,Machine is safe. Continue regular monitoring.
MRT,478,1961,0.0,10.24,1.8,24.24,Universal Analysis Mode,Healthy,Machine is safe. Continue regular monitoring.
MRT,478,1962,0.0,10.12,1.8,25.11,Universal Analysis Mode,Healthy,Machine is safe. Continue regular monitoring.
MRT,478,1963,0.0,9.99,1.8,24.93,Universal Analysis Mode,Healthy,Machine is safe. Continue regular monitoring.
MRT,478,1964,0.0,9.86,1.8,24.01,Universal Analysis Mode,Healthy,Machine is safe. Continue regular monitoring.
MRT,478,1965,0.0,9.71,1.8,24.62,Universal Analysis Mode,Healthy,Machine is safe. Continue regular monitoring.
MRT,478,1966,0.0,9.41,1.8,23.97,Universal Analysis Mode,Healthy,Machine is safe. Continue regular monitoring.
MRT,478,1967,0.0,9.16,1.8,23.85,Universal Analysis Mode,Healthy,Machine is safe. Continue regular monitoring.
MRT,478,1968,0.0,8.8,1.8,23.61,Universal Analysis Mode,Healthy,Machine is safe. Continue regular monitoring.
MRT,478,1969,0.0,8.35,1.8,23.72,Universal Analysis Mode,Healthy,Machine is safe. Continue regular monitoring.
MRT,478,1970,0.0,7.88,1.8,23.47,Universal Analysis Mode,Healthy,Machine is safe. Continue regular monitoring.
MRT,478,1971,0.0,9.41,2.24,23.8,Universal Analysis Mode,Healthy,Machine is safe. Continue regular monitoring.
MRT,478,1972,0.0,10.09,2.48,23.82,Universal Analysis Mode,Healthy,Machine is safe. Continue regular monitoring.
MRT,478,1973,0.0,12.59,3.29,24.04,Universal Analysis Mode,Healthy,Machine is safe. Continue regular monitoring.
MRT,478,1974,0.0,39.93,11.58,25.92,Universal Analysis Mode,Healthy,Machine is safe. Continue regular monitoring.
MRT,478,1975,0.0,36.44,11.53,26.18,Universal Analysis Mode,Healthy,Machine is safe. Continue regular monitoring.
MRT,478,1976,0.0,38.23,12.8,27.76,Universal Analysis Mode,Healthy,Machine is safe. Continue regular monitoring.
MRT,478,1977,0.0,39.04,13.92,28.96,Universal Analysis Mode,Healthy,Machine is safe. Continue regular monitoring.
MRT,478,1978,0.0,36.54,14.02,28.63,Universal Analysis Mode,Healthy,Machine is safe. Continue regular monitoring.
MRT,478,1979,0.0,74.02,31.61,31.0,Universal Analysis Mode,Warning,Maintenance inspection recommended soon.
MRT,478,1980,0.0,75.97,36.83,32.24,Universal Analysis Mode,Warning,Maintenance inspection recommended soon.
MRT,478,1981,0.0,67.14,35.93,32.72,Universal Analysis Mode,Warning,Maintenance inspection recommended soon.
MRT,478,1982,0.0,58.02,32.97,32.81,Universal Analysis Mode,Warning,Maintenance inspection recommended soon.
MRT,478,1983,0.0,50.39,29.55,32.41,Universal Analysis Mode,Warning,Maintenance inspection recommended soon.
MRT,478,1984,0.0,45.82,28.78,32.04,Universal Analysis Mode,Warning,Maintenance inspection recommended soon.
MRT,478,1985,0.0,43.43,27.56,31.77,Universal Analysis Mode,Warning,Maintenance inspection recommended soon.
MRT,478,1986,0.0,22.22,14.43,29.36,Universal Analysis Mode,Healthy,Machine is safe. Continue regular monitoring.
MRT,478,1987,0.0,27.46,18.44,25.58,Universal Analysis Mode,Healthy,Machine is safe. Continue regular monitoring.
MRT,478,1988,0.0,21.42,14.92,24.11,Universal Analysis Mode,Healthy,Machine is safe. Continue regular monitoring.
MRT,478,1989,0.0,24.87,18.23,24.64,Universal Analysis Mode,Healthy,Machine is safe. Continue regular monitoring.
MRT,478,1990,0.0,30.88,23.73,25.85,Universal Analysis Mode,Healthy,Machine is safe. Continue regular monitoring.
MRT,478,1991,0.0,24.95,20.0,25.75,Universal Analysis Mode,Healthy,Machine is safe. Continue regular monitoring.
MRT,478,1992,0.0,23.39,19.32,24.09,Universal Analysis Mode,Healthy,Machine is safe. Continue regular monitoring.
MRT,478,1993,0.0,20.01,16.97,23.69,Universal Analysis Mode,Healthy,Machine is safe. Continue regular monitoring.
MRT,478,1994,0.0,18.26,15.82,23.15,Universal Analysis Mode,Healthy,Machine is safe. Continue regular monitoring.
MRT,478,1995,0.0,19.1,17.02,23.07,Universal Analysis Mode,Healthy,Machine is safe. Continue regular monitoring.
MRT,478,1996,0.0,22.48,20.67,23.82,Universal Analysis Mode,Healthy,Machine is safe. Continue regular monitoring.
MRT,478,1997,0.0,20.38,19.09,23.65,Universal Analysis Mode,Healthy,Machine is safe. Continue regular monitoring.
MRT,478,1998,0.0,13.62,12.72,22.66,Universal Analysis Mode,Healthy,Machine is safe. Continue regular monitoring.
MRT,478,1999,0.0,18.56,17.97,23.37,Universal Analysis Mode,Healthy,Machine is safe. Continue regular monitoring.
MRT,478,2000,0.0,28.5,28.5,26.5,Universal Analysis Mode,Healthy,Machine is safe. Continue regular monitoring.
MRT,478,2001,0.0,23.7,24.44,30.0,Universal Analysis Mode,Warning,Maintenance inspection recommended soon.
MRT,478,2002,0.0,23.72,25.02,29.59,Universal Analysis Mode,Healthy,Machine is safe. Continue regular monitoring.
MRT,478,2003,0.0,26.54,28.83,31.7,Universal Analysis Mode,Warning,Maintenance inspection recommended soon.
MRT,478,2004,0.0,34.3,38.26,32.2,Universal Analysis Mode,Warning,Maintenance inspection recommended soon.
MRT,478,2005,0.0,47.26,54.52,33.46,Universal Analysis Mode,Warning,Maintenance inspection recommended soon.
MRT,478,2006,1523588.0,55.37,65.14,57.83,Universal Analysis Mode,Warning,Maintenance inspection recommended soon.
MRT,478,2007,746590.64,60.12,72.39,57.24,Universal Analysis Mode,Warning,Maintenance inspection recommended soon.
MRT,478,2008,639099.83,77.79,97.26,57.92,Universal Analysis Mode,Warning,Maintenance inspection recommended soon.
MRT,478,2009,822041.13,49.5,61.67,54.7,Universal Analysis Mode,Warning,Maintenance inspection recommended soon.
MRT,478,2010,409965.05,62.78,79.5,55.38,Universal Analysis Mode,Warning,Maintenance inspection recommended soon.
MRT,478,2011,385334.47,85.17,111.26,54.92,Universal Analysis Mode,Warning,Maintenance inspection recommended soon.
MRT,478,2012,327538.58,83.75,111.67,53.53,Universal Analysis Mode,Warning,Maintenance inspection recommended soon.
MRT,478,2013,336170.42,80.32,108.66,49.62,Universal Analysis Mode,Warning,Maintenance inspection recommended soon.
MRT,478,2014,298949.9,71.97,98.95,50.41,Universal Analysis Mode,Warning,Maintenance inspection recommended soon.
MUS,480,1932,49800.0,10.86,0.87,29.24,Universal Analysis Mode,Healthy,Machine is safe. Continue regular monitoring.
MUS,480,1933,49800.0,8.82,0.67,29.22,Universal Analysis Mode,Healthy,Machine is safe. Continue regular monitoring.
MUS,480,1934,49800.0,12.72,1.0,29.7,Universal Analysis Mode,Healthy,Machine is safe. Continue regular monitoring.
MUS,480,1935,49800.0,12.04,0.97,29.35,Universal Analysis Mode,Healthy,Machine is safe. Continue regular monitoring.
MUS,480,1936,49800.0,13.38,1.09,29.66,Universal Analysis Mode,Healthy,Machine is safe. Continue regular monitoring.
MUS,480,1937,49800.0,13.98,1.18,29.42,Universal Analysis Mode,Healthy,Machine is safe. Continue regular monitoring.
MUS,480,1938,49800.0,13.66,1.13,29.45,Universal Analysis Mode,Healthy,Machine is safe. Continue regular monitoring.
MUS,480,1939,49800.0,12.5,1.02,29.38,Universal Analysis Mode,Healthy,Machine is safe. Continue regular monitoring.
MUS,480,1940,49800.0,12.38,1.02,29.3,Universal Analysis Mode,Healthy,Machine is safe. Continue regular monitoring.
MUS,480,1941,49800.0,13.18,1.14,29.33,Universal Analysis Mode,Healthy,Machine is safe. Continue regular monitoring.
MUS,480,1942,49800.0,12.42,1.19,29.14,Universal Analysis Mode,Healthy,Machine is safe. Continue regular monitoring.
MUS,480,1943,49800.0,11.81,1.2,28.89,Universal Analysis Mode,Healthy,Machine is safe. Continue regular monitoring.
MUS,480,1944,49800.0,11.71,1.21,28.85,Universal Analysis Mode,Healthy,Machine is safe. Continue regular monitoring.
MUS,480,1945,49800.0,9.93,1.05,28.51,Universal Analysis Mode,Healthy,Machine is safe. Continue regular monitoring.
MUS,480,1946,49800.0,9.77,1.12,28.4,Universal Analysis Mode,Healthy,Machine is safe. Continue regular monitoring.
MUS,480,1947,49800.0,14.48,1.9,29.35,Universal Analysis Mode,Healthy,Machine is safe. Continue regular monitoring.
MUS,480,1948,49800.0,14.07,1.99,29.37,Universal Analysis Mode,Healthy,Machine is safe. Continue regular monitoring.
MUS,480,1949,49800.0,12.71,1.78,28.92,Universal Analysis Mode,Healthy,Machine is safe. Continue regular monitoring.
MUS,480,1950,49800.0,12.08,1.71,27.79,Universal Analysis Mode,Healthy,Machine is safe. Continue regular monitoring.
MUS,480,1951,49800.0,11.2,1.71,27.6,Universal Analysis Mode,Healthy,Machine is safe. Continue regular monitoring.
MUS,480,1952,49800.0,10.96,1.71,27.58,Universal Analysis Mode,Healthy,Machine is safe. Continue regular monitoring.
MUS,480,1953,49800.0,12.27,1.93,28.09,Universal Analysis Mode,Healthy,Machine is safe. Continue regular monitoring.
MUS,480,1954,49800.0,12.21,1.93,27.99,Universal Analysis Mode,Healthy,Machine is safe. Continue regular monitoring.
MUS,480,1955,49800.0,12.27,1.93,27.64,Universal Analysis Mode,Healthy,Machine is safe. Continue regular monitoring.
MUS,480,1956,49800.0,12.07,1.93,27.63,Universal Analysis Mode,Healthy,Machine is safe. Continue regular monitoring.
MUS,480,1957,49800.0,11.48,1.9,27.36,Universal Analysis Mode,Healthy,Machine is safe. Continue regular monitoring.
MUS,480,1958,49800.0,12.25,2.08,27.81,Universal Analysis Mode,Healthy,Machine is safe. Continue regular monitoring.
MUS,480,1959,49800.0,12.14,2.08,27.84,Universal Analysis Mode,Healthy,Machine is safe. Continue regular monitoring.
MUS,480,1960,49800.0,10.91,1.9,27.77,Universal Analysis Mode,Healthy,Machine is safe. Continue regular monitoring.
MUS,480,1961,49800.0,10.24,1.8,27.71,Universal Analysis Mode,Healthy,Machine is safe. Continue regular monitoring.
MUS,480,1962,49800.0,10.12,1.8,28.58,Universal Analysis Mode,Healthy,Machine is safe. Continue regular monitoring.
MUS,480,1963,49800.0,9.99,1.8,28.4,Universal Analysis Mode,Healthy,Machine is safe. Continue regular monitoring.
MUS,480,1964,49800.0,9.86,1.8,27.49,Universal Analysis Mode,Healthy,Machine is safe. Continue regular monitoring.
MUS,480,1965,49800.0,9.71,1.8,28.1,Universal Analysis Mode,Healthy,Machine is safe. Continue regular monitoring.
MUS,480,1966,49800.0,9.41,1.8,27.45,Universal Analysis Mode,Healthy,Machine is safe. Continue regular monitoring.
MUS,480,1967,0.0,9.16,1.8,22.99,Universal Analysis Mode,Healthy,Machine is safe. Continue regular monitoring.
MUS,480,1968,0.0,8.8,1.8,23.55,Universal Analysis Mode,Healthy,Machine is safe. Continue regular monitoring.
MUS,480,1969,0.0,8.35,1.8,23.66,Universal Analysis Mode,Healthy,Machine is safe. Continue regular monitoring.
MUS,480,1970,0.0,7.88,1.8,23.41,Universal Analysis Mode,Healthy,Machine is safe. Continue regular monitoring.
MUS,480,1971,0.0,9.41,2.24,23.74,Universal Analysis Mode,Healthy,Machine is safe. Continue regular monitoring.
MUS,480,1972,0.0,10.09,2.48,23.75,Universal Analysis Mode,Healthy,Machine is safe. Continue regular monitoring.
MUS,480,1973,0.0,12.59,3.29,23.98,Universal Analysis Mode,Healthy,Machine is safe. Continue regular monitoring.
MUS,480,1974,0.0,39.93,11.58,25.85,Universal Analysis Mode,Healthy,Machine is safe. Continue regular monitoring.
MUS,480,1975,0.0,36.44,11.53,26.11,Universal Analysis Mode,Healthy,Machine is safe. Continue regular monitoring.
MUS,480,1976,0.0,38.23,12.8,27.69,Universal Analysis Mode,Healthy,Machine is safe. Continue regular monitoring.
MUS,480,1977,0.0,39.04,13.92,28.89,Universal Analysis Mode,Healthy,Machine is safe. Continue regular monitoring.
MUS,480,1978,0.0,36.54,14.02,28.55,Universal Analysis Mode,Healthy,Machine is safe. Continue regular monitoring.
MUS,480,1979,0.0,74.02,31.61,30.92,Universal Analysis Mode,Warning,Maintenance inspection recommended soon.
MUS,480,1980,0.0,75.97,36.83,32.15,Universal Analysis Mode,Warning,Maintenance inspection recommended soon.
MUS,480,1981,0.0,67.14,35.93,32.63,Universal Analysis Mode,Warning,Maintenance inspection recommended soon.
MUS,480,1982,0.0,58.02,32.97,32.72,Universal Analysis Mode,Warning,Maintenance inspection recommended soon.
MUS,480,1983,0.0,50.39,29.55,32.32,Universal Analysis Mode,Warning,Maintenance inspection recommended soon.
MUS,480,1984,0.0,45.82,28.78,31.94,Universal Analysis Mode,Warning,Maintenance inspection recommended soon.
MUS,480,1985,0.0,43.43,27.56,31.67,Universal Analysis Mode,Warning,Maintenance inspection recommended soon.
MUS,480,1986,0.0,22.22,14.43,29.26,Universal Analysis Mode,Healthy,Machine is safe. Continue regular monitoring.
MUS,480,1987,0.0,27.46,18.44,28.33,Universal Analysis Mode,Healthy,Machine is safe. Continue regular monitoring.
MUS,480,1988,0.0,21.42,14.92,26.74,Universal Analysis Mode,Healthy,Machine is safe. Continue regular monitoring.
MUS,480,1989,0.0,24.87,18.23,27.2,Universal Analysis Mode,Healthy,Machine is safe. Continue regular monitoring.
MUS,480,1990,0.0,30.88,23.73,29.17,Universal Analysis Mode,Healthy,Machine is safe. Continue regular monitoring.
MUS,480,1991,0.0,24.95,20.0,29.04,Universal Analysis Mode,Healthy,Machine is safe. Continue regular monitoring.
MUS,480,1992,0.0,23.39,19.32,27.5,Universal Analysis Mode,Healthy,Machine is safe. Continue regular monitoring.
MUS,480,1993,0.0,20.01,16.97,27.09,Universal Analysis Mode,Healthy,Machine is safe. Continue regular monitoring.
MUS,480,1994,0.0,18.26,15.82,26.53,Universal Analysis Mode,Healthy,Machine is safe. Continue regular monitoring.
MUS,480,1995,0.0,19.1,17.02,26.45,Universal Analysis Mode,Healthy,Machine is safe. Continue regular monitoring.
MUS,480,1996,0.0,22.48,20.67,27.22,Universal Analysis Mode,Healthy,Machine is safe. Continue regular monitoring.
MUS,480,1997,0.0,20.38,19.09,27.04,Universal Analysis Mode,Healthy,Machine is safe. Continue regular monitoring.
MUS,480,1998,0.0,13.62,12.72,26.0,Universal Analysis Mode,Healthy,Machine is safe. Continue regular monitoring.
MUS,480,1999,0.0,18.56,17.97,26.74,Universal Analysis Mode,Healthy,Machine is safe. Continue regular monitoring.
MUS,480,2000,0.0,28.5,28.5,29.91,Universal Analysis Mode,Healthy,Machine is safe. Continue regular monitoring.
MUS,480,2001,0.0,23.7,24.44,29.84,Universal Analysis Mode,Healthy,Machine is safe. Continue regular monitoring.
MUS,480,2002,0.0,23.72,25.02,29.42,Universal Analysis Mode,Healthy,Machine is safe. Continue regular monitoring.
MUS,480,2003,0.0,26.54,28.83,31.52,Universal Analysis Mode,Warning,Maintenance inspection recommended soon.
MUS,480,2004,0.0,34.3,38.26,32.02,Universal Analysis Mode,Warning,Maintenance inspection recommended soon.
MUS,480,2005,0.0,47.26,54.52,33.27,Universal Analysis Mode,Warning,Maintenance inspection recommended soon.
MUS,480,2006,0.0,55.37,65.14,32.68,Universal Analysis Mode,Warning,Maintenance inspection recommended soon.
MUS,480,2007,0.0,60.12,72.39,32.64,Universal Analysis Mode,Warning,Maintenance inspection recommended soon.
MUS,480,2008,0.0,77.79,97.26,33.3,Universal Analysis Mode,Warning,Maintenance inspection recommended soon.
MUS,480,2009,0.0,49.5,61.67,30.18,Universal Analysis Mode,Warning,Maintenance inspection recommended soon.
MUS,480,2010,0.0,62.78,79.5,31.33,Universal Analysis Mode,Warning,Maintenance inspection recommended soon.
MUS,480,2011,0.0,85.17,111.26,30.79,Universal Analysis Mode,Warning,Maintenance inspection recommended soon.
MUS,480,2012,0.0,83.75,111.67,29.65,Universal Analysis Mode,Healthy,Machine is safe. Continue regular monitoring.
MUS,480,2013,0.0,80.32,108.66,29.89,Universal Analysis Mode,Healthy,Machine is safe. Continue regular monitoring.
MUS,480,2014,0.0,71.97,98.95,30.93,Universal Analysis Mode,Warning,Maintenance inspection recommended soon.
MEX,484,1932,4481557.0,10.86,0.87,46.15,Universal Analysis Mode,Warning,Maintenance inspection recommended soon.
MEX,484,1933,4644945.0,8.82,0.67,45.73,Universal Analysis Mode,Warning,Maintenance inspection recommended soon.
MEX,484,1934,5214754.0,12.72,1.0,47.37,Universal Analysis Mode,Warning,Maintenance inspection recommended soon.
MEX,484,1935,5521995.0,12.04,0.97,47.1,Universal Analysis Mode,Warning,Maintenance inspection recommended soon.
MEX,484,1936,5604918.0,13.38,1.09,47.66,Universal Analysis Mode,Warning,Maintenance inspection recommended soon.
MEX,484,1937,6378415.0,13.98,1.18,47.8,Universal Analysis Mode,Warning,Maintenance inspection recommended soon.
MEX,484,1938,5260383.0,13.66,1.13,47.42,Universal Analysis Mode,Warning,Maintenance inspection recommended soon.
MEX,484,1939,5860383.0,12.5,1.02,47.39,Universal Analysis Mode,Warning,Maintenance inspection recommended soon.
MEX,484,1940,6015847.0,12.38,1.02,47.37,Universal Analysis Mode,Warning,Maintenance inspection recommended soon.
MEX,484,1941,5764481.0,13.18,1.14,47.5,Universal Analysis Mode,Warning,Maintenance inspection recommended soon.
MEX,484,1942,4756148.0,12.42,1.19,47.02,Universal Analysis Mode,Warning,Maintenance inspection recommended soon.
MEX,484,1943,4803689.0,11.81,1.2,46.8,Universal Analysis Mode,Warning,Maintenance inspection recommended soon.
MEX,484,1944,5218989.0,11.71,1.21,46.93,Universal Analysis Mode,Warning,Maintenance inspection recommended soon.
MEX,484,1945,5949044.0,9.93,1.05,46.62,Universal Analysis Mode,Warning,Maintenance inspection recommended soon.
MEX,484,1946,6726093.0,9.77,1.12,46.8,Universal Analysis Mode,Warning,Maintenance inspection recommended soon.
MEX,484,1947,7689071.0,14.48,1.9,48.46,Universal Analysis Mode,Warning,Maintenance inspection recommended soon.
MEX,484,1948,7992896.0,14.07,1.99,48.57,Universal Analysis Mode,Warning,Maintenance inspection recommended soon.
MEX,484,1949,8321038.0,12.71,1.78,48.15,Universal Analysis Mode,Warning,Maintenance inspection recommended soon.
MEX,484,1950,9896585.0,12.08,1.71,48.12,Universal Analysis Mode,Warning,Maintenance inspection recommended soon.
MEX,484,1951,10600000.0,11.2,1.71,48.01,Universal Analysis Mode,Warning,Maintenance inspection recommended soon.
MEX,484,1952,10600000.0,10.96,1.71,48.04,Universal Analysis Mode,Warning,Maintenance inspection recommended soon.
MEX,484,1953,9896175.0,12.27,1.93,48.64,Universal Analysis Mode,Warning,Maintenance inspection recommended soon.
MEX,484,1954,11400000.0,12.21,1.93,48.7,Universal Analysis Mode,Warning,Maintenance inspection recommended soon.
MEX,484,1955,12200000.0,12.27,1.93,51.68,Universal Analysis Mode,Warning,Maintenance inspection recommended soon.
MEX,484,1956,12400000.0,12.07,1.93,51.74,Universal Analysis Mode,Warning,Maintenance inspection recommended soon.
MEX,484,1957,12100000.0,11.48,1.9,51.57,Universal Analysis Mode,Warning,Maintenance inspection recommended soon.
MEX,484,1958,12800000.0,12.25,2.08,52.32,Universal Analysis Mode,Warning,Maintenance inspection recommended soon.
MEX,484,1959,13200000.0,12.14,2.08,52.51,Universal Analysis Mode,Warning,Maintenance inspection recommended soon.
MEX,484,1960,13500000.0,10.91,1.9,52.54,Universal Analysis Mode,Warning,Maintenance inspection recommended soon.
MEX,484,1961,14600000.0,10.24,1.8,52.58,Universal Analysis Mode,Warning,Maintenance inspection recommended soon.
MEX,484,1962,15300000.0,10.12,1.8,53.52,Universal Analysis Mode,Warning,Maintenance inspection recommended soon.
MEX,484,1963,17200000.0,9.99,1.8,53.11,Universal Analysis Mode,Warning,Maintenance inspection recommended soon.
MEX,484,1964,17700000.0,9.86,1.8,52.23,Universal Analysis Mode,Warning,Maintenance inspection recommended soon.
MEX,484,1965,18100000.0,9.71,1.8,53.03,Universal Analysis Mode,Warning,Maintenance inspection recommended soon.
MEX,484,1966,18400000.0,9.41,1.8,52.23,Universal Analysis Mode,Warning,Maintenance inspection recommended soon.
MEX,484,1967,20500000.0,9.16,1.8,52.2,Universal Analysis Mode,Warning,Maintenance inspection recommended soon.
MEX,484,1968,21900000.0,8.8,1.8,52.09,Universal Analysis Mode,Warning,Maintenance inspection recommended soon.
MEX,484,1969,20400000.0,8.35,1.8,52.22,Universal Analysis Mode,Warning,Maintenance inspection recommended soon.
MEX,484,1970,21500000.0,7.88,1.8,52.21,Universal Analysis Mode,Warning,Maintenance inspection recommended soon.
MEX,484,1971,21400000.0,9.41,2.24,52.6,Universal Analysis Mode,Warning,Maintenance inspection recommended soon.
MEX,484,1972,22200000.0,10.09,2.48,52.66,Universal Analysis Mode,Warning,Maintenance inspection recommended soon.
MEX,484,1973,23300000.0,12.59,3.29,53.03,Universal Analysis Mode,Warning,Maintenance inspection recommended soon.
MEX,484,1974,29600000.0,39.93,11.58,55.63,Universal Analysis Mode,Warning,Maintenance inspection recommended soon.
MEX,484,1975,36900000.0,36.44,11.53,56.02,Universal Analysis Mode,Warning,Maintenance inspection recommended soon.
MEX,484,1976,41300000.0,38.23,12.8,57.75,Universal Analysis Mode,Warning,Maintenance inspection recommended soon.
MEX,484,1977,49300000.0,39.04,13.92,59.11,Universal Analysis Mode,Warning,Maintenance inspection recommended soon.
MEX,484,1978,62300000.0,36.54,14.02,58.91,Universal Analysis Mode,Warning,Maintenance inspection recommended soon.
MEX,484,1979,75500000.0,74.02,31.61,61.76,Universal Analysis Mode,Warning,Maintenance inspection recommended soon.
MEX,484,1980,99900000.0,75.97,36.83,63.23,Universal Analysis Mode,Warning,Maintenance inspection recommended soon.
MEX,484,1981,120000000.0,67.14,35.93,63.79,Universal Analysis Mode,Warning,Maintenance inspection recommended soon.
MEX,484,1982,143000000.0,58.02,32.97,63.96,Universal Analysis Mode,Warning,Maintenance inspection recommended soon.
MEX,484,1983,140000000.0,50.39,29.55,63.49,Universal Analysis Mode,Warning,Maintenance inspection recommended soon.
MEX,484,1984,140000000.0,45.82,28.78,66.94,Universal Analysis Mode,Warning,Maintenance inspection recommended soon.
MEX,484,1985,136000000.0,43.43,27.56,66.6,Universal Analysis Mode,Warning,Maintenance inspection recommended soon.
MEX,484,1986,126000000.0,22.22,14.43,63.83,Universal Analysis Mode,Warning,Maintenance inspection recommended soon.
MEX,484,1987,143000000.0,27.46,18.44,62.85,Universal Analysis Mode,Warning,Maintenance inspection recommended soon.
MEX,484,1988,143000000.0,21.42,14.92,61.09,Universal Analysis Mode,Warning,Maintenance inspection recommended soon.
MEX,484,1989,143000000.0,24.87,18.23,61.63,Universal Analysis Mode,Warning,Maintenance inspection recommended soon.
MEX,484,1990,146000000.0,30.88,23.73,61.57,Universal Analysis Mode,Warning,Maintenance inspection recommended soon.
MEX,484,1991,154000000.0,24.95,20.0,61.31,Universal Analysis Mode,Warning,Maintenance inspection recommended soon.
MEX,484,1992,154000000.0,23.39,19.32,59.71,Universal Analysis Mode,Warning,Maintenance inspection recommended soon.
MEX,484,1993,154000000.0,20.01,16.97,60.05,Universal Analysis Mode,Warning,Maintenance inspection recommended soon.
MEX,484,1994,154000000.0,18.26,15.82,59.42,Universal Analysis Mode,Warning,Maintenance inspection recommended soon.
MEX,484,1995,151000000.0,19.1,17.02,59.3,Universal Analysis Mode,Warning,Maintenance inspection recommended soon.
MEX,484,1996,163000000.0,22.48,20.67,60.33,Universal Analysis Mode,Warning,Maintenance inspection recommended soon.
MEX,484,1997,170000000.0,20.38,19.09,60.13,Universal Analysis Mode,Warning,Maintenance inspection recommended soon.
MEX,484,1998,174000000.0,13.62,12.72,58.99,Universal Analysis Mode,Warning,Maintenance inspection recommended soon.
MEX,484,1999,165000000.0,18.56,17.97,59.92,Universal Analysis Mode,Warning,Maintenance inspection recommended soon.
MEX,484,2000,171000000.0,28.5,28.5,63.27,Universal Analysis Mode,Warning,Maintenance inspection recommended soon.
MEX,484,2001,156000000.0,23.7,24.44,62.98,Universal Analysis Mode,Warning,Maintenance inspection recommended soon.
MEX,484,2002,158000000.0,23.72,25.02,62.49,Universal Analysis Mode,Warning,Maintenance inspection recommended soon.
MEX,484,2003,168000000.0,26.54,28.83,63.97,Universal Analysis Mode,Warning,Maintenance inspection recommended soon.
MEX,484,2004,168000000.0,34.3,38.26,64.55,Universal Analysis Mode,Warning,Maintenance inspection recommended soon.
MEX,484,2005,166000000.0,47.26,54.52,66.74,Universal Analysis Mode,Warning,Maintenance inspection recommended soon.
MEX,484,2006,162000000.0,55.37,65.14,66.18,Universal Analysis Mode,Warning,Maintenance inspection recommended soon.
MEX,484,2007,153170064.68,60.12,72.39,66.14,Universal Analysis Mode,Warning,Maintenance inspection recommended soon.
MEX,484,2008,139016835.95,77.79,97.26,66.83,Universal Analysis Mode,Warning,Maintenance inspection recommended soon.
MEX,484,2009,129550675.16,49.5,61.67,63.4,Universal Analysis Mode,Warning,Maintenance inspection recommended soon.
MEX,484,2010,130532717.22,62.78,79.5,62.45,Universal Analysis Mode,Warning,Maintenance inspection recommended soon.
MEX,484,2011,129292299.32,85.17,111.26,61.95,Universal Analysis Mode,Warning,Maintenance inspection recommended soon.
MEX,484,2012,129106771.91,83.75,111.67,60.72,Universal Analysis Mode,Warning,Maintenance inspection recommended soon.
MEX,484,2013,127580504.99,80.32,108.66,60.96,Universal Analysis Mode,Warning,Maintenance inspection recommended soon.
MEX,484,2014,122461337.9,71.97,98.95,59.85,Universal Analysis Mode,Warning,Maintenance inspection recommended soon.
MDA,498,1932,49800.0,10.86,0.87,29.28,Universal Analysis Mode,Healthy,Machine is safe. Continue regular monitoring.
MDA,498,1933,49800.0,8.82,0.67,29.26,Universal Analysis Mode,Healthy,Machine is safe. Continue regular monitoring.
MDA,498,1934,49800.0,12.72,1.0,29.74,Universal Analysis Mode,Healthy,Machine is safe. Continue regular monitoring.
MDA,498,1935,49800.0,12.04,0.97,29.39,Universal Analysis Mode,Healthy,Machine is safe. Continue regular monitoring.
MDA,498,1936,49800.0,13.38,1.09,29.69,Universal Analysis Mode,Healthy,Machine is safe. Continue regular monitoring.
MDA,498,1937,49800.0,13.98,1.18,29.46,Universal Analysis Mode,Healthy,Machine is safe. Continue regular monitoring.
MDA,498,1938,49800.0,13.66,1.13,29.49,Universal Analysis Mode,Healthy,Machine is safe. Continue regular monitoring.
MDA,498,1939,49800.0,12.5,1.02,29.41,Universal Analysis Mode,Healthy,Machine is safe. Continue regular monitoring.
MDA,498,1940,49800.0,12.38,1.02,29.34,Universal Analysis Mode,Healthy,Machine is safe. Continue regular monitoring.
MDA,498,1941,49800.0,13.18,1.14,29.37,Universal Analysis Mode,Healthy,Machine is safe. Continue regular monitoring.
MDA,498,1942,49800.0,12.42,1.19,29.18,Universal Analysis Mode,Healthy,Machine is safe. Continue regular monitoring.
MDA,498,1943,49800.0,11.81,1.2,28.93,Universal Analysis Mode,Healthy,Machine is safe. Continue regular monitoring.
MDA,498,1944,49800.0,11.71,1.21,28.88,Universal Analysis Mode,Healthy,Machine is safe. Continue regular monitoring.
MDA,498,1945,49800.0,9.93,1.05,28.54,Universal Analysis Mode,Healthy,Machine is safe. Continue regular monitoring.
MDA,498,1946,49800.0,9.77,1.12,28.44,Universal Analysis Mode,Healthy,Machine is safe. Continue regular monitoring.
MDA,498,1947,49800.0,14.48,1.9,29.39,Universal Analysis Mode,Healthy,Machine is safe. Continue regular monitoring.
MDA,498,1948,49800.0,14.07,1.99,29.41,Universal Analysis Mode,Healthy,Machine is safe. Continue regular monitoring.
MDA,498,1949,49800.0,12.71,1.78,28.96,Universal Analysis Mode,Healthy,Machine is safe. Continue regular monitoring.
MDA,498,1950,49800.0,12.08,1.71,28.13,Universal Analysis Mode,Healthy,Machine is safe. Continue regular monitoring.
MDA,498,1951,49800.0,11.2,1.71,27.95,Universal Analysis Mode,Healthy,Machine is safe. Continue regular monitoring.
MDA,498,1952,49800.0,10.96,1.71,27.93,Universal Analysis Mode,Healthy,Machine is safe. Continue regular monitoring.
MDA,498,1953,49800.0,12.27,1.93,28.43,Universal Analysis Mode,Healthy,Machine is safe. Continue regular monitoring.
MDA,498,1954,49800.0,12.21,1.93,28.34,Universal Analysis Mode,Healthy,Machine is safe. Continue regular monitoring.
MDA,498,1955,49800.0,12.27,1.93,27.99,Universal Analysis Mode,Healthy,Machine is safe. Continue regular monitoring.
MDA,498,1956,49800.0,12.07,1.93,27.98,Universal Analysis Mode,Healthy,Machine is safe. Continue regular monitoring.
MDA,498,1957,49800.0,11.48,1.9,27.71,Universal Analysis Mode,Healthy,Machine is safe. Continue regular monitoring.
MDA,498,1958,49800.0,12.25,2.08,28.16,Universal Analysis Mode,Healthy,Machine is safe. Continue regular monitoring.
MDA,498,1959,49800.0,12.14,2.08,28.19,Universal Analysis Mode,Healthy,Machine is safe. Continue regular monitoring.
MDA,498,1960,49800.0,10.91,1.9,28.14,Universal Analysis Mode,Healthy,Machine is safe. Continue regular monitoring.
MDA,498,1961,49800.0,10.24,1.8,28.08,Universal Analysis Mode,Healthy,Machine is safe. Continue regular monitoring.
MDA,498,1962,49800.0,10.12,1.8,28.95,Universal Analysis Mode,Healthy,Machine is safe. Continue regular monitoring.
MDA,498,1963,49800.0,9.99,1.8,28.78,Universal Analysis Mode,Healthy,Machine is safe. Continue regular monitoring.
MDA,498,1964,49800.0,9.86,1.8,27.87,Universal Analysis Mode,Healthy,Machine is safe. Continue regular monitoring.
MDA,498,1965,49800.0,9.71,1.8,28.48,Universal Analysis Mode,Healthy,Machine is safe. Continue regular monitoring.
MDA,498,1966,49800.0,9.41,1.8,27.83,Universal Analysis Mode,Healthy,Machine is safe. Continue regular monitoring.
MDA,498,1967,49800.0,9.16,1.8,27.72,Universal Analysis Mode,Healthy,Machine is safe. Continue regular monitoring.
MDA,498,1968,49800.0,8.8,1.8,27.48,Universal Analysis Mode,Healthy,Machine is safe. Continue regular monitoring.
MDA,498,1969,49800.0,8.35,1.8,27.59,Universal Analysis Mode,Healthy,Machine is safe. Continue regular monitoring.
MDA,498,1970,49800.0,7.88,1.8,27.34,Universal Analysis Mode,Healthy,Machine is safe. Continue regular monitoring.
MDA,498,1971,49800.0,9.41,2.24,27.68,Universal Analysis Mode,Healthy,Machine is safe. Continue regular monitoring.
MDA,498,1972,49800.0,10.09,2.48,27.69,Universal Analysis Mode,Healthy,Machine is safe. Continue regular monitoring.
MDA,498,1973,49800.0,12.59,3.29,27.92,Universal Analysis Mode,Healthy,Machine is safe. Continue regular monitoring.
MDA,498,1974,49800.0,39.93,11.58,29.8,Universal Analysis Mode,Healthy,Machine is safe. Continue regular monitoring.
MDA,498,1975,49800.0,36.44,11.53,30.06,Universal Analysis Mode,Warning,Maintenance inspection recommended soon.
MDA,498,1976,49800.0,38.23,12.8,31.64,Universal Analysis Mode,Warning,Maintenance inspection recommended soon.
MDA,498,1977,49800.0,39.04,13.92,32.84,Universal Analysis Mode,Warning,Maintenance inspection recommended soon.
MDA,498,1978,49800.0,36.54,14.02,32.5,Universal Analysis Mode,Warning,Maintenance inspection recommended soon.
MDA,498,1979,49800.0,74.02,31.61,34.88,Universal Analysis Mode,Warning,Maintenance inspection recommended soon.
MDA,498,1980,49800.0,75.97,36.83,36.11,Universal Analysis Mode,Warning,Maintenance inspection recommended soon.
MDA,498,1981,49800.0,67.14,35.93,36.59,Universal Analysis Mode,Warning,Maintenance inspection recommended soon.
MDA,498,1982,49800.0,58.02,32.97,36.67,Universal Analysis Mode,Warning,Maintenance inspection recommended soon.
MDA,498,1983,49800.0,50.39,29.55,36.28,Universal Analysis Mode,Warning,Maintenance inspection recommended soon.
MDA,498,1984,49800.0,45.82,28.78,35.9,Universal Analysis Mode,Warning,Maintenance inspection recommended soon.
MDA,498,1985,49800.0,43.43,27.56,35.63,Universal Analysis Mode,Warning,Maintenance inspection recommended soon.
MDA,498,1986,49800.0,22.22,14.43,33.22,Universal Analysis Mode,Warning,Maintenance inspection recommended soon.
MDA,498,1987,49800.0,27.46,18.44,32.29,Universal Analysis Mode,Warning,Maintenance inspection recommended soon.
MDA,498,1988,49800.0,21.42,14.92,30.71,Universal Analysis Mode,Warning,Maintenance inspection recommended soon.
MDA,498,1989,49800.0,24.87,18.23,31.17,Universal Analysis Mode,Warning,Maintenance inspection recommended soon.
MDA,498,1990,49800.0,30.88,23.73,33.14,Universal Analysis Mode,Warning,Maintenance inspection recommended soon.
MDA,498,1991,0.0,24.95,20.0,29.48,Universal Analysis Mode,Healthy,Machine is safe. Continue regular monitoring.
MDA,498,1992,0.0,23.39,19.32,24.13,Universal Analysis Mode,Healthy,Machine is safe. Continue regular monitoring.
MDA,498,1993,0.0,20.01,16.97,23.75,Universal Analysis Mode,Healthy,Machine is safe. Continue regular monitoring.
MDA,498,1994,0.0,18.26,15.82,23.23,Universal Analysis Mode,Healthy,Machine is safe. Continue regular monitoring.
MDA,498,1995,0.0,19.1,17.02,23.16,Universal Analysis Mode,Healthy,Machine is safe. Continue regular monitoring.
MDA,498,1996,0.0,22.48,20.67,23.87,Universal Analysis Mode,Healthy,Machine is safe. Continue regular monitoring.
MDA,498,1997,0.0,20.38,19.09,23.65,Universal Analysis Mode,Healthy,Machine is safe. Continue regular monitoring.
MDA,498,1998,0.0,13.62,12.72,22.63,Universal Analysis Mode,Healthy,Machine is safe. Continue regular monitoring.
MDA,498,1999,0.0,18.56,17.97,23.38,Universal Analysis Mode,Healthy,Machine is safe. Continue regular monitoring.
MDA,498,2000,0.0,28.5,28.5,26.48,Universal Analysis Mode,Healthy,Machine is safe. Continue regular monitoring.
MDA,498,2001,0.0,23.7,24.44,26.42,Universal Analysis Mode,Healthy,Machine is safe. Continue regular monitoring.
MDA,498,2002,0.0,23.72,25.02,25.99,Universal Analysis Mode,Healthy,Machine is safe. Continue regular monitoring.
MDA,498,2003,0.0,26.54,28.83,28.03,Universal Analysis Mode,Healthy,Machine is safe. Continue regular monitoring.
MDA,498,2004,0.0,34.3,38.26,28.53,Universal Analysis Mode,Healthy,Machine is safe. Continue regular monitoring.
MDA,498,2005,0.0,47.26,54.52,29.72,Universal Analysis Mode,Healthy,Machine is safe. Continue regular monitoring.
MDA,498,2006,0.0,55.37,65.14,36.8,Universal Analysis Mode,Warning,Maintenance inspection recommended soon.
MDA,498,2007,0.0,60.12,72.39,29.13,Universal Analysis Mode,Healthy,Machine is safe. Continue regular monitoring.
MDA,498,2008,0.0,77.79,97.26,29.76,Universal Analysis Mode,Healthy,Machine is safe. Continue regular monitoring.
MDA,498,2009,0.0,49.5,61.67,26.68,Universal Analysis Mode,Healthy,Machine is safe. Continue regular monitoring.
MDA,498,2010,0.0,62.78,79.5,27.67,Universal Analysis Mode,Healthy,Machine is safe. Continue regular monitoring.
MDA,498,2011,0.0,85.17,111.26,27.15,Universal Analysis Mode,Healthy,Machine is safe. Continue regular monitoring.
MDA,498,2012,0.0,83.75,111.67,25.98,Universal Analysis Mode,Healthy,Machine is safe. Continue regular monitoring.
MDA,498,2013,0.0,80.32,108.66,28.52,Universal Analysis Mode,Healthy,Machine is safe. Continue regular monitoring.
MDA,498,2014,0.0,71.97,98.95,31.12,Universal Analysis Mode,Warning,Maintenance inspection recommended soon.
MNG,496,1932,49800.0,10.86,0.87,30.08,Universal Analysis Mode,Warning,Maintenance inspection recommended soon.
MNG,496,1933,49800.0,8.82,0.67,30.06,Universal Analysis Mode,Warning,Maintenance inspection recommended soon.
MNG,496,1934,49800.0,12.72,1.0,30.54,Universal Analysis Mode,Warning,Maintenance inspection recommended soon.
MNG,496,1935,49800.0,12.04,0.97,30.19,Universal Analysis Mode,Warning,Maintenance inspection recommended soon.
MNG,496,1936,49800.0,13.38,1.09,30.49,Universal Analysis Mode,Warning,Maintenance inspection recommended soon.
MNG,496,1937,49800.0,13.98,1.18,30.26,Universal Analysis Mode,Warning,Maintenance inspection recommended soon.
MNG,496,1938,49800.0,13.66,1.13,30.29,Universal Analysis Mode,Warning,Maintenance inspection recommended soon.
MNG,496,1939,49800.0,12.5,1.02,30.22,Universal Analysis Mode,Warning,Maintenance inspection recommended soon.
MNG,496,1940,49800.0,12.38,1.02,30.14,Universal Analysis Mode,Warning,Maintenance inspection recommended soon.
MNG,496,1941,49800.0,13.18,1.14,30.17,Universal Analysis Mode,Warning,Maintenance inspection recommended soon.
MNG,496,1942,49800.0,12.42,1.19,29.98,Universal Analysis Mode,Healthy,Machine is safe. Continue regular monitoring.
MNG,496,1943,49800.0,11.81,1.2,29.73,Universal Analysis Mode,Healthy,Machine is safe. Continue regular monitoring.
MNG,496,1944,49800.0,11.71,1.21,29.69,Universal Analysis Mode,Healthy,Machine is safe. Continue regular monitoring.
MNG,496,1945,49800.0,9.93,1.05,29.34,Universal Analysis Mode,Healthy,Machine is safe. Continue regular monitoring.
MNG,496,1946,49800.0,9.77,1.12,29.24,Universal Analysis Mode,Healthy,Machine is safe. Continue regular monitoring.
MNG,496,1947,49800.0,14.48,1.9,30.19,Universal Analysis Mode,Warning,Maintenance inspection recommended soon.
MNG,496,1948,49800.0,14.07,1.99,30.21,Universal Analysis Mode,Warning,Maintenance inspection recommended soon.
MNG,496,1949,49800.0,12.71,1.78,29.76,Universal Analysis Mode,Healthy,Machine is safe. Continue regular monitoring.
MNG,496,1950,49800.0,12.08,1.71,28.72,Universal Analysis Mode,Healthy,Machine is safe. Continue regular monitoring.
MNG,496,1951,49800.0,11.2,1.71,28.53,Universal Analysis Mode,Healthy,Machine is safe. Continue regular monitoring.
MNG,496,1952,49800.0,10.96,1.71,28.5,Universal Analysis Mode,Healthy,Machine is safe. Continue regular monitoring.
MNG,496,1953,49800.0,12.27,1.93,29.01,Universal Analysis Mode,Healthy,Machine is safe. Continue regular monitoring.
MNG,496,1954,49800.0,12.21,1.93,28.91,Universal Analysis Mode,Healthy,Machine is safe. Continue regular monitoring.
MNG,496,1955,49800.0,12.27,1.93,28.56,Universal Analysis Mode,Healthy,Machine is safe. Continue regular monitoring.
MNG,496,1956,49800.0,12.07,1.93,28.54,Universal Analysis Mode,Healthy,Machine is safe. Continue regular monitoring.
MNG,496,1957,49800.0,11.48,1.9,28.27,Universal Analysis Mode,Healthy,Machine is safe. Continue regular monitoring.
MNG,496,1958,49800.0,12.25,2.08,28.71,Universal Analysis Mode,Healthy,Machine is safe. Continue regular monitoring.
MNG,496,1959,49800.0,12.14,2.08,28.73,Universal Analysis Mode,Healthy,Machine is safe. Continue regular monitoring.
MNG,496,1960,0.0,10.91,1.9,24.32,Universal Analysis Mode,Healthy,Machine is safe. Continue regular monitoring.
MNG,496,1961,0.0,10.24,1.8,24.26,Universal Analysis Mode,Healthy,Machine is safe. Continue regular monitoring.
MNG,496,1962,0.0,10.12,1.8,25.12,Universal Analysis Mode,Healthy,Machine is safe. Continue regular monitoring.
MNG,496,1963,0.0,9.99,1.8,24.95,Universal Analysis Mode,Healthy,Machine is safe. Continue regular monitoring.
MNG,496,1964,0.0,9.86,1.8,24.03,Universal Analysis Mode,Healthy,Machine is safe. Continue regular monitoring.
MNG,496,1965,0.0,9.71,1.8,24.64,Universal Analysis Mode,Healthy,Machine is safe. Continue regular monitoring.
MNG,496,1966,0.0,9.41,1.8,23.99,Universal Analysis Mode,Healthy,Machine is safe. Continue regular monitoring.
MNG,496,1967,0.0,9.16,1.8,23.88,Universal Analysis Mode,Healthy,Machine is safe. Continue regular monitoring.
MNG,496,1968,0.0,8.8,1.8,23.63,Universal Analysis Mode,Healthy,Machine is safe. Continue regular monitoring.
MNG,496,1969,0.0,8.35,1.8,23.75,Universal Analysis Mode,Healthy,Machine is safe. Continue regular monitoring.
MNG,496,1970,0.0,7.88,1.8,23.5,Universal Analysis Mode,Healthy,Machine is safe. Continue regular monitoring.
MNG,496,1971,0.0,9.41,2.24,23.83,Universal Analysis Mode,Healthy,Machine is safe. Continue regular monitoring.
MNG,496,1972,0.0,10.09,2.48,23.85,Universal Analysis Mode,Healthy,Machine is safe. Continue regular monitoring.
MNG,496,1973,0.0,12.59,3.29,24.08,Universal Analysis Mode,Healthy,Machine is safe. Continue regular monitoring.
MNG,496,1974,0.0,39.93,11.58,25.96,Universal Analysis Mode,Healthy,Machine is safe. Continue regular monitoring.
MNG,496,1975,0.0,36.44,11.53,26.22,Universal Analysis Mode,Healthy,Machine is safe. Continue regular monitoring.
MNG,496,1976,0.0,38.23,12.8,27.81,Universal Analysis Mode,Healthy,Machine is safe. Continue regular monitoring.
MNG,496,1977,0.0,39.04,13.92,29.01,Universal Analysis Mode,Healthy,Machine is safe. Continue regular monitoring.
MNG,496,1978,0.0,36.54,14.02,28.68,Universal Analysis Mode,Healthy,Machine is safe. Continue regular monitoring.
MNG,496,1979,0.0,74.02,31.61,31.06,Universal Analysis Mode,Warning,Maintenance inspection recommended soon.
MNG,496,1980,0.0,75.97,36.83,32.29,Universal Analysis Mode,Warning,Maintenance inspection recommended soon.
MNG,496,1981,0.0,67.14,35.93,32.77,Universal Analysis Mode,Warning,Maintenance inspection recommended soon.
MNG,496,1982,0.0,58.02,32.97,32.86,Universal Analysis Mode,Warning,Maintenance inspection recommended soon.
MNG,496,1983,0.0,50.39,29.55,32.47,Universal Analysis Mode,Warning,Maintenance inspection recommended soon.
MNG,496,1984,0.0,45.82,28.78,32.1,Universal Analysis Mode,Warning,Maintenance inspection recommended soon.
MNG,496,1985,0.0,43.43,27.56,31.82,Universal Analysis Mode,Warning,Maintenance inspection recommended soon.
MNG,496,1986,0.0,22.22,14.43,29.43,Universal Analysis Mode,Healthy,Machine is safe. Continue regular monitoring.
MNG,496,1987,0.0,27.46,18.44,28.5,Universal Analysis Mode,Healthy,Machine is safe. Continue regular monitoring.
MNG,496,1988,0.0,21.42,14.92,26.92,Universal Analysis Mode,Healthy,Machine is safe. Continue regular monitoring.
MNG,496,1989,0.0,24.87,18.23,27.39,Universal Analysis Mode,Healthy,Machine is safe. Continue regular monitoring.
MNG,496,1990,0.0,30.88,23.73,29.36,Universal Analysis Mode,Healthy,Machine is safe. Continue regular monitoring.
MNG,496,1991,0.0,24.95,20.0,29.24,Universal Analysis Mode,Healthy,Machine is safe. Continue regular monitoring.
MNG,496,1992,0.0,23.39,19.32,27.7,Universal Analysis Mode,Healthy,Machine is safe. Continue regular monitoring.
MNG,496,1993,0.0,20.01,16.97,27.29,Universal Analysis Mode,Healthy,Machine is safe. Continue regular monitoring.
MNG,496,1994,0.0,18.26,15.82,26.73,Universal Analysis Mode,Healthy,Machine is safe. Continue regular monitoring.
MNG,496,1995,0.0,19.1,17.02,26.66,Universal Analysis Mode,Healthy,Machine is safe. Continue regular monitoring.
MNG,496,1996,0.0,22.48,20.67,27.43,Universal Analysis Mode,Healthy,Machine is safe. Continue regular monitoring.
MNG,496,1997,0.0,20.38,19.09,27.25,Universal Analysis Mode,Healthy,Machine is safe. Continue regular monitoring.
MNG,496,1998,6820.0,13.62,12.72,28.53,Universal Analysis Mode,Healthy,Machine is safe. Continue regular monitoring.
MNG,496,1999,9820.8,18.56,17.97,29.77,Universal Analysis Mode,Healthy,Machine is safe. Continue regular monitoring.
MNG,496,2000,8866.0,28.5,28.5,32.95,Universal Analysis Mode,Warning,Maintenance inspection recommended soon.
MNG,496,2001,10093.6,23.7,24.44,32.88,Universal Analysis Mode,Warning,Maintenance inspection recommended soon.
MNG,496,2002,18959.6,23.72,25.02,34.37,Universal Analysis Mode,Warning,Maintenance inspection recommended soon.
MNG,496,2003,24961.2,26.54,28.83,37.54,Universal Analysis Mode,Warning,Maintenance inspection recommended soon.
MNG,496,2004,29462.4,34.3,38.26,40.14,Universal Analysis Mode,Warning,Maintenance inspection recommended soon.
MNG,496,2005,27416.4,47.26,54.52,45.98,Universal Analysis Mode,Warning,Maintenance inspection recommended soon.
MNG,496,2006,50331.6,55.37,65.14,49.59,Universal Analysis Mode,Warning,Maintenance inspection recommended soon.
MNG,496,2007,124533.2,60.12,72.39,53.5,Universal Analysis Mode,Warning,Maintenance inspection recommended soon.
MNG,496,2008,160133.6,77.79,97.26,55.48,Universal Analysis Mode,Warning,Maintenance inspection recommended soon.
MNG,496,2009,255068.0,49.5,61.67,52.72,Universal Analysis Mode,Warning,Maintenance inspection recommended soon.
MNG,496,2010,297604.8,62.78,79.5,54.86,Universal Analysis Mode,Warning,Maintenance inspection recommended soon.
MNG,496,2011,347768.34,85.17,111.26,54.78,Universal Analysis Mode,Warning,Maintenance inspection recommended soon.
MNG,496,2012,494738.6,83.75,111.67,54.12,Universal Analysis Mode,Warning,Maintenance inspection recommended soon.
MNG,496,2013,699764.7,80.32,108.66,50.41,Universal Analysis Mode,Warning,Maintenance inspection recommended soon.
MNG,496,2014,1038175.12,71.97,98.95,51.68,Universal Analysis Mode,Warning,Maintenance inspection recommended soon.
MNE,499,1932,49800.0,10.86,0.87,29.29,Universal Analysis Mode,Healthy,Machine is safe. Continue regular monitoring.
MNE,499,1933,49800.0,8.82,0.67,29.27,Universal Analysis Mode,Healthy,Machine is safe. Continue regular monitoring.
MNE,499,1934,49800.0,12.72,1.0,29.75,Universal Analysis Mode,Healthy,Machine is safe. Continue regular monitoring.
MNE,499,1935,49800.0,12.04,0.97,29.4,Universal Analysis Mode,Healthy,Machine is safe. Continue regular monitoring.
MNE,499,1936,49800.0,13.38,1.09,29.7,Universal Analysis Mode,Healthy,Machine is safe. Continue regular monitoring.
MNE,499,1937,49800.0,13.98,1.18,29.47,Universal Analysis Mode,Healthy,Machine is safe. Continue regular monitoring.
MNE,499,1938,49800.0,13.66,1.13,29.5,Universal Analysis Mode,Healthy,Machine is safe. Continue regular monitoring.
MNE,499,1939,49800.0,12.5,1.02,29.42,Universal Analysis Mode,Healthy,Machine is safe. Continue regular monitoring.
MNE,499,1940,49800.0,12.38,1.02,29.35,Universal Analysis Mode,Healthy,Machine is safe. Continue regular monitoring.
MNE,499,1941,49800.0,13.18,1.14,29.38,Universal Analysis Mode,Healthy,Machine is safe. Continue regular monitoring.
MNE,499,1942,49800.0,12.42,1.19,29.19,Universal Analysis Mode,Healthy,Machine is safe. Continue regular monitoring.
MNE,499,1943,49800.0,11.81,1.2,28.94,Universal Analysis Mode,Healthy,Machine is safe. Continue regular monitoring.
MNE,499,1944,49800.0,11.71,1.21,28.89,Universal Analysis Mode,Healthy,Machine is safe. Continue regular monitoring.
MNE,499,1945,49800.0,9.93,1.05,28.55,Universal Analysis Mode,Healthy,Machine is safe. Continue regular monitoring.
MNE,499,1946,49800.0,9.77,1.12,28.45,Universal Analysis Mode,Healthy,Machine is safe. Continue regular monitoring.
MNE,499,1947,49800.0,14.48,1.9,29.39,Universal Analysis Mode,Healthy,Machine is safe. Continue regular monitoring.
MNE,499,1948,49800.0,14.07,1.99,29.42,Universal Analysis Mode,Healthy,Machine is safe. Continue regular monitoring.
MNE,499,1949,49800.0,12.71,1.78,28.97,Universal Analysis Mode,Healthy,Machine is safe. Continue regular monitoring.
MNE,499,1950,49800.0,12.08,1.71,28.79,Universal Analysis Mode,Healthy,Machine is safe. Continue regular monitoring.
MNE,499,1951,49800.0,11.2,1.71,28.6,Universal Analysis Mode,Healthy,Machine is safe. Continue regular monitoring.
MNE,499,1952,49800.0,10.96,1.71,28.58,Universal Analysis Mode,Healthy,Machine is safe. Continue regular monitoring.
MNE,499,1953,49800.0,12.27,1.93,29.08,Universal Analysis Mode,Healthy,Machine is safe. Continue regular monitoring.
MNE,499,1954,49800.0,12.21,1.93,28.98,Universal Analysis Mode,Healthy,Machine is safe. Continue regular monitoring.
MNE,499,1955,49800.0,12.27,1.93,28.62,Universal Analysis Mode,Healthy,Machine is safe. Continue regular monitoring.
MNE,499,1956,49800.0,12.07,1.93,28.6,Universal Analysis Mode,Healthy,Machine is safe. Continue regular monitoring.
MNE,499,1957,49800.0,11.48,1.9,28.33,Universal Analysis Mode,Healthy,Machine is safe. Continue regular monitoring.
MNE,499,1958,49800.0,12.25,2.08,28.77,Universal Analysis Mode,Healthy,Machine is safe. Continue regular monitoring.
MNE,499,1959,49800.0,12.14,2.08,28.79,Universal Analysis Mode,Healthy,Machine is safe. Continue regular monitoring.
MNE,499,1960,49800.0,10.91,1.9,28.22,Universal Analysis Mode,Healthy,Machine is safe. Continue regular monitoring.
MNE,499,1961,49800.0,10.24,1.8,28.16,Universal Analysis Mode,Healthy,Machine is safe. Continue regular monitoring.
MNE,499,1962,49800.0,10.12,1.8,29.02,Universal Analysis Mode,Healthy,Machine is safe. Continue regular monitoring.
MNE,499,1963,49800.0,9.99,1.8,28.85,Universal Analysis Mode,Healthy,Machine is safe. Continue regular monitoring.
MNE,499,1964,49800.0,9.86,1.8,27.93,Universal Analysis Mode,Healthy,Machine is safe. Continue regular monitoring.
MNE,499,1965,49800.0,9.71,1.8,28.53,Universal Analysis Mode,Healthy,Machine is safe. Continue regular monitoring.
MNE,499,1966,49800.0,9.41,1.8,27.88,Universal Analysis Mode,Healthy,Machine is safe. Continue regular monitoring.
MNE,499,1967,49800.0,9.16,1.8,27.76,Universal Analysis Mode,Healthy,Machine is safe. Continue regular monitoring.
MNE,499,1968,49800.0,8.8,1.8,27.51,Universal Analysis Mode,Healthy,Machine is safe. Continue regular monitoring.
MNE,499,1969,49800.0,8.35,1.8,27.63,Universal Analysis Mode,Healthy,Machine is safe. Continue regular monitoring.
MNE,499,1970,49800.0,7.88,1.8,27.37,Universal Analysis Mode,Healthy,Machine is safe. Continue regular monitoring.
MNE,499,1971,49800.0,9.41,2.24,27.7,Universal Analysis Mode,Healthy,Machine is safe. Continue regular monitoring.
MNE,499,1972,49800.0,10.09,2.48,27.71,Universal Analysis Mode,Healthy,Machine is safe. Continue regular monitoring.
MNE,499,1973,49800.0,12.59,3.29,27.94,Universal Analysis Mode,Healthy,Machine is safe. Continue regular monitoring.
MNE,499,1974,49800.0,39.93,11.58,29.81,Universal Analysis Mode,Healthy,Machine is safe. Continue regular monitoring.
MNE,499,1975,49800.0,36.44,11.53,30.06,Universal Analysis Mode,Warning,Maintenance inspection recommended soon.
MNE,499,1976,49800.0,38.23,12.8,31.65,Universal Analysis Mode,Warning,Maintenance inspection recommended soon.
MNE,499,1977,49800.0,39.04,13.92,32.84,Universal Analysis Mode,Warning,Maintenance inspection recommended soon.
MNE,499,1978,49800.0,36.54,14.02,32.51,Universal Analysis Mode,Warning,Maintenance inspection recommended soon.
MNE,499,1979,49800.0,74.02,31.61,34.88,Universal Analysis Mode,Warning,Maintenance inspection recommended soon.
MNE,499,1980,49800.0,75.97,36.83,36.11,Universal Analysis Mode,Warning,Maintenance inspection recommended soon.
MNE,499,1981,49800.0,67.14,35.93,36.59,Universal Analysis Mode,Warning,Maintenance inspection recommended soon.
MNE,499,1982,49800.0,58.02,32.97,36.67,Universal Analysis Mode,Warning,Maintenance inspection recommended soon.
MNE,499,1983,49800.0,50.39,29.55,36.27,Universal Analysis Mode,Warning,Maintenance inspection recommended soon.
MNE,499,1984,49800.0,45.82,28.78,35.89,Universal Analysis Mode,Warning,Maintenance inspection recommended soon.
MNE,499,1985,49800.0,43.43,27.56,35.62,Universal Analysis Mode,Warning,Maintenance inspection recommended soon.
MNE,499,1986,49800.0,22.22,14.43,33.21,Universal Analysis Mode,Warning,Maintenance inspection recommended soon.
MNE,499,1987,49800.0,27.46,18.44,32.27,Universal Analysis Mode,Warning,Maintenance inspection recommended soon.
MNE,499,1988,49800.0,21.42,14.92,30.69,Universal Analysis Mode,Warning,Maintenance inspection recommended soon.
MNE,499,1989,49800.0,24.87,18.23,31.14,Universal Analysis Mode,Warning,Maintenance inspection recommended soon.
MNE,499,1990,49800.0,30.88,23.73,33.11,Universal Analysis Mode,Warning,Maintenance inspection recommended soon.
MNE,499,1991,49800.0,24.95,20.0,32.99,Universal Analysis Mode,Warning,Maintenance inspection recommended soon.
MNE,499,1992,0.0,23.39,19.32,27.1,Universal Analysis Mode,Healthy,Machine is safe. Continue regular monitoring.
MNE,499,1993,0.0,20.01,16.97,26.69,Universal Analysis Mode,Healthy,Machine is safe. Continue regular monitoring.
MNE,499,1994,0.0,18.26,15.82,26.12,Universal Analysis Mode,Healthy,Machine is safe. Continue regular monitoring.
MNE,499,1995,0.0,19.1,17.02,26.04,Universal Analysis Mode,Healthy,Machine is safe. Continue regular monitoring.
MNE,499,1996,0.0,22.48,20.67,26.81,Universal Analysis Mode,Healthy,Machine is safe. Continue regular monitoring.
MNE,499,1997,0.0,20.38,19.09,26.62,Universal Analysis Mode,Healthy,Machine is safe. Continue regular monitoring.
MNE,499,1998,0.0,13.62,12.72,25.59,Universal Analysis Mode,Healthy,Machine is safe. Continue regular monitoring.
MNE,499,1999,0.0,18.56,17.97,26.32,Universal Analysis Mode,Healthy,Machine is safe. Continue regular monitoring.
MNE,499,2000,0.0,28.5,28.5,29.48,Universal Analysis Mode,Healthy,Machine is safe. Continue regular monitoring.
MNE,499,2001,0.0,23.7,24.44,29.41,Universal Analysis Mode,Healthy,Machine is safe. Continue regular monitoring.
MNE,499,2002,0.0,23.72,25.02,29.0,Universal Analysis Mode,Healthy,Machine is safe. Continue regular monitoring.
MNE,499,2003,0.0,26.54,28.83,31.1,Universal Analysis Mode,Warning,Maintenance inspection recommended soon.
MNE,499,2004,0.0,34.3,38.26,31.59,Universal Analysis Mode,Warning,Maintenance inspection recommended soon.
MNE,499,2005,0.0,47.26,54.52,32.84,Universal Analysis Mode,Warning,Maintenance inspection recommended soon.
MNE,499,2006,0.0,55.37,65.14,33.07,Universal Analysis Mode,Warning,Maintenance inspection recommended soon.
MNE,499,2007,0.0,60.12,72.39,33.02,Universal Analysis Mode,Warning,Maintenance inspection recommended soon.
MNE,499,2008,0.0,77.79,97.26,33.67,Universal Analysis Mode,Warning,Maintenance inspection recommended soon.
MNE,499,2009,0.0,49.5,61.67,30.56,Universal Analysis Mode,Warning,Maintenance inspection recommended soon.
MNE,499,2010,0.0,62.78,79.5,31.31,Universal Analysis Mode,Warning,Maintenance inspection recommended soon.
MNE,499,2011,0.0,85.17,111.26,30.77,Universal Analysis Mode,Warning,Maintenance inspection recommended soon.
MNE,499,2012,0.0,83.75,111.67,29.64,Universal Analysis Mode,Healthy,Machine is safe. Continue regular monitoring.
MNE,499,2013,0.0,80.32,108.66,29.87,Universal Analysis Mode,Healthy,Machine is safe. Continue regular monitoring.
MNE,499,2014,0.0,71.97,98.95,30.91,Universal Analysis Mode,Warning,Maintenance inspection recommended soon.
MAR,504,1932,49800.0,10.86,0.87,29.3,Universal Analysis Mode,Healthy,Machine is safe. Continue regular monitoring.
MAR,504,1933,49800.0,8.82,0.67,29.28,Universal Analysis Mode,Healthy,Machine is safe. Continue regular monitoring.
MAR,504,1934,49800.0,12.72,1.0,29.76,Universal Analysis Mode,Healthy,Machine is safe. Continue regular monitoring.
MAR,504,1935,49800.0,12.04,0.97,29.41,Universal Analysis Mode,Healthy,Machine is safe. Continue regular monitoring.
MAR,504,1936,49800.0,13.38,1.09,29.71,Universal Analysis Mode,Healthy,Machine is safe. Continue regular monitoring.
MAR,504,1937,49800.0,13.98,1.18,29.48,Universal Analysis Mode,Healthy,Machine is safe. Continue regular monitoring.
MAR,504,1938,49800.0,13.66,1.13,29.51,Universal Analysis Mode,Healthy,Machine is safe. Continue regular monitoring.
MAR,504,1939,49800.0,12.5,1.02,29.44,Universal Analysis Mode,Healthy,Machine is safe. Continue regular monitoring.
MAR,504,1940,49800.0,12.38,1.02,29.36,Universal Analysis Mode,Healthy,Machine is safe. Continue regular monitoring.
MAR,504,1941,49800.0,13.18,1.14,29.39,Universal Analysis Mode,Healthy,Machine is safe. Continue regular monitoring.
MAR,504,1942,49800.0,12.42,1.19,29.2,Universal Analysis Mode,Healthy,Machine is safe. Continue regular monitoring.
MAR,504,1943,49800.0,11.81,1.2,28.95,Universal Analysis Mode,Healthy,Machine is safe. Continue regular monitoring.
MAR,504,1944,4372.0,11.71,1.21,27.54,Universal Analysis Mode,Healthy,Machine is safe. Continue regular monitoring.
MAR,504,1945,3552.0,9.93,1.05,27.2,Universal Analysis Mode,Healthy,Machine is safe. Continue regular monitoring.
MAR,504,1946,2732.0,9.77,1.12,27.09,Universal Analysis Mode,Healthy,Machine is safe. Continue regular monitoring.
MAR,504,1947,2869.0,14.48,1.9,28.05,Universal Analysis Mode,Healthy,Machine is safe. Continue regular monitoring.
MAR,504,1948,13661.0,14.07,1.99,28.04,Universal Analysis Mode,Healthy,Machine is safe. Continue regular monitoring.
MAR,504,1949,18579.0,12.71,1.78,27.57,Universal Analysis Mode,Healthy,Machine is safe. Continue regular monitoring.
MAR,504,1950,41667.0,12.08,1.71,27.44,Universal Analysis Mode,Healthy,Machine is safe. Continue regular monitoring.
MAR,504,1951,80191.0,11.2,1.71,27.75,Universal Analysis Mode,Healthy,Machine is safe. Continue regular monitoring.
MAR,504,1952,102322.0,10.96,1.71,28.96,Universal Analysis Mode,Healthy,Machine is safe. Continue regular monitoring.
MAR,504,1953,103962.0,12.27,1.93,29.52,Universal Analysis Mode,Healthy,Machine is safe. Continue regular monitoring.
MAR,504,1954,120355.0,12.21,1.93,29.53,Universal Analysis Mode,Healthy,Machine is safe. Continue regular monitoring.
MAR,504,1955,104508.0,12.27,1.93,31.55,Universal Analysis Mode,Warning,Maintenance inspection recommended soon.
MAR,504,1956,100273.0,12.07,1.93,32.31,Universal Analysis Mode,Warning,Maintenance inspection recommended soon.
MAR,504,1957,77322.0,11.48,1.9,30.89,Universal Analysis Mode,Warning,Maintenance inspection recommended soon.
MAR,504,1958,76503.0,12.25,2.08,31.33,Universal Analysis Mode,Warning,Maintenance inspection recommended soon.
MAR,504,1959,97268.0,12.14,2.08,32.59,Universal Analysis Mode,Warning,Maintenance inspection recommended soon.
MAR,504,1960,94945.0,10.91,1.9,32.56,Universal Analysis Mode,Warning,Maintenance inspection recommended soon.
MAR,504,1961,82377.0,10.24,1.8,31.42,Universal Analysis Mode,Warning,Maintenance inspection recommended soon.
MAR,504,1962,132240.0,10.12,1.8,33.56,Universal Analysis Mode,Warning,Maintenance inspection recommended soon.
MAR,504,1963,155738.0,9.99,1.8,33.51,Universal Analysis Mode,Warning,Maintenance inspection recommended soon.
MAR,504,1964,124317.0,9.86,1.8,32.51,Universal Analysis Mode,Warning,Maintenance inspection recommended soon.
MAR,504,1965,106831.0,9.71,1.8,33.09,Universal Analysis Mode,Warning,Maintenance inspection recommended soon.
MAR,504,1966,106967.0,9.41,1.8,32.47,Universal Analysis Mode,Warning,Maintenance inspection recommended soon.
MAR,504,1967,100820.0,9.16,1.8,31.26,Universal Analysis Mode,Warning,Maintenance inspection recommended soon.
MAR,504,1968,84699.0,8.8,1.8,31.09,Universal Analysis Mode,Warning,Maintenance inspection recommended soon.
MAR,504,1969,60792.0,8.35,1.8,31.26,Universal Analysis Mode,Warning,Maintenance inspection recommended soon.
MAR,504,1970,44000.0,7.88,1.8,30.52,Universal Analysis Mode,Warning,Maintenance inspection recommended soon.
MAR,504,1971,23000.0,9.41,2.24,31.0,Universal Analysis Mode,Warning,Maintenance inspection recommended soon.
MAR,504,1972,28000.0,10.09,2.48,31.01,Universal Analysis Mode,Warning,Maintenance inspection recommended soon.
MAR,504,1973,42000.0,12.59,3.29,31.08,Universal Analysis Mode,Warning,Maintenance inspection recommended soon.
MAR,504,1974,25000.0,39.93,11.58,34.48,Universal Analysis Mode,Warning,Maintenance inspection recommended soon.
MAR,504,1975,20000.0,36.44,11.53,33.16,Universal Analysis Mode,Warning,Maintenance inspection recommended soon.
MAR,504,1976,9000.0,38.23,12.8,34.96,Universal Analysis Mode,Warning,Maintenance inspection recommended soon.
MAR,504,1977,22000.0,39.04,13.92,38.19,Universal Analysis Mode,Warning,Maintenance inspection recommended soon.
MAR,504,1978,24000.0,36.54,14.02,38.54,Universal Analysis Mode,Warning,Maintenance inspection recommended soon.
MAR,504,1979,19000.0,74.02,31.61,43.76,Universal Analysis Mode,Warning,Maintenance inspection recommended soon.
MAR,504,1980,14000.0,75.97,36.83,44.93,Universal Analysis Mode,Warning,Maintenance inspection recommended soon.
MAR,504,1981,19000.0,67.14,35.93,46.38,Universal Analysis Mode,Warning,Maintenance inspection recommended soon.
MAR,504,1982,16000.0,58.02,32.97,44.79,Universal Analysis Mode,Warning,Maintenance inspection recommended soon.
MAR,504,1983,17000.0,50.39,29.55,44.32,Universal Analysis Mode,Warning,Maintenance inspection recommended soon.
MAR,504,1984,16000.0,45.82,28.78,42.77,Universal Analysis Mode,Warning,Maintenance inspection recommended soon.
MAR,504,1985,22000.0,43.43,27.56,42.64,Universal Analysis Mode,Warning,Maintenance inspection recommended soon.
MAR,504,1986,23000.0,22.22,14.43,37.08,Universal Analysis Mode,Warning,Maintenance inspection recommended soon.
MAR,504,1987,18000.0,27.46,18.44,34.84,Universal Analysis Mode,Warning,Maintenance inspection recommended soon.
MAR,504,1988,20000.0,21.42,14.92,33.31,Universal Analysis Mode,Warning,Maintenance inspection recommended soon.
MAR,504,1989,13000.0,24.87,18.23,32.69,Universal Analysis Mode,Warning,Maintenance inspection recommended soon.
MAR,504,1990,15000.0,30.88,23.73,34.49,Universal Analysis Mode,Warning,Maintenance inspection recommended soon.
MAR,504,1991,12000.0,24.95,20.0,33.91,Universal Analysis Mode,Warning,Maintenance inspection recommended soon.
MAR,504,1992,11000.0,23.39,19.32,31.88,Universal Analysis Mode,Warning,Maintenance inspection recommended soon.
MAR,504,1993,10000.0,20.01,16.97,29.17,Universal Analysis Mode,Healthy,Machine is safe. Continue regular monitoring.
MAR,504,1994,8000.0,18.26,15.82,31.11,Universal Analysis Mode,Warning,Maintenance inspection recommended soon.
MAR,504,1995,5000.0,19.1,17.02,31.11,Universal Analysis Mode,Warning,Maintenance inspection recommended soon.
MAR,504,1996,5000.0,22.48,20.67,31.91,Universal Analysis Mode,Warning,Maintenance inspection recommended soon.
MAR,504,1997,12000.0,20.38,19.09,32.19,Universal Analysis Mode,Warning,Maintenance inspection recommended soon.
MAR,504,1998,12000.0,13.62,12.72,30.74,Universal Analysis Mode,Warning,Maintenance inspection recommended soon.
MAR,504,1999,11000.0,18.56,17.97,31.41,Universal Analysis Mode,Warning,Maintenance inspection recommended soon.
MAR,504,2000,16000.0,28.5,28.5,36.36,Universal Analysis Mode,Warning,Maintenance inspection recommended soon.
MAR,504,2001,19920.0,23.7,24.44,36.38,Universal Analysis Mode,Warning,Maintenance inspection recommended soon.
MAR,504,2002,12948.0,23.72,25.02,35.37,Universal Analysis Mode,Warning,Maintenance inspection recommended soon.
MAR,504,2003,9960.0,26.54,28.83,38.29,Universal Analysis Mode,Warning,Maintenance inspection recommended soon.
MAR,504,2004,9960.0,34.3,38.26,38.86,Universal Analysis Mode,Warning,Maintenance inspection recommended soon.
MAR,504,2005,24900.0,47.26,54.52,40.64,Universal Analysis Mode,Warning,Maintenance inspection recommended soon.
MAR,504,2006,24900.0,55.37,65.14,40.14,Universal Analysis Mode,Warning,Maintenance inspection recommended soon.
MAR,504,2007,24900.0,60.12,72.39,40.03,Universal Analysis Mode,Warning,Maintenance inspection recommended soon.
MAR,504,2008,24900.0,77.79,97.26,42.11,Universal Analysis Mode,Warning,Maintenance inspection recommended soon.
MAR,504,2009,24900.0,49.5,61.67,37.14,Universal Analysis Mode,Warning,Maintenance inspection recommended soon.
MAR,504,2010,24900.0,62.78,79.5,36.91,Universal Analysis Mode,Warning,Maintenance inspection recommended soon.
MAR,504,2011,24900.0,85.17,111.26,36.95,Universal Analysis Mode,Warning,Maintenance inspection recommended soon.
MAR,504,2012,24900.0,83.75,111.67,35.63,Universal Analysis Mode,Warning,Maintenance inspection recommended soon.
MAR,504,2013,24900.0,80.32,108.66,41.35,Universal Analysis Mode,Warning,Maintenance inspection recommended soon.
MAR,504,2014,24900.0,71.97,98.95,44.01,Universal Analysis Mode,Warning,Maintenance inspection recommended soon.
MOZ,508,1932,49800.0,10.86,0.87,29.31,Universal Analysis Mode,Healthy,Machine is safe. Continue regular monitoring.
MOZ,508,1933,49800.0,8.82,0.67,29.29,Universal Analysis Mode,Healthy,Machine is safe. Continue regular monitoring.
MOZ,508,1934,49800.0,12.72,1.0,29.77,Universal Analysis Mode,Healthy,Machine is safe. Continue regular monitoring.
MOZ,508,1935,49800.0,12.04,0.97,29.42,Universal Analysis Mode,Healthy,Machine is safe. Continue regular monitoring.
MOZ,508,1936,49800.0,13.38,1.09,29.73,Universal Analysis Mode,Healthy,Machine is safe. Continue regular monitoring.
MOZ,508,1937,49800.0,13.98,1.18,29.49,Universal Analysis Mode,Healthy,Machine is safe. Continue regular monitoring.
MOZ,508,1938,49800.0,13.66,1.13,29.52,Universal Analysis Mode,Healthy,Machine is safe. Continue regular monitoring.
MOZ,508,1939,49800.0,12.5,1.02,29.45,Universal Analysis Mode,Healthy,Machine is safe. Continue regular monitoring.
MOZ,508,1940,49800.0,12.38,1.02,29.37,Universal Analysis Mode,Healthy,Machine is safe. Continue regular monitoring.
MOZ,508,1941,49800.0,13.18,1.14,29.4,Universal Analysis Mode,Healthy,Machine is safe. Continue regular monitoring.
MOZ,508,1942,49800.0,12.42,1.19,29.21,Universal Analysis Mode,Healthy,Machine is safe. Continue regular monitoring.
MOZ,508,1943,49800.0,11.81,1.2,28.96,Universal Analysis Mode,Healthy,Machine is safe. Continue regular monitoring.
MOZ,508,1944,49800.0,11.71,1.21,28.92,Universal Analysis Mode,Healthy,Machine is safe. Continue regular monitoring.
MOZ,508,1945,49800.0,9.93,1.05,28.58,Universal Analysis Mode,Healthy,Machine is safe. Continue regular monitoring.
MOZ,508,1946,49800.0,9.77,1.12,28.47,Universal Analysis Mode,Healthy,Machine is safe. Continue regular monitoring.
MOZ,508,1947,49800.0,14.48,1.9,29.42,Universal Analysis Mode,Healthy,Machine is safe. Continue regular monitoring.
MOZ,508,1948,49800.0,14.07,1.99,29.44,Universal Analysis Mode,Healthy,Machine is safe. Continue regular monitoring.
MOZ,508,1949,49800.0,12.71,1.78,28.99,Universal Analysis Mode,Healthy,Machine is safe. Continue regular monitoring.
MOZ,508,1950,49800.0,12.08,1.71,28.88,Universal Analysis Mode,Healthy,Machine is safe. Continue regular monitoring.
MOZ,508,1951,49800.0,11.2,1.71,28.69,Universal Analysis Mode,Healthy,Machine is safe. Continue regular monitoring.
MOZ,508,1952,49800.0,10.96,1.71,28.68,Universal Analysis Mode,Healthy,Machine is safe. Continue regular monitoring.
MOZ,508,1953,49800.0,12.27,1.93,29.47,Universal Analysis Mode,Healthy,Machine is safe. Continue regular monitoring.
MOZ,508,1954,49800.0,12.21,1.93,29.39,Universal Analysis Mode,Healthy,Machine is safe. Continue regular monitoring.
MOZ,508,1955,49800.0,12.27,1.93,29.05,Universal Analysis Mode,Healthy,Machine is safe. Continue regular monitoring.
MOZ,508,1956,49800.0,12.07,1.93,29.05,Universal Analysis Mode,Healthy,Machine is safe. Continue regular monitoring.
MOZ,508,1957,49800.0,11.48,1.9,28.8,Universal Analysis Mode,Healthy,Machine is safe. Continue regular monitoring.
MOZ,508,1958,49800.0,12.25,2.08,29.26,Universal Analysis Mode,Healthy,Machine is safe. Continue regular monitoring.
MOZ,508,1959,49800.0,12.14,2.08,29.31,Universal Analysis Mode,Healthy,Machine is safe. Continue regular monitoring.
MOZ,508,1960,49800.0,10.91,1.9,29.26,Universal Analysis Mode,Healthy,Machine is safe. Continue regular monitoring.
MOZ,508,1961,49800.0,10.24,1.8,29.23,Universal Analysis Mode,Healthy,Machine is safe. Continue regular monitoring.
MOZ,508,1962,49800.0,10.12,1.8,30.11,Universal Analysis Mode,Warning,Maintenance inspection recommended soon.
MOZ,508,1963,49800.0,9.99,1.8,29.96,Universal Analysis Mode,Healthy,Machine is safe. Continue regular monitoring.
MOZ,508,1964,49800.0,9.86,1.8,29.07,Universal Analysis Mode,Healthy,Machine is safe. Continue regular monitoring.
MOZ,508,1965,49800.0,9.71,1.8,29.7,Universal Analysis Mode,Healthy,Machine is safe. Continue regular monitoring.
MOZ,508,1966,49800.0,9.41,1.8,29.08,Universal Analysis Mode,Healthy,Machine is safe. Continue regular monitoring.
MOZ,508,1967,49800.0,9.16,1.8,28.98,Universal Analysis Mode,Healthy,Machine is safe. Continue regular monitoring.
MOZ,508,1968,49800.0,8.8,1.8,28.77,Universal Analysis Mode,Healthy,Machine is safe. Continue regular monitoring.
MOZ,508,1969,49800.0,8.35,1.8,28.92,Universal Analysis Mode,Healthy,Machine is safe. Continue regular monitoring.
MOZ,508,1970,49800.0,7.88,1.8,28.69,Universal Analysis Mode,Healthy,Machine is safe. Continue regular monitoring.
MOZ,508,1971,49800.0,9.41,2.24,29.05,Universal Analysis Mode,Healthy,Machine is safe. Continue regular monitoring.
MOZ,508,1972,49800.0,10.09,2.48,29.1,Universal Analysis Mode,Healthy,Machine is safe. Continue regular monitoring.
MOZ,508,1973,49800.0,12.59,3.29,29.38,Universal Analysis Mode,Healthy,Machine is safe. Continue regular monitoring.
MOZ,508,1974,49800.0,39.93,11.58,31.3,Universal Analysis Mode,Warning,Maintenance inspection recommended soon.
MOZ,508,1975,0.0,36.44,11.53,28.03,Universal Analysis Mode,Healthy,Machine is safe. Continue regular monitoring.
MOZ,508,1976,0.0,38.23,12.8,29.66,Universal Analysis Mode,Healthy,Machine is safe. Continue regular monitoring.
MOZ,508,1977,0.0,39.04,13.92,30.9,Universal Analysis Mode,Warning,Maintenance inspection recommended soon.
MOZ,508,1978,0.0,36.54,14.02,30.6,Universal Analysis Mode,Warning,Maintenance inspection recommended soon.
MOZ,508,1979,0.0,74.02,31.61,33.01,Universal Analysis Mode,Warning,Maintenance inspection recommended soon.
MOZ,508,1980,0.0,75.97,36.83,34.26,Universal Analysis Mode,Warning,Maintenance inspection recommended soon.
MOZ,508,1981,0.0,67.14,35.93,34.77,Universal Analysis Mode,Warning,Maintenance inspection recommended soon.
MOZ,508,1982,0.0,58.02,32.97,34.88,Universal Analysis Mode,Warning,Maintenance inspection recommended soon.
MOZ,508,1983,0.0,50.39,29.55,34.5,Universal Analysis Mode,Warning,Maintenance inspection recommended soon.
MOZ,508,1984,0.0,45.82,28.78,34.13,Universal Analysis Mode,Warning,Maintenance inspection recommended soon.
MOZ,508,1985,0.0,43.43,27.56,33.87,Universal Analysis Mode,Warning,Maintenance inspection recommended soon.
MOZ,508,1986,0.0,22.22,14.43,31.47,Universal Analysis Mode,Warning,Maintenance inspection recommended soon.
MOZ,508,1987,0.0,27.46,18.44,30.51,Universal Analysis Mode,Warning,Maintenance inspection recommended soon.
MOZ,508,1988,0.0,21.42,14.92,28.88,Universal Analysis Mode,Healthy,Machine is safe. Continue regular monitoring.
MOZ,508,1989,0.0,24.87,18.23,29.34,Universal Analysis Mode,Healthy,Machine is safe. Continue regular monitoring.
MOZ,508,1990,0.0,30.88,23.73,31.32,Universal Analysis Mode,Warning,Maintenance inspection recommended soon.
MOZ,508,1991,0.0,24.95,20.0,31.22,Universal Analysis Mode,Warning,Maintenance inspection recommended soon.
MOZ,508,1992,0.0,23.39,19.32,29.71,Universal Analysis Mode,Healthy,Machine is safe. Continue regular monitoring.
MOZ,508,1993,0.0,20.01,16.97,29.35,Universal Analysis Mode,Healthy,Machine is safe. Continue regular monitoring.
MOZ,508,1994,0.0,18.26,15.82,28.9,Universal Analysis Mode,Healthy,Machine is safe. Continue regular monitoring.
MOZ,508,1995,0.0,19.1,17.02,28.93,Universal Analysis Mode,Healthy,Machine is safe. Continue regular monitoring.
MOZ,508,1996,0.0,22.48,20.67,29.75,Universal Analysis Mode,Healthy,Machine is safe. Continue regular monitoring.
MOZ,508,1997,0.0,20.38,19.09,29.62,Universal Analysis Mode,Healthy,Machine is safe. Continue regular monitoring.
MOZ,508,1998,0.0,13.62,12.72,28.63,Universal Analysis Mode,Healthy,Machine is safe. Continue regular monitoring.
MOZ,508,1999,0.0,18.56,17.97,29.41,Universal Analysis Mode,Healthy,Machine is safe. Continue regular monitoring.
MOZ,508,2000,0.0,28.5,28.5,32.62,Universal Analysis Mode,Warning,Maintenance inspection recommended soon.
MOZ,508,2001,0.0,23.7,24.44,37.66,Universal Analysis Mode,Warning,Maintenance inspection recommended soon.
MOZ,508,2002,0.0,23.72,25.02,37.25,Universal Analysis Mode,Warning,Maintenance inspection recommended soon.
MOZ,508,2003,0.0,26.54,28.83,41.0,Universal Analysis Mode,Warning,Maintenance inspection recommended soon.
MOZ,508,2004,0.0,34.3,38.26,45.96,Universal Analysis Mode,Warning,Maintenance inspection recommended soon.
MOZ,508,2005,0.0,47.26,54.52,51.75,Universal Analysis Mode,Warning,Maintenance inspection recommended soon.
MOZ,508,2006,0.0,55.37,65.14,55.04,Universal Analysis Mode,Warning,Maintenance inspection recommended soon.
MOZ,508,2007,0.0,60.12,72.39,55.5,Universal Analysis Mode,Warning,Maintenance inspection recommended soon.
MOZ,508,2008,0.0,77.79,97.26,56.41,Universal Analysis Mode,Warning,Maintenance inspection recommended soon.
MOZ,508,2009,0.0,49.5,61.67,52.83,Universal Analysis Mode,Warning,Maintenance inspection recommended soon.
MOZ,508,2010,0.0,62.78,79.5,52.44,Universal Analysis Mode,Warning,Maintenance inspection recommended soon.
MOZ,508,2011,0.0,85.17,111.26,51.97,Universal Analysis Mode,Warning,Maintenance inspection recommended soon.
MOZ,508,2012,0.0,83.75,111.67,50.62,Universal Analysis Mode,Warning,Maintenance inspection recommended soon.
MOZ,508,2013,0.0,80.32,108.66,49.02,Universal Analysis Mode,Warning,Maintenance inspection recommended soon.
MOZ,508,2014,0.0,71.97,98.95,47.78,Universal Analysis Mode,Warning,Maintenance inspection recommended soon.
MMR,104,1932,49800.0,10.86,0.87,30.17,Universal Analysis Mode,Warning,Maintenance inspection recommended soon.
MMR,104,1933,49800.0,8.82,0.67,30.18,Universal Analysis Mode,Warning,Maintenance inspection recommended soon.
MMR,104,1934,38934.0,12.72,1.0,28.54,Universal Analysis Mode,Healthy,Machine is safe. Continue regular monitoring.
MMR,104,1935,981011.0,12.04,0.97,40.09,Universal Analysis Mode,Warning,Maintenance inspection recommended soon.
MMR,104,1936,1036612.0,13.38,1.09,41.18,Universal Analysis Mode,Warning,Maintenance inspection recommended soon.
MMR,104,1937,1072131.0,13.98,1.18,41.4,Universal Analysis Mode,Warning,Maintenance inspection recommended soon.
MMR,104,1938,1029781.0,13.66,1.13,41.05,Universal Analysis Mode,Warning,Maintenance inspection recommended soon.
MMR,104,1939,1075546.0,12.5,1.02,40.74,Universal Analysis Mode,Warning,Maintenance inspection recommended soon.
MMR,104,1940,1056148.0,12.38,1.02,40.54,Universal Analysis Mode,Warning,Maintenance inspection recommended soon.
MMR,104,1941,1060383.0,13.18,1.14,40.95,Universal Analysis Mode,Warning,Maintenance inspection recommended soon.
MMR,104,1942,341530.0,12.42,1.19,34.77,Universal Analysis Mode,Warning,Maintenance inspection recommended soon.
MMR,104,1943,136612.0,11.81,1.2,29.79,Universal Analysis Mode,Healthy,Machine is safe. Continue regular monitoring.
MMR,104,1944,102459.0,11.71,1.21,29.6,Universal Analysis Mode,Healthy,Machine is safe. Continue regular monitoring.
MMR,104,1945,99044.0,9.93,1.05,29.23,Universal Analysis Mode,Healthy,Machine is safe. Continue regular monitoring.
MMR,104,1946,2049.0,9.77,1.12,27.61,Universal Analysis Mode,Healthy,Machine is safe. Continue regular monitoring.
MMR,104,1947,8060.0,14.48,1.9,28.6,Universal Analysis Mode,Healthy,Machine is safe. Continue regular monitoring.
MMR,104,1948,46585.0,14.07,1.99,29.2,Universal Analysis Mode,Healthy,Machine is safe. Continue regular monitoring.
MMR,104,1949,33880.0,12.71,1.78,28.89,Universal Analysis Mode,Healthy,Machine is safe. Continue regular monitoring.
MMR,104,1950,72678.0,12.08,1.71,29.25,Universal Analysis Mode,Healthy,Machine is safe. Continue regular monitoring.
MMR,104,1951,117213.0,11.2,1.71,30.36,Universal Analysis Mode,Warning,Maintenance inspection recommended soon.
MMR,104,1952,128689.0,10.96,1.71,30.42,Universal Analysis Mode,Warning,Maintenance inspection recommended soon.
MMR,104,1953,143579.0,12.27,1.93,31.03,Universal Analysis Mode,Warning,Maintenance inspection recommended soon.
MMR,104,1954,183743.0,12.21,1.93,32.92,Universal Analysis Mode,Warning,Maintenance inspection recommended soon.
MMR,104,1955,216120.0,12.27,1.93,35.27,Universal Analysis Mode,Warning,Maintenance inspection recommended soon.
MMR,104,1956,250956.0,12.07,1.93,35.61,Universal Analysis Mode,Warning,Maintenance inspection recommended soon.
MMR,104,1957,404098.0,11.48,1.9,38.62,Universal Analysis Mode,Warning,Maintenance inspection recommended soon.
MMR,104,1958,471858.0,12.25,2.08,40.54,Universal Analysis Mode,Warning,Maintenance inspection recommended soon.
MMR,104,1959,541940.0,12.14,2.08,41.16,Universal Analysis Mode,Warning,Maintenance inspection recommended soon.
MMR,104,1960,557104.0,10.91,1.9,40.79,Universal Analysis Mode,Warning,Maintenance inspection recommended soon.
MMR,104,1961,572951.0,10.24,1.8,40.68,Universal Analysis Mode,Warning,Maintenance inspection recommended soon.
MMR,104,1962,596448.0,10.12,1.8,41.75,Universal Analysis Mode,Warning,Maintenance inspection recommended soon.
MMR,104,1963,650410.0,9.99,1.8,41.93,Universal Analysis Mode,Warning,Maintenance inspection recommended soon.
MMR,104,1964,568852.0,9.86,1.8,37.3,Universal Analysis Mode,Warning,Maintenance inspection recommended soon.
MMR,104,1965,555328.0,9.71,1.8,37.79,Universal Analysis Mode,Warning,Maintenance inspection recommended soon.
MMR,104,1966,581284.0,9.41,1.8,37.26,Universal Analysis Mode,Warning,Maintenance inspection recommended soon.
MMR,104,1967,625683.0,9.16,1.8,37.39,Universal Analysis Mode,Warning,Maintenance inspection recommended soon.
MMR,104,1968,769672.0,8.8,1.8,41.04,Universal Analysis Mode,Warning,Maintenance inspection recommended soon.
MMR,104,1969,826503.0,8.35,1.8,41.8,Universal Analysis Mode,Warning,Maintenance inspection recommended soon.
MMR,104,1970,798000.0,7.88,1.8,41.85,Universal Analysis Mode,Warning,Maintenance inspection recommended soon.
MMR,104,1971,872000.0,9.41,2.24,43.78,Universal Analysis Mode,Warning,Maintenance inspection recommended soon.
MMR,104,1972,968000.0,10.09,2.48,44.87,Universal Analysis Mode,Warning,Maintenance inspection recommended soon.
MMR,104,1973,981000.0,12.59,3.29,46.13,Universal Analysis Mode,Warning,Maintenance inspection recommended soon.
MMR,104,1974,894000.0,39.93,11.58,51.08,Universal Analysis Mode,Warning,Maintenance inspection recommended soon.
MMR,104,1975,955000.0,36.44,11.53,51.43,Universal Analysis Mode,Warning,Maintenance inspection recommended soon.
MMR,104,1976,1159000.0,38.23,12.8,53.29,Universal Analysis Mode,Warning,Maintenance inspection recommended soon.
MMR,104,1977,1343000.0,39.04,13.92,54.74,Universal Analysis Mode,Warning,Maintenance inspection recommended soon.
MMR,104,1978,1352000.0,36.54,14.02,54.42,Universal Analysis Mode,Warning,Maintenance inspection recommended soon.
MMR,104,1979,1415000.0,74.02,31.61,57.39,Universal Analysis Mode,Warning,Maintenance inspection recommended soon.
MMR,104,1980,1559000.0,75.97,36.83,58.87,Universal Analysis Mode,Warning,Maintenance inspection recommended soon.
MMR,104,1981,1478000.0,67.14,35.93,59.24,Universal Analysis Mode,Warning,Maintenance inspection recommended soon.
MMR,104,1982,1385000.0,58.02,32.97,59.28,Universal Analysis Mode,Warning,Maintenance inspection recommended soon.
MMR,104,1983,1438000.0,50.39,29.55,58.84,Universal Analysis Mode,Warning,Maintenance inspection recommended soon.
MMR,104,1984,1585000.0,45.82,28.78,58.57,Universal Analysis Mode,Warning,Maintenance inspection recommended soon.
MMR,104,1985,1451000.0,43.43,27.56,58.28,Universal Analysis Mode,Warning,Maintenance inspection recommended soon.
MMR,104,1986,1430000.0,22.22,14.43,55.56,Universal Analysis Mode,Warning,Maintenance inspection recommended soon.
MMR,104,1987,979000.0,27.46,18.44,54.21,Universal Analysis Mode,Warning,Maintenance inspection recommended soon.
MMR,104,1988,762000.0,21.42,14.92,49.11,Universal Analysis Mode,Warning,Maintenance inspection recommended soon.
MMR,104,1989,889000.0,24.87,18.23,52.48,Universal Analysis Mode,Warning,Maintenance inspection recommended soon.
MMR,104,1990,825000.0,30.88,23.73,51.15,Universal Analysis Mode,Warning,Maintenance inspection recommended soon.
MMR,104,1991,700000.0,24.95,20.0,50.56,Universal Analysis Mode,Warning,Maintenance inspection recommended soon.
MMR,104,1992,750000.0,23.39,19.32,49.54,Universal Analysis Mode,Warning,Maintenance inspection recommended soon.
MMR,104,1993,700000.0,20.01,16.97,49.03,Universal Analysis Mode,Warning,Maintenance inspection recommended soon.
MMR,104,1994,800000.0,18.26,15.82,48.63,Universal Analysis Mode,Warning,Maintenance inspection recommended soon.
MMR,104,1995,473000.0,19.1,17.02,48.2,Universal Analysis Mode,Warning,Maintenance inspection recommended soon.
MMR,104,1996,401000.0,22.48,20.67,48.84,Universal Analysis Mode,Warning,Maintenance inspection recommended soon.
MMR,104,1997,395000.0,20.38,19.09,48.46,Universal Analysis Mode,Warning,Maintenance inspection recommended soon.
MMR,104,1998,382000.0,13.62,12.72,46.3,Universal Analysis Mode,Warning,Maintenance inspection recommended soon.
MMR,104,1999,434000.0,18.56,17.97,51.25,Universal Analysis Mode,Warning,Maintenance inspection recommended soon.
MMR,104,2000,411000.0,28.5,28.5,58.48,Universal Analysis Mode,Warning,Maintenance inspection recommended soon.
MMR,104,2001,498000.0,23.7,24.44,58.63,Universal Analysis Mode,Warning,Maintenance inspection recommended soon.
MMR,104,2002,871186.8,23.72,25.02,58.48,Universal Analysis Mode,Warning,Maintenance inspection recommended soon.
MMR,104,2003,982625.6,26.54,28.83,61.1,Universal Analysis Mode,Warning,Maintenance inspection recommended soon.
MMR,104,2004,976624.0,34.3,38.26,64.35,Universal Analysis Mode,Warning,Maintenance inspection recommended soon.
MMR,104,2005,1109341.2,47.26,54.52,69.54,Universal Analysis Mode,Warning,Maintenance inspection recommended soon.
MMR,104,2006,1046870.0,55.37,65.14,68.66,Universal Analysis Mode,Warning,Maintenance inspection recommended soon.
MMR,104,2007,1053849.67,60.12,72.39,68.7,Universal Analysis Mode,Warning,Maintenance inspection recommended soon.
MMR,104,2008,1063375.91,77.79,97.26,69.48,Universal Analysis Mode,Warning,Maintenance inspection recommended soon.
MMR,104,2009,900629.51,49.5,61.67,65.63,Universal Analysis Mode,Warning,Maintenance inspection recommended soon.
MMR,104,2010,1012372.75,62.78,79.5,61.51,Universal Analysis Mode,Warning,Maintenance inspection recommended soon.
MMR,104,2011,996000.0,85.17,111.26,58.42,Universal Analysis Mode,Warning,Maintenance inspection recommended soon.
MMR,104,2012,996000.0,83.75,111.67,59.09,Universal Analysis Mode,Warning,Maintenance inspection recommended soon.
MMR,104,2013,996000.0,80.32,108.66,57.95,Universal Analysis Mode,Warning,Maintenance inspection recommended soon.
MMR,104,2014,996000.0,71.97,98.95,56.75,Universal Analysis Mode,Warning,Maintenance inspection recommended soon.
NAM,516,1932,49800.0,10.86,0.87,29.34,Universal Analysis Mode,Healthy,Machine is safe. Continue regular monitoring.
NAM,516,1933,49800.0,8.82,0.67,29.32,Universal Analysis Mode,Healthy,Machine is safe. Continue regular monitoring.
NAM,516,1934,49800.0,12.72,1.0,29.8,Universal Analysis Mode,Healthy,Machine is safe. Continue regular monitoring.
NAM,516,1935,49800.0,12.04,0.97,29.44,Universal Analysis Mode,Healthy,Machine is safe. Continue regular monitoring.
NAM,516,1936,49800.0,13.38,1.09,29.75,Universal Analysis Mode,Healthy,Machine is safe. Continue regular monitoring.
NAM,516,1937,49800.0,13.98,1.18,29.51,Universal Analysis Mode,Healthy,Machine is safe. Continue regular monitoring.
NAM,516,1938,49800.0,13.66,1.13,29.54,Universal Analysis Mode,Healthy,Machine is safe. Continue regular monitoring.
NAM,516,1939,49800.0,12.5,1.02,29.47,Universal Analysis Mode,Healthy,Machine is safe. Continue regular monitoring.
NAM,516,1940,49800.0,12.38,1.02,29.4,Universal Analysis Mode,Healthy,Machine is safe. Continue regular monitoring.
NAM,516,1941,49800.0,13.18,1.14,29.42,Universal Analysis Mode,Healthy,Machine is safe. Continue regular monitoring.
NAM,516,1942,49800.0,12.42,1.19,29.23,Universal Analysis Mode,Healthy,Machine is safe. Continue regular monitoring.
NAM,516,1943,49800.0,11.81,1.2,28.98,Universal Analysis Mode,Healthy,Machine is safe. Continue regular monitoring.
NAM,516,1944,49800.0,11.71,1.21,28.94,Universal Analysis Mode,Healthy,Machine is safe. Continue regular monitoring.
NAM,516,1945,49800.0,9.93,1.05,28.6,Universal Analysis Mode,Healthy,Machine is safe. Continue regular monitoring.
NAM,516,1946,49800.0,9.77,1.12,28.49,Universal Analysis Mode,Healthy,Machine is safe. Continue regular monitoring.
NAM,516,1947,49800.0,14.48,1.9,29.44,Universal Analysis Mode,Healthy,Machine is safe. Continue regular monitoring.
NAM,516,1948,49800.0,14.07,1.99,29.46,Universal Analysis Mode,Healthy,Machine is safe. Continue regular monitoring.
NAM,516,1949,49800.0,12.71,1.78,29.02,Universal Analysis Mode,Healthy,Machine is safe. Continue regular monitoring.
NAM,516,1950,49800.0,12.08,1.71,27.87,Universal Analysis Mode,Healthy,Machine is safe. Continue regular monitoring.
NAM,516,1951,49800.0,11.2,1.71,27.68,Universal Analysis Mode,Healthy,Machine is safe. Continue regular monitoring.
NAM,516,1952,49800.0,10.96,1.71,27.66,Universal Analysis Mode,Healthy,Machine is safe. Continue regular monitoring.
NAM,516,1953,49800.0,12.27,1.93,28.17,Universal Analysis Mode,Healthy,Machine is safe. Continue regular monitoring.
NAM,516,1954,49800.0,12.21,1.93,28.07,Universal Analysis Mode,Healthy,Machine is safe. Continue regular monitoring.
NAM,516,1955,49800.0,12.27,1.93,27.72,Universal Analysis Mode,Healthy,Machine is safe. Continue regular monitoring.
NAM,516,1956,49800.0,12.07,1.93,27.7,Universal Analysis Mode,Healthy,Machine is safe. Continue regular monitoring.
NAM,516,1957,49800.0,11.48,1.9,27.43,Universal Analysis Mode,Healthy,Machine is safe. Continue regular monitoring.
NAM,516,1958,49800.0,12.25,2.08,27.88,Universal Analysis Mode,Healthy,Machine is safe. Continue regular monitoring.
NAM,516,1959,49800.0,12.14,2.08,27.9,Universal Analysis Mode,Healthy,Machine is safe. Continue regular monitoring.
NAM,516,1960,49800.0,10.91,1.9,27.84,Universal Analysis Mode,Healthy,Machine is safe. Continue regular monitoring.
NAM,516,1961,49800.0,10.24,1.8,27.78,Universal Analysis Mode,Healthy,Machine is safe. Continue regular monitoring.
NAM,516,1962,49800.0,10.12,1.8,28.65,Universal Analysis Mode,Healthy,Machine is safe. Continue regular monitoring.
NAM,516,1963,49800.0,9.99,1.8,28.48,Universal Analysis Mode,Healthy,Machine is safe. Continue regular monitoring.
NAM,516,1964,49800.0,9.86,1.8,27.56,Universal Analysis Mode,Healthy,Machine is safe. Continue regular monitoring.
NAM,516,1965,49800.0,9.71,1.8,28.17,Universal Analysis Mode,Healthy,Machine is safe. Continue regular monitoring.
NAM,516,1966,49800.0,9.41,1.8,27.52,Universal Analysis Mode,Healthy,Machine is safe. Continue regular monitoring.
NAM,516,1967,49800.0,9.16,1.8,27.4,Universal Analysis Mode,Healthy,Machine is safe. Continue regular monitoring.
NAM,516,1968,49800.0,8.8,1.8,27.16,Universal Analysis Mode,Healthy,Machine is safe. Continue regular monitoring.
NAM,516,1969,49800.0,8.35,1.8,27.27,Universal Analysis Mode,Healthy,Machine is safe. Continue regular monitoring.
NAM,516,1970,49800.0,7.88,1.8,27.03,Universal Analysis Mode,Healthy,Machine is safe. Continue regular monitoring.
NAM,516,1971,49800.0,9.41,2.24,27.36,Universal Analysis Mode,Healthy,Machine is safe. Continue regular monitoring.
NAM,516,1972,49800.0,10.09,2.48,27.38,Universal Analysis Mode,Healthy,Machine is safe. Continue regular monitoring.
NAM,516,1973,49800.0,12.59,3.29,27.61,Universal Analysis Mode,Healthy,Machine is safe. Continue regular monitoring.
NAM,516,1974,49800.0,39.93,11.58,29.48,Universal Analysis Mode,Healthy,Machine is safe. Continue regular monitoring.
NAM,516,1975,49800.0,36.44,11.53,29.74,Universal Analysis Mode,Healthy,Machine is safe. Continue regular monitoring.
NAM,516,1976,49800.0,38.23,12.8,31.33,Universal Analysis Mode,Warning,Maintenance inspection recommended soon.
NAM,516,1977,49800.0,39.04,13.92,32.52,Universal Analysis Mode,Warning,Maintenance inspection recommended soon.
NAM,516,1978,49800.0,36.54,14.02,32.19,Universal Analysis Mode,Warning,Maintenance inspection recommended soon.
NAM,516,1979,49800.0,74.02,31.61,34.57,Universal Analysis Mode,Warning,Maintenance inspection recommended soon.
NAM,516,1980,49800.0,75.97,36.83,35.8,Universal Analysis Mode,Warning,Maintenance inspection recommended soon.
NAM,516,1981,49800.0,67.14,35.93,36.28,Universal Analysis Mode,Warning,Maintenance inspection recommended soon.
NAM,516,1982,49800.0,58.02,32.97,36.37,Universal Analysis Mode,Warning,Maintenance inspection recommended soon.
NAM,516,1983,49800.0,50.39,29.55,35.97,Universal Analysis Mode,Warning,Maintenance inspection recommended soon.
NAM,516,1984,49800.0,45.82,28.78,35.6,Universal Analysis Mode,Warning,Maintenance inspection recommended soon.
NAM,516,1985,49800.0,43.43,27.56,35.33,Universal Analysis Mode,Warning,Maintenance inspection recommended soon.
NAM,516,1986,49800.0,22.22,14.43,32.93,Universal Analysis Mode,Warning,Maintenance inspection recommended soon.
NAM,516,1987,49800.0,27.46,18.44,32.0,Universal Analysis Mode,Warning,Maintenance inspection recommended soon.
NAM,516,1988,49800.0,21.42,14.92,30.42,Universal Analysis Mode,Warning,Maintenance inspection recommended soon.
NAM,516,1989,49800.0,24.87,18.23,30.89,Universal Analysis Mode,Warning,Maintenance inspection recommended soon.
NAM,516,1990,0.0,30.88,23.73,29.32,Universal Analysis Mode,Healthy,Machine is safe. Continue regular monitoring.
NAM,516,1991,0.0,24.95,20.0,29.2,Universal Analysis Mode,Healthy,Machine is safe. Continue regular monitoring.
NAM,516,1992,0.0,23.39,19.32,27.67,Universal Analysis Mode,Healthy,Machine is safe. Continue regular monitoring.
NAM,516,1993,0.0,20.01,16.97,27.26,Universal Analysis Mode,Healthy,Machine is safe. Continue regular monitoring.
NAM,516,1994,0.0,18.26,15.82,26.7,Universal Analysis Mode,Healthy,Machine is safe. Continue regular monitoring.
NAM,516,1995,0.0,19.1,17.02,26.63,Universal Analysis Mode,Healthy,Machine is safe. Continue regular monitoring.
NAM,516,1996,0.0,22.48,20.67,27.4,Universal Analysis Mode,Healthy,Machine is safe. Continue regular monitoring.
NAM,516,1997,0.0,20.38,19.09,27.22,Universal Analysis Mode,Healthy,Machine is safe. Continue regular monitoring.
NAM,516,1998,0.0,13.62,12.72,26.19,Universal Analysis Mode,Healthy,Machine is safe. Continue regular monitoring.
NAM,516,1999,0.0,18.56,17.97,26.93,Universal Analysis Mode,Healthy,Machine is safe. Continue regular monitoring.
NAM,516,2000,0.0,28.5,28.5,30.1,Universal Analysis Mode,Warning,Maintenance inspection recommended soon.
NAM,516,2001,0.0,23.7,24.44,30.04,Universal Analysis Mode,Warning,Maintenance inspection recommended soon.
NAM,516,2002,0.0,23.72,25.02,29.62,Universal Analysis Mode,Healthy,Machine is safe. Continue regular monitoring.
NAM,516,2003,0.0,26.54,28.83,31.72,Universal Analysis Mode,Warning,Maintenance inspection recommended soon.
NAM,516,2004,0.0,34.3,38.26,32.22,Universal Analysis Mode,Warning,Maintenance inspection recommended soon.
NAM,516,2005,0.0,47.26,54.52,33.47,Universal Analysis Mode,Warning,Maintenance inspection recommended soon.
NAM,516,2006,0.0,55.37,65.14,32.89,Universal Analysis Mode,Warning,Maintenance inspection recommended soon.
NAM,516,2007,0.0,60.12,72.39,32.85,Universal Analysis Mode,Warning,Maintenance inspection recommended soon.
NAM,516,2008,0.0,77.79,97.26,33.51,Universal Analysis Mode,Warning,Maintenance inspection recommended soon.
NAM,516,2009,0.0,49.5,61.67,30.4,Universal Analysis Mode,Warning,Maintenance inspection recommended soon.
NAM,516,2010,0.0,62.78,79.5,31.49,Universal Analysis Mode,Warning,Maintenance inspection recommended soon.
NAM,516,2011,0.0,85.17,111.26,30.96,Universal Analysis Mode,Warning,Maintenance inspection recommended soon.
NAM,516,2012,0.0,83.75,111.67,29.82,Universal Analysis Mode,Healthy,Machine is safe. Continue regular monitoring.
NAM,516,2013,0.0,80.32,108.66,30.06,Universal Analysis Mode,Warning,Maintenance inspection recommended soon.
NAM,516,2014,0.0,71.97,98.95,31.1,Universal Analysis Mode,Warning,Maintenance inspection recommended soon.
NPL,524,1932,49800.0,10.86,0.87,30.16,Universal Analysis Mode,Warning,Maintenance inspection recommended soon.
NPL,524,1933,49800.0,8.82,0.67,30.14,Universal Analysis Mode,Warning,Maintenance inspection recommended soon.
NPL,524,1934,49800.0,12.72,1.0,30.62,Universal Analysis Mode,Warning,Maintenance inspection recommended soon.
NPL,524,1935,49800.0,12.04,0.97,30.27,Universal Analysis Mode,Warning,Maintenance inspection recommended soon.
NPL,524,1936,49800.0,13.38,1.09,30.57,Universal Analysis Mode,Warning,Maintenance inspection recommended soon.
NPL,524,1937,49800.0,13.98,1.18,30.34,Universal Analysis Mode,Warning,Maintenance inspection recommended soon.
NPL,524,1938,49800.0,13.66,1.13,30.37,Universal Analysis Mode,Warning,Maintenance inspection recommended soon.
NPL,524,1939,49800.0,12.5,1.02,30.29,Universal Analysis Mode,Warning,Maintenance inspection recommended soon.
NPL,524,1940,49800.0,12.38,1.02,30.22,Universal Analysis Mode,Warning,Maintenance inspection recommended soon.
NPL,524,1941,49800.0,13.18,1.14,30.25,Universal Analysis Mode,Warning,Maintenance inspection recommended soon.
NPL,524,1942,49800.0,12.42,1.19,30.06,Universal Analysis Mode,Warning,Maintenance inspection recommended soon.
NPL,524,1943,49800.0,11.81,1.2,29.81,Universal Analysis Mode,Healthy,Machine is safe. Continue regular monitoring.
NPL,524,1944,49800.0,11.71,1.21,29.76,Universal Analysis Mode,Healthy,Machine is safe. Continue regular monitoring.
NPL,524,1945,49800.0,9.93,1.05,29.42,Universal Analysis Mode,Healthy,Machine is safe. Continue regular monitoring.
NPL,524,1946,49800.0,9.77,1.12,29.32,Universal Analysis Mode,Healthy,Machine is safe. Continue regular monitoring.
NPL,524,1947,49800.0,14.48,1.9,30.26,Universal Analysis Mode,Warning,Maintenance inspection recommended soon.
NPL,524,1948,49800.0,14.07,1.99,30.29,Universal Analysis Mode,Warning,Maintenance inspection recommended soon.
NPL,524,1949,49800.0,12.71,1.78,29.84,Universal Analysis Mode,Healthy,Machine is safe. Continue regular monitoring.
NPL,524,1950,49800.0,12.08,1.71,30.43,Universal Analysis Mode,Warning,Maintenance inspection recommended soon.
NPL,524,1951,49800.0,11.2,1.71,30.25,Universal Analysis Mode,Warning,Maintenance inspection recommended soon.
NPL,524,1952,49800.0,10.96,1.71,30.24,Universal Analysis Mode,Warning,Maintenance inspection recommended soon.
NPL,524,1953,49800.0,12.27,1.93,30.76,Universal Analysis Mode,Warning,Maintenance inspection recommended soon.
NPL,524,1954,49800.0,12.21,1.93,30.67,Universal Analysis Mode,Warning,Maintenance inspection recommended soon.
NPL,524,1955,49800.0,12.27,1.93,30.33,Universal Analysis Mode,Warning,Maintenance inspection recommended soon.
NPL,524,1956,49800.0,12.07,1.93,30.33,Universal Analysis Mode,Warning,Maintenance inspection recommended soon.
NPL,524,1957,49800.0,11.48,1.9,30.07,Universal Analysis Mode,Warning,Maintenance inspection recommended soon.
NPL,524,1958,49800.0,12.25,2.08,30.52,Universal Analysis Mode,Warning,Maintenance inspection recommended soon.
NPL,524,1959,49800.0,12.14,2.08,30.56,Universal Analysis Mode,Warning,Maintenance inspection recommended soon.
NPL,524,1960,0.0,10.91,1.9,26.17,Universal Analysis Mode,Healthy,Machine is safe. Continue regular monitoring.
NPL,524,1961,0.0,10.24,1.8,26.13,Universal Analysis Mode,Healthy,Machine is safe. Continue regular monitoring.
NPL,524,1962,0.0,10.12,1.8,27.02,Universal Analysis Mode,Healthy,Machine is safe. Continue regular monitoring.
NPL,524,1963,0.0,9.99,1.8,26.87,Universal Analysis Mode,Healthy,Machine is safe. Continue regular monitoring.
NPL,524,1964,0.0,9.86,1.8,25.97,Universal Analysis Mode,Healthy,Machine is safe. Continue regular monitoring.
NPL,524,1965,0.0,9.71,1.8,26.6,Universal Analysis Mode,Healthy,Machine is safe. Continue regular monitoring.
NPL,524,1966,0.0,9.41,1.8,25.97,Universal Analysis Mode,Healthy,Machine is safe. Continue regular monitoring.
NPL,524,1967,0.0,9.16,1.8,25.87,Universal Analysis Mode,Healthy,Machine is safe. Continue regular monitoring.
NPL,524,1968,0.0,8.8,1.8,25.65,Universal Analysis Mode,Healthy,Machine is safe. Continue regular monitoring.
NPL,524,1969,0.0,8.35,1.8,25.79,Universal Analysis Mode,Healthy,Machine is safe. Continue regular monitoring.
NPL,524,1970,0.0,7.88,1.8,25.55,Universal Analysis Mode,Healthy,Machine is safe. Continue regular monitoring.
NPL,524,1971,0.0,9.41,2.24,25.91,Universal Analysis Mode,Healthy,Machine is safe. Continue regular monitoring.
NPL,524,1972,0.0,10.09,2.48,25.94,Universal Analysis Mode,Healthy,Machine is safe. Continue regular monitoring.
NPL,524,1973,0.0,12.59,3.29,26.19,Universal Analysis Mode,Healthy,Machine is safe. Continue regular monitoring.
NPL,524,1974,0.0,39.93,11.58,28.09,Universal Analysis Mode,Healthy,Machine is safe. Continue regular monitoring.
NPL,524,1975,0.0,36.44,11.53,28.37,Universal Analysis Mode,Healthy,Machine is safe. Continue regular monitoring.
NPL,524,1976,0.0,38.23,12.8,29.99,Universal Analysis Mode,Healthy,Machine is safe. Continue regular monitoring.
NPL,524,1977,0.0,39.04,13.92,31.21,Universal Analysis Mode,Warning,Maintenance inspection recommended soon.
NPL,524,1978,0.0,36.54,14.02,30.9,Universal Analysis Mode,Warning,Maintenance inspection recommended soon.
NPL,524,1979,0.0,74.02,31.61,33.31,Universal Analysis Mode,Warning,Maintenance inspection recommended soon.
NPL,524,1980,0.0,75.97,36.83,34.57,Universal Analysis Mode,Warning,Maintenance inspection recommended soon.
NPL,524,1981,0.0,67.14,35.93,35.09,Universal Analysis Mode,Warning,Maintenance inspection recommended soon.
NPL,524,1982,0.0,58.02,32.97,35.21,Universal Analysis Mode,Warning,Maintenance inspection recommended soon.
NPL,524,1983,0.0,50.39,29.55,34.86,Universal Analysis Mode,Warning,Maintenance inspection recommended soon.
NPL,524,1984,0.0,45.82,28.78,34.52,Universal Analysis Mode,Warning,Maintenance inspection recommended soon.
NPL,524,1985,0.0,43.43,27.56,34.28,Universal Analysis Mode,Warning,Maintenance inspection recommended soon.
NPL,524,1986,0.0,22.22,14.43,31.92,Universal Analysis Mode,Warning,Maintenance inspection recommended soon.
NPL,524,1987,0.0,27.46,18.44,31.03,Universal Analysis Mode,Warning,Maintenance inspection recommended soon.
NPL,524,1988,0.0,21.42,14.92,29.49,Universal Analysis Mode,Healthy,Machine is safe. Continue regular monitoring.
NPL,524,1989,0.0,24.87,18.23,29.99,Universal Analysis Mode,Healthy,Machine is safe. Continue regular monitoring.
NPL,524,1990,0.0,30.88,23.73,32.01,Universal Analysis Mode,Warning,Maintenance inspection recommended soon.
NPL,524,1991,0.0,24.95,20.0,31.93,Universal Analysis Mode,Warning,Maintenance inspection recommended soon.
NPL,524,1992,0.0,23.39,19.32,30.45,Universal Analysis Mode,Warning,Maintenance inspection recommended soon.
NPL,524,1993,0.0,20.01,16.97,30.09,Universal Analysis Mode,Warning,Maintenance inspection recommended soon.
NPL,524,1994,0.0,18.26,15.82,29.59,Universal Analysis Mode,Healthy,Machine is safe. Continue regular monitoring.
NPL,524,1995,0.0,19.1,17.02,29.57,Universal Analysis Mode,Healthy,Machine is safe. Continue regular monitoring.
NPL,524,1996,0.0,22.48,20.67,30.39,Universal Analysis Mode,Warning,Maintenance inspection recommended soon.
NPL,524,1997,0.0,20.38,19.09,30.27,Universal Analysis Mode,Warning,Maintenance inspection recommended soon.
NPL,524,1998,0.0,13.62,12.72,29.29,Universal Analysis Mode,Healthy,Machine is safe. Continue regular monitoring.
NPL,524,1999,0.0,18.56,17.97,30.08,Universal Analysis Mode,Warning,Maintenance inspection recommended soon.
NPL,524,2000,0.0,28.5,28.5,33.29,Universal Analysis Mode,Warning,Maintenance inspection recommended soon.
NPL,524,2001,0.0,23.7,24.44,33.26,Universal Analysis Mode,Warning,Maintenance inspection recommended soon.
NPL,524,2002,0.0,23.72,25.02,32.89,Universal Analysis Mode,Warning,Maintenance inspection recommended soon.
NPL,524,2003,0.0,26.54,28.83,35.03,Universal Analysis Mode,Warning,Maintenance inspection recommended soon.
NPL,524,2004,0.0,34.3,38.26,35.56,Universal Analysis Mode,Warning,Maintenance inspection recommended soon.
NPL,524,2005,0.0,47.26,54.52,36.84,Universal Analysis Mode,Warning,Maintenance inspection recommended soon.
NPL,524,2006,0.0,55.37,65.14,36.28,Universal Analysis Mode,Warning,Maintenance inspection recommended soon.
NPL,524,2007,0.0,60.12,72.39,36.27,Universal Analysis Mode,Warning,Maintenance inspection recommended soon.
NPL,524,2008,0.0,77.79,97.26,36.95,Universal Analysis Mode,Warning,Maintenance inspection recommended soon.
NPL,524,2009,0.0,49.5,61.67,33.9,Universal Analysis Mode,Warning,Maintenance inspection recommended soon.
NPL,524,2010,0.0,62.78,79.5,33.19,Universal Analysis Mode,Warning,Maintenance inspection recommended soon.
NPL,524,2011,0.0,85.17,111.26,32.67,Universal Analysis Mode,Warning,Maintenance inspection recommended soon.
NPL,524,2012,0.0,83.75,111.67,31.42,Universal Analysis Mode,Warning,Maintenance inspection recommended soon.
NPL,524,2013,0.0,80.32,108.66,31.67,Universal Analysis Mode,Warning,Maintenance inspection recommended soon.
NPL,524,2014,0.0,71.97,98.95,32.72,Universal Analysis Mode,Warning,Maintenance inspection recommended soon.
NLD,528,1932,49800.0,10.86,0.87,30.8,Universal Analysis Mode,Warning,Maintenance inspection recommended soon.
NLD,528,1933,49800.0,8.82,0.67,30.8,Universal Analysis Mode,Warning,Maintenance inspection recommended soon.
NLD,528,1934,49800.0,12.72,1.0,31.29,Universal Analysis Mode,Warning,Maintenance inspection recommended soon.
NLD,528,1935,49800.0,12.04,0.97,30.96,Universal Analysis Mode,Warning,Maintenance inspection recommended soon.
NLD,528,1936,49800.0,13.38,1.09,31.28,Universal Analysis Mode,Warning,Maintenance inspection recommended soon.
NLD,528,1937,49800.0,13.98,1.18,31.05,Universal Analysis Mode,Warning,Maintenance inspection recommended soon.
NLD,528,1938,49800.0,13.66,1.13,31.1,Universal Analysis Mode,Warning,Maintenance inspection recommended soon.
NLD,528,1939,49800.0,12.5,1.02,31.04,Universal Analysis Mode,Warning,Maintenance inspection recommended soon.
NLD,528,1940,49800.0,12.38,1.02,30.98,Universal Analysis Mode,Warning,Maintenance inspection recommended soon.
NLD,528,1941,49800.0,13.18,1.14,31.02,Universal Analysis Mode,Warning,Maintenance inspection recommended soon.
NLD,528,1942,49800.0,12.42,1.19,30.84,Universal Analysis Mode,Warning,Maintenance inspection recommended soon.
NLD,528,1943,49800.0,11.81,1.2,30.6,Universal Analysis Mode,Warning,Maintenance inspection recommended soon.
NLD,528,1944,1639.0,11.71,1.21,28.58,Universal Analysis Mode,Healthy,Machine is safe. Continue regular monitoring.
NLD,528,1945,5601.0,9.93,1.05,28.27,Universal Analysis Mode,Healthy,Machine is safe. Continue regular monitoring.
NLD,528,1946,59426.0,9.77,1.12,28.53,Universal Analysis Mode,Healthy,Machine is safe. Continue regular monitoring.
NLD,528,1947,201913.0,14.48,1.9,34.61,Universal Analysis Mode,Warning,Maintenance inspection recommended soon.
NLD,528,1948,470355.0,14.07,1.99,39.51,Universal Analysis Mode,Warning,Maintenance inspection recommended soon.
NLD,528,1949,589344.0,12.71,1.78,39.8,Universal Analysis Mode,Warning,Maintenance inspection recommended soon.
NLD,528,1950,668989.0,12.08,1.71,40.15,Universal Analysis Mode,Warning,Maintenance inspection recommended soon.
NLD,528,1951,675137.0,11.2,1.71,39.62,Universal Analysis Mode,Warning,Maintenance inspection recommended soon.
NLD,528,1952,679645.0,10.96,1.71,39.53,Universal Analysis Mode,Warning,Maintenance inspection recommended soon.
NLD,528,1953,778825.0,12.27,1.93,41.38,Universal Analysis Mode,Warning,Maintenance inspection recommended soon.
NLD,528,1954,892760.0,12.21,1.93,42.0,Universal Analysis Mode,Warning,Maintenance inspection recommended soon.
NLD,528,1955,973497.0,12.27,1.93,45.51,Universal Analysis Mode,Warning,Maintenance inspection recommended soon.
NLD,528,1956,1045355.0,12.07,1.93,45.89,Universal Analysis Mode,Warning,Maintenance inspection recommended soon.
NLD,528,1957,1451230.0,11.48,1.9,46.73,Universal Analysis Mode,Warning,Maintenance inspection recommended soon.
NLD,528,1958,1544536.0,12.25,2.08,47.58,Universal Analysis Mode,Warning,Maintenance inspection recommended soon.
NLD,528,1959,1689481.0,12.14,2.08,47.9,Universal Analysis Mode,Warning,Maintenance inspection recommended soon.
NLD,528,1960,1827596.0,10.91,1.9,47.99,Universal Analysis Mode,Warning,Maintenance inspection recommended soon.
NLD,528,1961,1949590.0,10.24,1.8,48.14,Universal Analysis Mode,Warning,Maintenance inspection recommended soon.
NLD,528,1962,2013934.0,10.12,1.8,49.15,Universal Analysis Mode,Warning,Maintenance inspection recommended soon.
NLD,528,1963,2215000.0,9.99,1.8,49.18,Universal Analysis Mode,Warning,Maintenance inspection recommended soon.
NLD,528,1964,2270000.0,9.86,1.8,48.37,Universal Analysis Mode,Warning,Maintenance inspection recommended soon.
NLD,528,1965,2395000.0,9.71,1.8,49.3,Universal Analysis Mode,Warning,Maintenance inspection recommended soon.
NLD,528,1966,2366000.0,9.41,1.8,49.0,Universal Analysis Mode,Warning,Maintenance inspection recommended soon.
NLD,528,1967,2265000.0,9.16,1.8,49.32,Universal Analysis Mode,Warning,Maintenance inspection recommended soon.
NLD,528,1968,2145000.0,8.8,1.8,49.43,Universal Analysis Mode,Warning,Maintenance inspection recommended soon.
NLD,528,1969,1884153.0,8.35,1.8,49.81,Universal Analysis Mode,Warning,Maintenance inspection recommended soon.
NLD,528,1970,1919000.0,7.88,1.8,49.74,Universal Analysis Mode,Warning,Maintenance inspection recommended soon.
NLD,528,1971,1714000.0,9.41,2.24,50.29,Universal Analysis Mode,Warning,Maintenance inspection recommended soon.
NLD,528,1972,1597000.0,10.09,2.48,50.49,Universal Analysis Mode,Warning,Maintenance inspection recommended soon.
NLD,528,1973,1492000.0,12.59,3.29,50.88,Universal Analysis Mode,Warning,Maintenance inspection recommended soon.
NLD,528,1974,1461000.0,39.93,11.58,53.13,Universal Analysis Mode,Warning,Maintenance inspection recommended soon.
NLD,528,1975,1419000.0,36.44,11.53,53.5,Universal Analysis Mode,Warning,Maintenance inspection recommended soon.
NLD,528,1976,1371000.0,38.23,12.8,55.22,Universal Analysis Mode,Warning,Maintenance inspection recommended soon.
NLD,528,1977,1382000.0,39.04,13.92,56.54,Universal Analysis Mode,Warning,Maintenance inspection recommended soon.
NLD,528,1978,1402000.0,36.54,14.02,56.14,Universal Analysis Mode,Warning,Maintenance inspection recommended soon.
NLD,528,1979,1316000.0,74.02,31.61,58.8,Universal Analysis Mode,Warning,Maintenance inspection recommended soon.
NLD,528,1980,1280000.0,75.97,36.83,60.15,Universal Analysis Mode,Warning,Maintenance inspection recommended soon.
NLD,528,1981,1348000.0,67.14,35.93,60.67,Universal Analysis Mode,Warning,Maintenance inspection recommended soon.
NLD,528,1982,1637000.0,58.02,32.97,60.71,Universal Analysis Mode,Warning,Maintenance inspection recommended soon.
NLD,528,1983,2589000.0,50.39,29.55,60.42,Universal Analysis Mode,Warning,Maintenance inspection recommended soon.
NLD,528,1984,3102000.0,45.82,28.78,57.53,Universal Analysis Mode,Warning,Maintenance inspection recommended soon.
NLD,528,1985,3728000.0,43.43,27.56,57.34,Universal Analysis Mode,Warning,Maintenance inspection recommended soon.
NLD,528,1986,4628000.0,22.22,14.43,54.73,Universal Analysis Mode,Warning,Maintenance inspection recommended soon.
NLD,528,1987,4291000.0,27.46,18.44,53.6,Universal Analysis Mode,Warning,Maintenance inspection recommended soon.
NLD,528,1988,3909000.0,21.42,14.92,51.8,Universal Analysis Mode,Warning,Maintenance inspection recommended soon.
NLD,528,1989,3391000.0,24.87,18.23,52.29,Universal Analysis Mode,Warning,Maintenance inspection recommended soon.
NLD,528,1990,3533000.0,30.88,23.73,57.55,Universal Analysis Mode,Warning,Maintenance inspection recommended soon.
NLD,528,1991,3258000.0,24.95,20.0,57.59,Universal Analysis Mode,Warning,Maintenance inspection recommended soon.
NLD,528,1992,2845000.0,23.39,19.32,55.89,Universal Analysis Mode,Warning,Maintenance inspection recommended soon.
NLD,528,1993,2672000.0,20.01,16.97,55.39,Universal Analysis Mode,Warning,Maintenance inspection recommended soon.
NLD,528,1994,3437000.0,18.26,15.82,54.8,Universal Analysis Mode,Warning,Maintenance inspection recommended soon.
NLD,528,1995,2721000.0,19.1,17.02,54.62,Universal Analysis Mode,Warning,Maintenance inspection recommended soon.
NLD,528,1996,2221000.0,22.48,20.67,55.41,Universal Analysis Mode,Warning,Maintenance inspection recommended soon.
NLD,528,1997,2069000.0,20.38,19.09,55.13,Universal Analysis Mode,Warning,Maintenance inspection recommended soon.
NLD,528,1998,1714000.0,13.62,12.72,53.86,Universal Analysis Mode,Warning,Maintenance inspection recommended soon.
NLD,528,1999,1594000.0,18.56,17.97,54.58,Universal Analysis Mode,Warning,Maintenance inspection recommended soon.
NLD,528,2000,1443000.0,28.5,28.5,58.05,Universal Analysis Mode,Warning,Maintenance inspection recommended soon.
NLD,528,2001,392260.16,23.7,24.44,57.79,Universal Analysis Mode,Warning,Maintenance inspection recommended soon.
NLD,528,2002,277379.03,23.72,25.02,56.48,Universal Analysis Mode,Warning,Maintenance inspection recommended soon.
NLD,528,2003,357182.03,26.54,28.83,59.55,Universal Analysis Mode,Warning,Maintenance inspection recommended soon.
NLD,528,2004,228318.06,34.3,38.26,59.62,Universal Analysis Mode,Warning,Maintenance inspection recommended soon.
NLD,528,2005,236993.22,47.26,54.52,61.11,Universal Analysis Mode,Warning,Maintenance inspection recommended soon.
NLD,528,2006,136847.91,55.37,65.14,59.79,Universal Analysis Mode,Warning,Maintenance inspection recommended soon.
NLD,528,2007,232217.9,60.12,72.39,60.37,Universal Analysis Mode,Warning,Maintenance inspection recommended soon.
NLD,528,2008,324244.31,77.79,97.26,61.56,Universal Analysis Mode,Warning,Maintenance inspection recommended soon.
NLD,528,2009,364972.75,49.5,61.67,58.17,Universal Analysis Mode,Warning,Maintenance inspection recommended soon.
NLD,528,2010,386666.12,62.78,79.5,58.26,Universal Analysis Mode,Warning,Maintenance inspection recommended soon.
NLD,528,2011,635120.32,85.17,111.26,57.91,Universal Analysis Mode,Warning,Maintenance inspection recommended soon.
NLD,528,2012,547800.0,83.75,111.67,56.51,Universal Analysis Mode,Warning,Maintenance inspection recommended soon.
NLD,528,2013,584502.1,80.32,108.66,56.98,Universal Analysis Mode,Warning,Maintenance inspection recommended soon.
NLD,528,2014,606604.84,71.97,98.95,57.45,Universal Analysis Mode,Warning,Maintenance inspection recommended soon.
NZL,554,1932,49800.0,10.86,0.87,29.44,Universal Analysis Mode,Healthy,Machine is safe. Continue regular monitoring.
NZL,554,1933,49800.0,8.82,0.67,29.43,Universal Analysis Mode,Healthy,Machine is safe. Continue regular monitoring.
NZL,554,1934,683.0,12.72,1.0,27.91,Universal Analysis Mode,Healthy,Machine is safe. Continue regular monitoring.
NZL,554,1935,683.0,12.04,0.97,27.56,Universal Analysis Mode,Healthy,Machine is safe. Continue regular monitoring.
NZL,554,1936,683.0,13.38,1.09,27.87,Universal Analysis Mode,Healthy,Machine is safe. Continue regular monitoring.
NZL,554,1937,546.0,13.98,1.18,27.63,Universal Analysis Mode,Healthy,Machine is safe. Continue regular monitoring.
NZL,554,1938,546.0,13.66,1.13,27.66,Universal Analysis Mode,Healthy,Machine is safe. Continue regular monitoring.
NZL,554,1939,410.0,12.5,1.02,27.58,Universal Analysis Mode,Healthy,Machine is safe. Continue regular monitoring.
NZL,554,1940,410.0,12.38,1.02,27.5,Universal Analysis Mode,Healthy,Machine is safe. Continue regular monitoring.
NZL,554,1941,410.0,13.18,1.14,27.53,Universal Analysis Mode,Healthy,Machine is safe. Continue regular monitoring.
NZL,554,1942,273.0,12.42,1.19,27.33,Universal Analysis Mode,Healthy,Machine is safe. Continue regular monitoring.
NZL,554,1943,273.0,11.81,1.2,27.08,Universal Analysis Mode,Healthy,Machine is safe. Continue regular monitoring.
NZL,554,1944,273.0,11.71,1.21,27.04,Universal Analysis Mode,Healthy,Machine is safe. Continue regular monitoring.
NZL,554,1945,410.0,9.93,1.05,26.71,Universal Analysis Mode,Healthy,Machine is safe. Continue regular monitoring.
NZL,554,1946,273.0,9.77,1.12,26.6,Universal Analysis Mode,Healthy,Machine is safe. Continue regular monitoring.
NZL,554,1947,273.0,14.48,1.9,27.56,Universal Analysis Mode,Healthy,Machine is safe. Continue regular monitoring.
NZL,554,1948,410.0,14.07,1.99,27.61,Universal Analysis Mode,Healthy,Machine is safe. Continue regular monitoring.
NZL,554,1949,1093.0,12.71,1.78,27.19,Universal Analysis Mode,Healthy,Machine is safe. Continue regular monitoring.
NZL,554,1950,956.0,12.08,1.71,27.01,Universal Analysis Mode,Healthy,Machine is safe. Continue regular monitoring.
NZL,554,1951,683.0,11.2,1.71,26.81,Universal Analysis Mode,Healthy,Machine is safe. Continue regular monitoring.
NZL,554,1952,1230.0,10.96,1.71,26.82,Universal Analysis Mode,Healthy,Machine is safe. Continue regular monitoring.
NZL,554,1953,1093.0,12.27,1.93,27.33,Universal Analysis Mode,Healthy,Machine is safe. Continue regular monitoring.
NZL,554,1954,956.0,12.21,1.93,27.22,Universal Analysis Mode,Healthy,Machine is safe. Continue regular monitoring.
NZL,554,1955,820.0,12.27,1.93,29.22,Universal Analysis Mode,Healthy,Machine is safe. Continue regular monitoring.
NZL,554,1956,956.0,12.07,1.93,29.21,Universal Analysis Mode,Healthy,Machine is safe. Continue regular monitoring.
NZL,554,1957,820.0,11.48,1.9,28.93,Universal Analysis Mode,Healthy,Machine is safe. Continue regular monitoring.
NZL,554,1958,683.0,12.25,2.08,29.37,Universal Analysis Mode,Healthy,Machine is safe. Continue regular monitoring.
NZL,554,1959,683.0,12.14,2.08,29.39,Universal Analysis Mode,Healthy,Machine is safe. Continue regular monitoring.
NZL,554,1960,683.0,10.91,1.9,29.33,Universal Analysis Mode,Healthy,Machine is safe. Continue regular monitoring.
NZL,554,1961,546.0,10.24,1.8,29.26,Universal Analysis Mode,Healthy,Machine is safe. Continue regular monitoring.
NZL,554,1962,546.0,10.12,1.8,30.12,Universal Analysis Mode,Warning,Maintenance inspection recommended soon.
NZL,554,1963,546.0,9.99,1.8,29.96,Universal Analysis Mode,Healthy,Machine is safe. Continue regular monitoring.
NZL,554,1964,546.0,9.86,1.8,29.04,Universal Analysis Mode,Healthy,Machine is safe. Continue regular monitoring.
NZL,554,1965,683.0,9.71,1.8,29.65,Universal Analysis Mode,Healthy,Machine is safe. Continue regular monitoring.
NZL,554,1966,546.0,9.41,1.8,29.0,Universal Analysis Mode,Healthy,Machine is safe. Continue regular monitoring.
NZL,554,1967,410.0,9.16,1.8,28.87,Universal Analysis Mode,Healthy,Machine is safe. Continue regular monitoring.
NZL,554,1968,273.0,8.8,1.8,28.61,Universal Analysis Mode,Healthy,Machine is safe. Continue regular monitoring.
NZL,554,1969,410.0,8.35,1.8,28.74,Universal Analysis Mode,Healthy,Machine is safe. Continue regular monitoring.
NZL,554,1970,58000.0,7.88,1.8,32.05,Universal Analysis Mode,Warning,Maintenance inspection recommended soon.
NZL,554,1971,100000.0,9.41,2.24,35.02,Universal Analysis Mode,Warning,Maintenance inspection recommended soon.
NZL,554,1972,139000.0,10.09,2.48,38.48,Universal Analysis Mode,Warning,Maintenance inspection recommended soon.
NZL,554,1973,161000.0,12.59,3.29,39.54,Universal Analysis Mode,Warning,Maintenance inspection recommended soon.
NZL,554,1974,163000.0,39.93,11.58,44.92,Universal Analysis Mode,Warning,Maintenance inspection recommended soon.
NZL,554,1975,136000.0,36.44,11.53,44.36,Universal Analysis Mode,Warning,Maintenance inspection recommended soon.
NZL,554,1976,477000.0,38.23,12.8,50.7,Universal Analysis Mode,Warning,Maintenance inspection recommended soon.
NZL,554,1977,674000.0,39.04,13.92,52.34,Universal Analysis Mode,Warning,Maintenance inspection recommended soon.
NZL,554,1978,565000.0,36.54,14.02,51.85,Universal Analysis Mode,Warning,Maintenance inspection recommended soon.
NZL,554,1979,373000.0,74.02,31.61,54.18,Universal Analysis Mode,Warning,Maintenance inspection recommended soon.
NZL,554,1980,315000.0,75.97,36.83,55.36,Universal Analysis Mode,Warning,Maintenance inspection recommended soon.
NZL,554,1981,412000.0,67.14,35.93,56.31,Universal Analysis Mode,Warning,Maintenance inspection recommended soon.
NZL,554,1982,648000.0,58.02,32.97,56.87,Universal Analysis Mode,Warning,Maintenance inspection recommended soon.
NZL,554,1983,637000.0,50.39,29.55,56.41,Universal Analysis Mode,Warning,Maintenance inspection recommended soon.
NZL,554,1984,811000.0,45.82,28.78,53.3,Universal Analysis Mode,Warning,Maintenance inspection recommended soon.
NZL,554,1985,993000.0,43.43,27.56,54.02,Universal Analysis Mode,Warning,Maintenance inspection recommended soon.
NZL,554,1986,1732000.0,22.22,14.43,51.53,Universal Analysis Mode,Warning,Maintenance inspection recommended soon.
NZL,554,1987,1259000.0,27.46,18.44,50.28,Universal Analysis Mode,Warning,Maintenance inspection recommended soon.
NZL,554,1988,1511000.0,21.42,14.92,48.72,Universal Analysis Mode,Warning,Maintenance inspection recommended soon.
NZL,554,1989,1697000.0,24.87,18.23,49.26,Universal Analysis Mode,Warning,Maintenance inspection recommended soon.
NZL,554,1990,1767000.0,30.88,23.73,50.61,Universal Analysis Mode,Warning,Maintenance inspection recommended soon.
NZL,554,1991,1849000.0,24.95,20.0,50.65,Universal Analysis Mode,Warning,Maintenance inspection recommended soon.
NZL,554,1992,1739000.0,23.39,19.32,48.95,Universal Analysis Mode,Warning,Maintenance inspection recommended soon.
NZL,554,1993,1842000.0,20.01,16.97,48.55,Universal Analysis Mode,Warning,Maintenance inspection recommended soon.
NZL,554,1994,1772000.0,18.26,15.82,47.81,Universal Analysis Mode,Warning,Maintenance inspection recommended soon.
NZL,554,1995,1475000.0,19.1,17.02,47.65,Universal Analysis Mode,Warning,Maintenance inspection recommended soon.
NZL,554,1996,1950000.0,22.48,20.67,48.68,Universal Analysis Mode,Warning,Maintenance inspection recommended soon.
NZL,554,1997,2587000.0,20.38,19.09,48.68,Universal Analysis Mode,Warning,Maintenance inspection recommended soon.
NZL,554,1998,2054000.0,13.62,12.72,47.23,Universal Analysis Mode,Warning,Maintenance inspection recommended soon.
NZL,554,1999,1811000.0,18.56,17.97,48.09,Universal Analysis Mode,Warning,Maintenance inspection recommended soon.
NZL,554,2000,1608000.0,28.5,28.5,51.6,Universal Analysis Mode,Warning,Maintenance inspection recommended soon.
NZL,554,2001,1651586.0,23.7,24.44,51.53,Universal Analysis Mode,Warning,Maintenance inspection recommended soon.
NZL,554,2002,1535455.0,23.72,25.02,51.0,Universal Analysis Mode,Warning,Maintenance inspection recommended soon.
NZL,554,2003,1188317.0,26.54,28.83,53.1,Universal Analysis Mode,Warning,Maintenance inspection recommended soon.
NZL,554,2004,1040050.0,34.3,38.26,53.56,Universal Analysis Mode,Warning,Maintenance inspection recommended soon.
NZL,554,2005,959165.0,47.26,54.52,55.0,Universal Analysis Mode,Warning,Maintenance inspection recommended soon.
NZL,554,2006,954800.0,55.37,65.14,54.25,Universal Analysis Mode,Warning,Maintenance inspection recommended soon.
NZL,554,2007,2048622.0,60.12,72.39,54.73,Universal Analysis Mode,Warning,Maintenance inspection recommended soon.
NZL,554,2008,2987320.0,77.79,97.26,55.77,Universal Analysis Mode,Warning,Maintenance inspection recommended soon.
NZL,554,2009,2783206.0,49.5,61.67,52.19,Universal Analysis Mode,Warning,Maintenance inspection recommended soon.
NZL,554,2010,2641310.33,62.78,79.5,53.33,Universal Analysis Mode,Warning,Maintenance inspection recommended soon.
NZL,554,2011,2306899.84,85.17,111.26,52.72,Universal Analysis Mode,Warning,Maintenance inspection recommended soon.
NZL,554,2012,2045745.65,83.75,111.67,51.38,Universal Analysis Mode,Warning,Maintenance inspection recommended soon.
NZL,554,2013,1756234.35,80.32,108.66,51.61,Universal Analysis Mode,Warning,Maintenance inspection recommended soon.
NZL,554,2014,1985041.45,71.97,98.95,55.86,Universal Analysis Mode,Warning,Maintenance inspection recommended soon.
NIC,558,1932,49800.0,10.86,0.87,29.31,Universal Analysis Mode,Healthy,Machine is safe. Continue regular monitoring.
NIC,558,1933,49800.0,8.82,0.67,29.3,Universal Analysis Mode,Healthy,Machine is safe. Continue regular monitoring.
NIC,558,1934,49800.0,12.72,1.0,29.78,Universal Analysis Mode,Healthy,Machine is safe. Continue regular monitoring.
NIC,558,1935,49800.0,12.04,0.97,29.43,Universal Analysis Mode,Healthy,Machine is safe. Continue regular monitoring.
NIC,558,1936,49800.0,13.38,1.09,29.74,Universal Analysis Mode,Healthy,Machine is safe. Continue regular monitoring.
NIC,558,1937,49800.0,13.98,1.18,29.52,Universal Analysis Mode,Healthy,Machine is safe. Continue regular monitoring.
NIC,558,1938,49800.0,13.66,1.13,29.55,Universal Analysis Mode,Healthy,Machine is safe. Continue regular monitoring.
NIC,558,1939,49800.0,12.5,1.02,29.48,Universal Analysis Mode,Healthy,Machine is safe. Continue regular monitoring.
NIC,558,1940,49800.0,12.38,1.02,29.41,Universal Analysis Mode,Healthy,Machine is safe. Continue regular monitoring.
NIC,558,1941,49800.0,13.18,1.14,29.44,Universal Analysis Mode,Healthy,Machine is safe. Continue regular monitoring.
NIC,558,1942,49800.0,12.42,1.19,29.25,Universal Analysis Mode,Healthy,Machine is safe. Continue regular monitoring.
NIC,558,1943,49800.0,11.81,1.2,29.0,Universal Analysis Mode,Healthy,Machine is safe. Continue regular monitoring.
NIC,558,1944,49800.0,11.71,1.21,28.96,Universal Analysis Mode,Healthy,Machine is safe. Continue regular monitoring.
NIC,558,1945,49800.0,9.93,1.05,28.62,Universal Analysis Mode,Healthy,Machine is safe. Continue regular monitoring.
NIC,558,1946,49800.0,9.77,1.12,28.52,Universal Analysis Mode,Healthy,Machine is safe. Continue regular monitoring.
NIC,558,1947,49800.0,14.48,1.9,29.47,Universal Analysis Mode,Healthy,Machine is safe. Continue regular monitoring.
NIC,558,1948,49800.0,14.07,1.99,29.5,Universal Analysis Mode,Healthy,Machine is safe. Continue regular monitoring.
NIC,558,1949,49800.0,12.71,1.78,29.06,Universal Analysis Mode,Healthy,Machine is safe. Continue regular monitoring.
NIC,558,1950,49800.0,12.08,1.71,28.89,Universal Analysis Mode,Healthy,Machine is safe. Continue regular monitoring.
NIC,558,1951,49800.0,11.2,1.71,28.7,Universal Analysis Mode,Healthy,Machine is safe. Continue regular monitoring.
NIC,558,1952,49800.0,10.96,1.71,28.68,Universal Analysis Mode,Healthy,Machine is safe. Continue regular monitoring.
NIC,558,1953,49800.0,12.27,1.93,29.19,Universal Analysis Mode,Healthy,Machine is safe. Continue regular monitoring.
NIC,558,1954,49800.0,12.21,1.93,29.09,Universal Analysis Mode,Healthy,Machine is safe. Continue regular monitoring.
NIC,558,1955,49800.0,12.27,1.93,28.75,Universal Analysis Mode,Healthy,Machine is safe. Continue regular monitoring.
NIC,558,1956,49800.0,12.07,1.93,28.73,Universal Analysis Mode,Healthy,Machine is safe. Continue regular monitoring.
NIC,558,1957,49800.0,11.48,1.9,28.47,Universal Analysis Mode,Healthy,Machine is safe. Continue regular monitoring.
NIC,558,1958,49800.0,12.25,2.08,28.91,Universal Analysis Mode,Healthy,Machine is safe. Continue regular monitoring.
NIC,558,1959,49800.0,12.14,2.08,28.94,Universal Analysis Mode,Healthy,Machine is safe. Continue regular monitoring.
NIC,558,1960,0.0,10.91,1.9,24.53,Universal Analysis Mode,Healthy,Machine is safe. Continue regular monitoring.
NIC,558,1961,0.0,10.24,1.8,24.47,Universal Analysis Mode,Healthy,Machine is safe. Continue regular monitoring.
NIC,558,1962,0.0,10.12,1.8,25.34,Universal Analysis Mode,Healthy,Machine is safe. Continue regular monitoring.
NIC,558,1963,0.0,9.99,1.8,25.17,Universal Analysis Mode,Healthy,Machine is safe. Continue regular monitoring.
NIC,558,1964,0.0,9.86,1.8,24.26,Universal Analysis Mode,Healthy,Machine is safe. Continue regular monitoring.
NIC,558,1965,0.0,9.71,1.8,24.87,Universal Analysis Mode,Healthy,Machine is safe. Continue regular monitoring.
NIC,558,1966,0.0,9.41,1.8,24.22,Universal Analysis Mode,Healthy,Machine is safe. Continue regular monitoring.
NIC,558,1967,0.0,9.16,1.8,24.11,Universal Analysis Mode,Healthy,Machine is safe. Continue regular monitoring.
NIC,558,1968,0.0,8.8,1.8,23.87,Universal Analysis Mode,Healthy,Machine is safe. Continue regular monitoring.
NIC,558,1969,0.0,8.35,1.8,23.99,Universal Analysis Mode,Healthy,Machine is safe. Continue regular monitoring.
NIC,558,1970,0.0,7.88,1.8,23.74,Universal Analysis Mode,Healthy,Machine is safe. Continue regular monitoring.
NIC,558,1971,0.0,9.41,2.24,24.08,Universal Analysis Mode,Healthy,Machine is safe. Continue regular monitoring.
NIC,558,1972,0.0,10.09,2.48,24.1,Universal Analysis Mode,Healthy,Machine is safe. Continue regular monitoring.
NIC,558,1973,0.0,12.59,3.29,24.32,Universal Analysis Mode,Healthy,Machine is safe. Continue regular monitoring.
NIC,558,1974,0.0,39.93,11.58,26.2,Universal Analysis Mode,Healthy,Machine is safe. Continue regular monitoring.
NIC,558,1975,0.0,36.44,11.53,26.46,Universal Analysis Mode,Healthy,Machine is safe. Continue regular monitoring.
NIC,558,1976,0.0,38.23,12.8,28.06,Universal Analysis Mode,Healthy,Machine is safe. Continue regular monitoring.
NIC,558,1977,0.0,39.04,13.92,29.26,Universal Analysis Mode,Healthy,Machine is safe. Continue regular monitoring.
NIC,558,1978,0.0,36.54,14.02,28.93,Universal Analysis Mode,Healthy,Machine is safe. Continue regular monitoring.
NIC,558,1979,0.0,74.02,31.61,31.31,Universal Analysis Mode,Warning,Maintenance inspection recommended soon.
NIC,558,1980,0.0,75.97,36.83,32.55,Universal Analysis Mode,Warning,Maintenance inspection recommended soon.
NIC,558,1981,0.0,67.14,35.93,33.04,Universal Analysis Mode,Warning,Maintenance inspection recommended soon.
NIC,558,1982,0.0,58.02,32.97,33.14,Universal Analysis Mode,Warning,Maintenance inspection recommended soon.
NIC,558,1983,0.0,50.39,29.55,32.75,Universal Analysis Mode,Warning,Maintenance inspection recommended soon.
NIC,558,1984,0.0,45.82,28.78,32.38,Universal Analysis Mode,Warning,Maintenance inspection recommended soon.
NIC,558,1985,0.0,43.43,27.56,32.11,Universal Analysis Mode,Warning,Maintenance inspection recommended soon.
NIC,558,1986,0.0,22.22,14.43,26.98,Universal Analysis Mode,Healthy,Machine is safe. Continue regular monitoring.
NIC,558,1987,0.0,27.46,18.44,26.06,Universal Analysis Mode,Healthy,Machine is safe. Continue regular monitoring.
NIC,558,1988,0.0,21.42,14.92,24.52,Universal Analysis Mode,Healthy,Machine is safe. Continue regular monitoring.
NIC,558,1989,0.0,24.87,18.23,24.95,Universal Analysis Mode,Healthy,Machine is safe. Continue regular monitoring.
NIC,558,1990,0.0,30.88,23.73,26.23,Universal Analysis Mode,Healthy,Machine is safe. Continue regular monitoring.
NIC,558,1991,0.0,24.95,20.0,26.11,Universal Analysis Mode,Healthy,Machine is safe. Continue regular monitoring.
NIC,558,1992,0.0,23.39,19.32,24.57,Universal Analysis Mode,Healthy,Machine is safe. Continue regular monitoring.
NIC,558,1993,0.0,20.01,16.97,24.19,Universal Analysis Mode,Healthy,Machine is safe. Continue regular monitoring.
NIC,558,1994,0.0,18.26,15.82,23.68,Universal Analysis Mode,Healthy,Machine is safe. Continue regular monitoring.
NIC,558,1995,0.0,19.1,17.02,23.59,Universal Analysis Mode,Healthy,Machine is safe. Continue regular monitoring.
NIC,558,1996,0.0,22.48,20.67,24.36,Universal Analysis Mode,Healthy,Machine is safe. Continue regular monitoring.
NIC,558,1997,0.0,20.38,19.09,24.17,Universal Analysis Mode,Healthy,Machine is safe. Continue regular monitoring.
NIC,558,1998,0.0,13.62,12.72,23.15,Universal Analysis Mode,Healthy,Machine is safe. Continue regular monitoring.
NIC,558,1999,0.0,18.56,17.97,23.87,Universal Analysis Mode,Healthy,Machine is safe. Continue regular monitoring.
NIC,558,2000,0.0,28.5,28.5,26.99,Universal Analysis Mode,Healthy,Machine is safe. Continue regular monitoring.
NIC,558,2001,0.0,23.7,24.44,26.93,Universal Analysis Mode,Healthy,Machine is safe. Continue regular monitoring.
NIC,558,2002,0.0,23.72,25.02,26.55,Universal Analysis Mode,Healthy,Machine is safe. Continue regular monitoring.
NIC,558,2003,0.0,26.54,28.83,28.63,Universal Analysis Mode,Healthy,Machine is safe. Continue regular monitoring.
NIC,558,2004,0.0,34.3,38.26,29.03,Universal Analysis Mode,Healthy,Machine is safe. Continue regular monitoring.
NIC,558,2005,0.0,47.26,54.52,30.34,Universal Analysis Mode,Warning,Maintenance inspection recommended soon.
NIC,558,2006,0.0,55.37,65.14,29.74,Universal Analysis Mode,Healthy,Machine is safe. Continue regular monitoring.
NIC,558,2007,0.0,60.12,72.39,29.7,Universal Analysis Mode,Healthy,Machine is safe. Continue regular monitoring.
NIC,558,2008,0.0,77.79,97.26,30.4,Universal Analysis Mode,Warning,Maintenance inspection recommended soon.
NIC,558,2009,0.0,49.5,61.67,27.25,Universal Analysis Mode,Healthy,Machine is safe. Continue regular monitoring.
NIC,558,2010,0.0,62.78,79.5,28.19,Universal Analysis Mode,Healthy,Machine is safe. Continue regular monitoring.
NIC,558,2011,0.0,85.17,111.26,27.61,Universal Analysis Mode,Healthy,Machine is safe. Continue regular monitoring.
NIC,558,2012,0.0,83.75,111.67,26.48,Universal Analysis Mode,Healthy,Machine is safe. Continue regular monitoring.
NIC,558,2013,0.0,80.32,108.66,30.3,Universal Analysis Mode,Warning,Maintenance inspection recommended soon.
NIC,558,2014,0.0,71.97,98.95,31.34,Universal Analysis Mode,Warning,Maintenance inspection recommended soon.
NER,562,1932,49800.0,10.86,0.87,29.41,Universal Analysis Mode,Healthy,Machine is safe. Continue regular monitoring.
NER,562,1933,49800.0,8.82,0.67,29.39,Universal Analysis Mode,Healthy,Machine is safe. Continue regular monitoring.
NER,562,1934,49800.0,12.72,1.0,29.87,Universal Analysis Mode,Healthy,Machine is safe. Continue regular monitoring.
NER,562,1935,49800.0,12.04,0.97,29.52,Universal Analysis Mode,Healthy,Machine is safe. Continue regular monitoring.
NER,562,1936,49800.0,13.38,1.09,29.82,Universal Analysis Mode,Healthy,Machine is safe. Continue regular monitoring.
NER,562,1937,49800.0,13.98,1.18,29.59,Universal Analysis Mode,Healthy,Machine is safe. Continue regular monitoring.
NER,562,1938,49800.0,13.66,1.13,29.62,Universal Analysis Mode,Healthy,Machine is safe. Continue regular monitoring.
NER,562,1939,49800.0,12.5,1.02,29.54,Universal Analysis Mode,Healthy,Machine is safe. Continue regular monitoring.
NER,562,1940,49800.0,12.38,1.02,29.47,Universal Analysis Mode,Healthy,Machine is safe. Continue regular monitoring.
NER,562,1941,49800.0,13.18,1.14,29.49,Universal Analysis Mode,Healthy,Machine is safe. Continue regular monitoring.
NER,562,1942,49800.0,12.42,1.19,29.31,Universal Analysis Mode,Healthy,Machine is safe. Continue regular monitoring.
NER,562,1943,49800.0,11.81,1.2,29.06,Universal Analysis Mode,Healthy,Machine is safe. Continue regular monitoring.
NER,562,1944,49800.0,11.71,1.21,29.01,Universal Analysis Mode,Healthy,Machine is safe. Continue regular monitoring.
NER,562,1945,49800.0,9.93,1.05,28.67,Universal Analysis Mode,Healthy,Machine is safe. Continue regular monitoring.
NER,562,1946,49800.0,9.77,1.12,28.56,Universal Analysis Mode,Healthy,Machine is safe. Continue regular monitoring.
NER,562,1947,49800.0,14.48,1.9,29.51,Universal Analysis Mode,Healthy,Machine is safe. Continue regular monitoring.
NER,562,1948,49800.0,14.07,1.99,29.54,Universal Analysis Mode,Healthy,Machine is safe. Continue regular monitoring.
NER,562,1949,49800.0,12.71,1.78,29.09,Universal Analysis Mode,Healthy,Machine is safe. Continue regular monitoring.
NER,562,1950,49800.0,12.08,1.71,28.38,Universal Analysis Mode,Healthy,Machine is safe. Continue regular monitoring.
NER,562,1951,49800.0,11.2,1.71,28.19,Universal Analysis Mode,Healthy,Machine is safe. Continue regular monitoring.
NER,562,1952,49800.0,10.96,1.71,28.17,Universal Analysis Mode,Healthy,Machine is safe. Continue regular monitoring.
NER,562,1953,49800.0,12.27,1.93,28.68,Universal Analysis Mode,Healthy,Machine is safe. Continue regular monitoring.
NER,562,1954,49800.0,12.21,1.93,28.58,Universal Analysis Mode,Healthy,Machine is safe. Continue regular monitoring.
NER,562,1955,49800.0,12.27,1.93,28.24,Universal Analysis Mode,Healthy,Machine is safe. Continue regular monitoring.
NER,562,1956,49800.0,12.07,1.93,28.22,Universal Analysis Mode,Healthy,Machine is safe. Continue regular monitoring.
NER,562,1957,49800.0,11.48,1.9,27.95,Universal Analysis Mode,Healthy,Machine is safe. Continue regular monitoring.
NER,562,1958,49800.0,12.25,2.08,28.4,Universal Analysis Mode,Healthy,Machine is safe. Continue regular monitoring.
NER,562,1959,49800.0,12.14,2.08,28.43,Universal Analysis Mode,Healthy,Machine is safe. Continue regular monitoring.
NER,562,1960,0.0,10.91,1.9,24.82,Universal Analysis Mode,Healthy,Machine is safe. Continue regular monitoring.
NER,562,1961,0.0,10.24,1.8,24.77,Universal Analysis Mode,Healthy,Machine is safe. Continue regular monitoring.
NER,562,1962,0.0,10.12,1.8,25.64,Universal Analysis Mode,Healthy,Machine is safe. Continue regular monitoring.
NER,562,1963,0.0,9.99,1.8,25.47,Universal Analysis Mode,Healthy,Machine is safe. Continue regular monitoring.
NER,562,1964,0.0,9.86,1.8,24.56,Universal Analysis Mode,Healthy,Machine is safe. Continue regular monitoring.
NER,562,1965,0.0,9.71,1.8,25.17,Universal Analysis Mode,Healthy,Machine is safe. Continue regular monitoring.
NER,562,1966,0.0,9.41,1.8,24.53,Universal Analysis Mode,Healthy,Machine is safe. Continue regular monitoring.
NER,562,1967,0.0,9.16,1.8,24.42,Universal Analysis Mode,Healthy,Machine is safe. Continue regular monitoring.
NER,562,1968,0.0,8.8,1.8,24.18,Universal Analysis Mode,Healthy,Machine is safe. Continue regular monitoring.
NER,562,1969,0.0,8.35,1.8,24.3,Universal Analysis Mode,Healthy,Machine is safe. Continue regular monitoring.
NER,562,1970,0.0,7.88,1.8,24.05,Universal Analysis Mode,Healthy,Machine is safe. Continue regular monitoring.
NER,562,1971,0.0,9.41,2.24,24.38,Universal Analysis Mode,Healthy,Machine is safe. Continue regular monitoring.
NER,562,1972,0.0,10.09,2.48,24.4,Universal Analysis Mode,Healthy,Machine is safe. Continue regular monitoring.
NER,562,1973,0.0,12.59,3.29,24.63,Universal Analysis Mode,Healthy,Machine is safe. Continue regular monitoring.
NER,562,1974,0.0,39.93,11.58,26.51,Universal Analysis Mode,Healthy,Machine is safe. Continue regular monitoring.
NER,562,1975,0.0,36.44,11.53,26.77,Universal Analysis Mode,Healthy,Machine is safe. Continue regular monitoring.
NER,562,1976,0.0,38.23,12.8,28.36,Universal Analysis Mode,Healthy,Machine is safe. Continue regular monitoring.
NER,562,1977,0.0,39.04,13.92,29.56,Universal Analysis Mode,Healthy,Machine is safe. Continue regular monitoring.
NER,562,1978,0.0,36.54,14.02,29.22,Universal Analysis Mode,Healthy,Machine is safe. Continue regular monitoring.
NER,562,1979,0.0,74.02,31.61,31.6,Universal Analysis Mode,Warning,Maintenance inspection recommended soon.
NER,562,1980,0.0,75.97,36.83,32.82,Universal Analysis Mode,Warning,Maintenance inspection recommended soon.
NER,562,1981,0.0,67.14,35.93,33.7,Universal Analysis Mode,Warning,Maintenance inspection recommended soon.
NER,562,1982,0.0,58.02,32.97,33.8,Universal Analysis Mode,Warning,Maintenance inspection recommended soon.
NER,562,1983,0.0,50.39,29.55,33.69,Universal Analysis Mode,Warning,Maintenance inspection recommended soon.
NER,562,1984,0.0,45.82,28.78,33.34,Universal Analysis Mode,Warning,Maintenance inspection recommended soon.
NER,562,1985,0.0,43.43,27.56,33.09,Universal Analysis Mode,Warning,Maintenance inspection recommended soon.
NER,562,1986,0.0,22.22,14.43,30.71,Universal Analysis Mode,Warning,Maintenance inspection recommended soon.
NER,562,1987,0.0,27.46,18.44,29.8,Universal Analysis Mode,Healthy,Machine is safe. Continue regular monitoring.
NER,562,1988,0.0,21.42,14.92,28.25,Universal Analysis Mode,Healthy,Machine is safe. Continue regular monitoring.
NER,562,1989,0.0,24.87,18.23,28.74,Universal Analysis Mode,Healthy,Machine is safe. Continue regular monitoring.
NER,562,1990,0.0,30.88,23.73,30.74,Universal Analysis Mode,Warning,Maintenance inspection recommended soon.
NER,562,1991,0.0,24.95,20.0,30.65,Universal Analysis Mode,Warning,Maintenance inspection recommended soon.
NER,562,1992,0.0,23.39,19.32,29.16,Universal Analysis Mode,Healthy,Machine is safe. Continue regular monitoring.
NER,562,1993,0.0,20.01,16.97,28.79,Universal Analysis Mode,Healthy,Machine is safe. Continue regular monitoring.
NER,562,1994,0.0,18.26,15.82,28.27,Universal Analysis Mode,Healthy,Machine is safe. Continue regular monitoring.
NER,562,1995,0.0,19.1,17.02,28.24,Universal Analysis Mode,Healthy,Machine is safe. Continue regular monitoring.
NER,562,1996,0.0,22.48,20.67,29.05,Universal Analysis Mode,Healthy,Machine is safe. Continue regular monitoring.
NER,562,1997,0.0,20.38,19.09,28.91,Universal Analysis Mode,Healthy,Machine is safe. Continue regular monitoring.
NER,562,1998,0.0,13.62,12.72,27.94,Universal Analysis Mode,Healthy,Machine is safe. Continue regular monitoring.
NER,562,1999,0.0,18.56,17.97,28.74,Universal Analysis Mode,Healthy,Machine is safe. Continue regular monitoring.
NER,562,2000,0.0,28.5,28.5,31.95,Universal Analysis Mode,Warning,Maintenance inspection recommended soon.
NER,562,2001,0.0,23.7,24.44,31.93,Universal Analysis Mode,Warning,Maintenance inspection recommended soon.
NER,562,2002,0.0,23.72,25.02,31.56,Universal Analysis Mode,Warning,Maintenance inspection recommended soon.
NER,562,2003,0.0,26.54,28.83,33.7,Universal Analysis Mode,Warning,Maintenance inspection recommended soon.
NER,562,2004,0.0,34.3,38.26,34.25,Universal Analysis Mode,Warning,Maintenance inspection recommended soon.
NER,562,2005,0.0,47.26,54.52,35.54,Universal Analysis Mode,Warning,Maintenance inspection recommended soon.
NER,562,2006,0.0,55.37,65.14,35.01,Universal Analysis Mode,Warning,Maintenance inspection recommended soon.
NER,562,2007,0.0,60.12,72.39,35.02,Universal Analysis Mode,Warning,Maintenance inspection recommended soon.
NER,562,2008,0.0,77.79,97.26,35.73,Universal Analysis Mode,Warning,Maintenance inspection recommended soon.
NER,562,2009,0.0,49.5,61.67,32.66,Universal Analysis Mode,Warning,Maintenance inspection recommended soon.
NER,562,2010,0.0,62.78,79.5,32.62,Universal Analysis Mode,Warning,Maintenance inspection recommended soon.
NER,562,2011,334274.03,85.17,111.26,55.47,Universal Analysis Mode,Warning,Maintenance inspection recommended soon.
NER,562,2012,996000.0,83.75,111.67,51.35,Universal Analysis Mode,Warning,Maintenance inspection recommended soon.
NER,562,2013,996000.0,80.32,108.66,51.57,Universal Analysis Mode,Warning,Maintenance inspection recommended soon.
NER,562,2014,996000.0,71.97,98.95,52.56,Universal Analysis Mode,Warning,Maintenance inspection recommended soon.
NGA,566,1932,49800.0,10.86,0.87,29.42,Universal Analysis Mode,Healthy,Machine is safe. Continue regular monitoring.
NGA,566,1933,49800.0,8.82,0.67,29.4,Universal Analysis Mode,Healthy,Machine is safe. Continue regular monitoring.
NGA,566,1934,49800.0,12.72,1.0,29.88,Universal Analysis Mode,Healthy,Machine is safe. Continue regular monitoring.
NGA,566,1935,49800.0,12.04,0.97,29.53,Universal Analysis Mode,Healthy,Machine is safe. Continue regular monitoring.
NGA,566,1936,49800.0,13.38,1.09,29.83,Universal Analysis Mode,Healthy,Machine is safe. Continue regular monitoring.
NGA,566,1937,49800.0,13.98,1.18,29.6,Universal Analysis Mode,Healthy,Machine is safe. Continue regular monitoring.
NGA,566,1938,49800.0,13.66,1.13,29.63,Universal Analysis Mode,Healthy,Machine is safe. Continue regular monitoring.
NGA,566,1939,49800.0,12.5,1.02,29.55,Universal Analysis Mode,Healthy,Machine is safe. Continue regular monitoring.
NGA,566,1940,49800.0,12.38,1.02,29.48,Universal Analysis Mode,Healthy,Machine is safe. Continue regular monitoring.
NGA,566,1941,49800.0,13.18,1.14,29.51,Universal Analysis Mode,Healthy,Machine is safe. Continue regular monitoring.
NGA,566,1942,49800.0,12.42,1.19,29.32,Universal Analysis Mode,Healthy,Machine is safe. Continue regular monitoring.
NGA,566,1943,49800.0,11.81,1.2,29.07,Universal Analysis Mode,Healthy,Machine is safe. Continue regular monitoring.
NGA,566,1944,49800.0,11.71,1.21,29.02,Universal Analysis Mode,Healthy,Machine is safe. Continue regular monitoring.
NGA,566,1945,49800.0,9.93,1.05,28.68,Universal Analysis Mode,Healthy,Machine is safe. Continue regular monitoring.
NGA,566,1946,49800.0,9.77,1.12,28.58,Universal Analysis Mode,Healthy,Machine is safe. Continue regular monitoring.
NGA,566,1947,49800.0,14.48,1.9,29.52,Universal Analysis Mode,Healthy,Machine is safe. Continue regular monitoring.
NGA,566,1948,49800.0,14.07,1.99,29.55,Universal Analysis Mode,Healthy,Machine is safe. Continue regular monitoring.
NGA,566,1949,49800.0,12.71,1.78,29.1,Universal Analysis Mode,Healthy,Machine is safe. Continue regular monitoring.
NGA,566,1950,49800.0,12.08,1.71,31.99,Universal Analysis Mode,Warning,Maintenance inspection recommended soon.
NGA,566,1951,49800.0,11.2,1.71,31.85,Universal Analysis Mode,Warning,Maintenance inspection recommended soon.
NGA,566,1952,49800.0,10.96,1.71,31.89,Universal Analysis Mode,Warning,Maintenance inspection recommended soon.
NGA,566,1953,49800.0,12.27,1.93,32.42,Universal Analysis Mode,Warning,Maintenance inspection recommended soon.
NGA,566,1954,49800.0,12.21,1.93,32.36,Universal Analysis Mode,Warning,Maintenance inspection recommended soon.
NGA,566,1955,49800.0,12.27,1.93,32.05,Universal Analysis Mode,Warning,Maintenance inspection recommended soon.
NGA,566,1956,49800.0,12.07,1.93,32.07,Universal Analysis Mode,Warning,Maintenance inspection recommended soon.
NGA,566,1957,49800.0,11.48,1.9,31.84,Universal Analysis Mode,Warning,Maintenance inspection recommended soon.
NGA,566,1958,269126.0,12.25,2.08,34.92,Universal Analysis Mode,Warning,Maintenance inspection recommended soon.
NGA,566,1959,555601.0,12.14,2.08,39.14,Universal Analysis Mode,Warning,Maintenance inspection recommended soon.
NGA,566,1960,895082.0,10.91,1.9,41.4,Universal Analysis Mode,Warning,Maintenance inspection recommended soon.
NGA,566,1961,2295355.0,10.24,1.8,48.3,Universal Analysis Mode,Warning,Maintenance inspection recommended soon.
NGA,566,1962,3363934.0,10.12,1.8,50.39,Universal Analysis Mode,Warning,Maintenance inspection recommended soon.
NGA,566,1963,3813251.0,9.99,1.8,49.7,Universal Analysis Mode,Warning,Maintenance inspection recommended soon.
NGA,566,1964,6010519.0,9.86,1.8,50.17,Universal Analysis Mode,Warning,Maintenance inspection recommended soon.
NGA,566,1965,13600000.0,9.71,1.8,51.9,Universal Analysis Mode,Warning,Maintenance inspection recommended soon.
NGA,566,1966,20800000.0,9.41,1.8,51.59,Universal Analysis Mode,Warning,Maintenance inspection recommended soon.
NGA,566,1967,15900000.0,9.16,1.8,51.26,Universal Analysis Mode,Warning,Maintenance inspection recommended soon.
NGA,566,1968,7091120.0,8.8,1.8,50.0,Universal Analysis Mode,Warning,Maintenance inspection recommended soon.
NGA,566,1969,26900000.0,8.35,1.8,51.37,Universal Analysis Mode,Warning,Maintenance inspection recommended soon.
NGA,566,1970,54200000.0,7.88,1.8,52.5,Universal Analysis Mode,Warning,Maintenance inspection recommended soon.
NGA,566,1971,76400000.0,9.41,2.24,53.28,Universal Analysis Mode,Warning,Maintenance inspection recommended soon.
NGA,566,1972,90900000.0,10.09,2.48,53.52,Universal Analysis Mode,Warning,Maintenance inspection recommended soon.
NGA,566,1973,102000000.0,12.59,3.29,53.99,Universal Analysis Mode,Warning,Maintenance inspection recommended soon.
NGA,566,1974,112000000.0,39.93,11.58,56.56,Universal Analysis Mode,Warning,Maintenance inspection recommended soon.
NGA,566,1975,88400000.0,36.44,11.53,56.6,Universal Analysis Mode,Warning,Maintenance inspection recommended soon.
NGA,566,1976,103000000.0,38.23,12.8,58.39,Universal Analysis Mode,Warning,Maintenance inspection recommended soon.
NGA,566,1977,103000000.0,39.04,13.92,59.65,Universal Analysis Mode,Warning,Maintenance inspection recommended soon.
NGA,566,1978,94800000.0,36.54,14.02,59.2,Universal Analysis Mode,Warning,Maintenance inspection recommended soon.
NGA,566,1979,115000000.0,74.02,31.61,62.08,Universal Analysis Mode,Warning,Maintenance inspection recommended soon.
NGA,566,1980,104000000.0,75.97,36.83,63.31,Universal Analysis Mode,Warning,Maintenance inspection recommended soon.
NGA,566,1981,70900000.0,67.14,35.93,63.61,Universal Analysis Mode,Warning,Maintenance inspection recommended soon.
NGA,566,1982,63600000.0,58.02,32.97,63.56,Universal Analysis Mode,Warning,Maintenance inspection recommended soon.
NGA,566,1983,61000000.0,50.39,29.55,63.0,Universal Analysis Mode,Warning,Maintenance inspection recommended soon.
NGA,566,1984,69200000.0,45.82,28.78,62.67,Universal Analysis Mode,Warning,Maintenance inspection recommended soon.
NGA,566,1985,74200000.0,43.43,27.56,62.42,Universal Analysis Mode,Warning,Maintenance inspection recommended soon.
NGA,566,1986,72800000.0,22.22,14.43,63.5,Universal Analysis Mode,Warning,Maintenance inspection recommended soon.
NGA,566,1987,65200000.0,27.46,18.44,61.95,Universal Analysis Mode,Warning,Maintenance inspection recommended soon.
NGA,566,1988,71400000.0,21.42,14.92,60.33,Universal Analysis Mode,Warning,Maintenance inspection recommended soon.
NGA,566,1989,84500000.0,24.87,18.23,61.02,Universal Analysis Mode,Warning,Maintenance inspection recommended soon.
NGA,566,1990,89200000.0,30.88,23.73,63.89,Universal Analysis Mode,Warning,Maintenance inspection recommended soon.
NGA,566,1991,93100000.0,24.95,20.0,63.76,Universal Analysis Mode,Warning,Maintenance inspection recommended soon.
NGA,566,1992,96300000.0,23.39,19.32,62.16,Universal Analysis Mode,Warning,Maintenance inspection recommended soon.
NGA,566,1993,97100000.0,20.01,16.97,61.71,Universal Analysis Mode,Warning,Maintenance inspection recommended soon.
NGA,566,1994,97000000.0,18.26,15.82,61.03,Universal Analysis Mode,Warning,Maintenance inspection recommended soon.
NGA,566,1995,97500000.0,19.1,17.02,60.97,Universal Analysis Mode,Warning,Maintenance inspection recommended soon.
NGA,566,1996,105000000.0,22.48,20.67,61.86,Universal Analysis Mode,Warning,Maintenance inspection recommended soon.
NGA,566,1997,113000000.0,20.38,19.09,61.74,Universal Analysis Mode,Warning,Maintenance inspection recommended soon.
NGA,566,1998,106000000.0,13.62,12.72,60.36,Universal Analysis Mode,Warning,Maintenance inspection recommended soon.
NGA,566,1999,99200000.0,18.56,17.97,64.97,Universal Analysis Mode,Warning,Maintenance inspection recommended soon.
NGA,566,2000,103000000.0,28.5,28.5,68.76,Universal Analysis Mode,Warning,Maintenance inspection recommended soon.
NGA,566,2001,112000000.0,23.7,24.44,69.06,Universal Analysis Mode,Warning,Maintenance inspection recommended soon.
NGA,566,2002,105000000.0,23.72,25.02,68.56,Universal Analysis Mode,Warning,Maintenance inspection recommended soon.
NGA,566,2003,113000000.0,26.54,28.83,70.98,Universal Analysis Mode,Critical,Immediate maintenance required. High failure risk.
NGA,566,2004,116000000.0,34.3,38.26,71.61,Universal Analysis Mode,Critical,Immediate maintenance required. High failure risk.
NGA,566,2005,131000000.0,47.26,54.52,73.13,Universal Analysis Mode,Critical,Immediate maintenance required. High failure risk.
NGA,566,2006,122000000.0,55.37,65.14,72.54,Universal Analysis Mode,Critical,Immediate maintenance required. High failure risk.
NGA,566,2007,117012263.23,60.12,72.39,72.52,Universal Analysis Mode,Critical,Immediate maintenance required. High failure risk.
NGA,566,2008,107838906.52,77.79,97.26,73.26,Universal Analysis Mode,Critical,Immediate maintenance required. High failure risk.
NGA,566,2009,109973902.24,49.5,61.67,69.79,Universal Analysis Mode,Warning,Maintenance inspection recommended soon.
NGA,566,2010,122271961.45,62.78,79.5,68.92,Universal Analysis Mode,Warning,Maintenance inspection recommended soon.
NGA,566,2011,125759325.97,85.17,111.26,68.48,Universal Analysis Mode,Warning,Maintenance inspection recommended soon.
NGA,566,2012,125496000.0,83.75,111.67,67.3,Universal Analysis Mode,Warning,Maintenance inspection recommended soon.
NGA,566,2013,117895019.03,80.32,108.66,61.39,Universal Analysis Mode,Warning,Maintenance inspection recommended soon.
NGA,566,2014,120675632.9,71.97,98.95,59.93,Universal Analysis Mode,Warning,Maintenance inspection recommended soon.
VDR,998,1932,0.0,10.86,0.87,25.91,Universal Analysis Mode,Healthy,Machine is safe. Continue regular monitoring.
VDR,998,1933,0.0,8.82,0.67,25.9,Universal Analysis Mode,Healthy,Machine is safe. Continue regular monitoring.
VDR,998,1934,0.0,12.72,1.0,26.37,Universal Analysis Mode,Healthy,Machine is safe. Continue regular monitoring.
VDR,998,1935,0.0,12.04,0.97,26.02,Universal Analysis Mode,Healthy,Machine is safe. Continue regular monitoring.
VDR,998,1936,0.0,13.38,1.09,26.33,Universal Analysis Mode,Healthy,Machine is safe. Continue regular monitoring.
VDR,998,1937,0.0,13.98,1.18,26.09,Universal Analysis Mode,Healthy,Machine is safe. Continue regular monitoring.
VDR,998,1938,0.0,13.66,1.13,26.12,Universal Analysis Mode,Healthy,Machine is safe. Continue regular monitoring.
VDR,998,1939,0.0,12.5,1.02,26.05,Universal Analysis Mode,Healthy,Machine is safe. Continue regular monitoring.
VDR,998,1940,0.0,12.38,1.02,25.97,Universal Analysis Mode,Healthy,Machine is safe. Continue regular monitoring.
VDR,998,1941,0.0,13.18,1.14,26.0,Universal Analysis Mode,Healthy,Machine is safe. Continue regular monitoring.
VDR,998,1942,0.0,12.42,1.19,25.81,Universal Analysis Mode,Healthy,Machine is safe. Continue regular monitoring.
VDR,998,1943,0.0,11.81,1.2,25.56,Universal Analysis Mode,Healthy,Machine is safe. Continue regular monitoring.
VDR,998,1944,0.0,11.71,1.21,25.52,Universal Analysis Mode,Healthy,Machine is safe. Continue regular monitoring.
VDR,998,1945,0.0,9.93,1.05,25.99,Universal Analysis Mode,Healthy,Machine is safe. Continue regular monitoring.
VDR,998,1946,0.0,9.77,1.12,25.88,Universal Analysis Mode,Healthy,Machine is safe. Continue regular monitoring.
VDR,998,1947,0.0,14.48,1.9,26.83,Universal Analysis Mode,Healthy,Machine is safe. Continue regular monitoring.
VDR,998,1948,0.0,14.07,1.99,26.85,Universal Analysis Mode,Healthy,Machine is safe. Continue regular monitoring.
VDR,998,1949,0.0,12.71,1.78,26.41,Universal Analysis Mode,Healthy,Machine is safe. Continue regular monitoring.
VDR,998,1950,0.0,12.08,1.71,28.74,Universal Analysis Mode,Healthy,Machine is safe. Continue regular monitoring.
VDR,998,1951,0.0,11.2,1.71,28.59,Universal Analysis Mode,Healthy,Machine is safe. Continue regular monitoring.
VDR,998,1952,0.0,10.96,1.71,28.6,Universal Analysis Mode,Healthy,Machine is safe. Continue regular monitoring.
VDR,998,1953,0.0,12.27,1.93,29.15,Universal Analysis Mode,Healthy,Machine is safe. Continue regular monitoring.
VDR,998,1954,0.0,12.21,1.93,29.08,Universal Analysis Mode,Healthy,Machine is safe. Continue regular monitoring.
VDR,998,1955,0.0,12.27,1.93,28.78,Universal Analysis Mode,Healthy,Machine is safe. Continue regular monitoring.
VDR,998,1956,0.0,12.07,1.93,28.81,Universal Analysis Mode,Healthy,Machine is safe. Continue regular monitoring.
VDR,998,1957,0.0,11.48,1.9,28.59,Universal Analysis Mode,Healthy,Machine is safe. Continue regular monitoring.
VDR,998,1958,0.0,12.25,2.08,29.1,Universal Analysis Mode,Healthy,Machine is safe. Continue regular monitoring.
VDR,998,1959,0.0,12.14,2.08,29.19,Universal Analysis Mode,Healthy,Machine is safe. Continue regular monitoring.
VDR,998,1960,0.0,10.91,1.9,29.2,Universal Analysis Mode,Healthy,Machine is safe. Continue regular monitoring.
VDR,998,1961,0.0,10.24,1.8,29.23,Universal Analysis Mode,Healthy,Machine is safe. Continue regular monitoring.
VDR,998,1962,0.0,10.12,1.8,30.16,Universal Analysis Mode,Warning,Maintenance inspection recommended soon.
VDR,998,1963,0.0,9.99,1.8,30.03,Universal Analysis Mode,Warning,Maintenance inspection recommended soon.
VDR,998,1964,0.0,9.86,1.8,29.15,Universal Analysis Mode,Healthy,Machine is safe. Continue regular monitoring.
VDR,998,1965,0.0,9.71,1.8,29.8,Universal Analysis Mode,Healthy,Machine is safe. Continue regular monitoring.
VDR,998,1966,0.0,9.41,1.8,29.2,Universal Analysis Mode,Healthy,Machine is safe. Continue regular monitoring.
VDR,998,1967,0.0,9.16,1.8,29.09,Universal Analysis Mode,Healthy,Machine is safe. Continue regular monitoring.
VDR,998,1968,0.0,8.8,1.8,28.86,Universal Analysis Mode,Healthy,Machine is safe. Continue regular monitoring.
VDR,998,1969,0.0,8.35,1.8,28.97,Universal Analysis Mode,Healthy,Machine is safe. Continue regular monitoring.
VDR,998,1970,0.0,7.88,1.8,28.72,Universal Analysis Mode,Healthy,Machine is safe. Continue regular monitoring.
VDR,998,1971,0.0,9.41,2.24,29.06,Universal Analysis Mode,Healthy,Machine is safe. Continue regular monitoring.
VDR,998,1972,0.0,10.09,2.48,29.08,Universal Analysis Mode,Healthy,Machine is safe. Continue regular monitoring.
VDR,998,1973,0.0,12.59,3.29,29.31,Universal Analysis Mode,Healthy,Machine is safe. Continue regular monitoring.
VDR,998,1974,0.0,39.93,11.58,31.19,Universal Analysis Mode,Warning,Maintenance inspection recommended soon.
VDR,998,1975,0.0,36.44,11.53,31.46,Universal Analysis Mode,Warning,Maintenance inspection recommended soon.
VDR,998,1976,0.0,38.23,12.8,32.24,Universal Analysis Mode,Warning,Maintenance inspection recommended soon.
VDR,998,1977,49800.0,39.04,13.92,37.79,Universal Analysis Mode,Warning,Maintenance inspection recommended soon.
VDR,998,1978,49800.0,36.54,14.02,37.46,Universal Analysis Mode,Warning,Maintenance inspection recommended soon.
VDR,998,1979,49800.0,74.02,31.61,39.84,Universal Analysis Mode,Warning,Maintenance inspection recommended soon.
VDR,998,1980,49800.0,75.97,36.83,41.07,Universal Analysis Mode,Warning,Maintenance inspection recommended soon.
VDR,998,1981,49800.0,67.14,35.93,41.56,Universal Analysis Mode,Warning,Maintenance inspection recommended soon.
VDR,998,1982,49800.0,58.02,32.97,41.65,Universal Analysis Mode,Warning,Maintenance inspection recommended soon.
VDR,998,1983,49800.0,50.39,29.55,41.26,Universal Analysis Mode,Warning,Maintenance inspection recommended soon.
VDR,998,1984,49800.0,45.82,28.78,40.88,Universal Analysis Mode,Warning,Maintenance inspection recommended soon.
VDR,998,1985,49800.0,43.43,27.56,40.61,Universal Analysis Mode,Warning,Maintenance inspection recommended soon.
VDR,998,1986,49800.0,22.22,14.43,38.22,Universal Analysis Mode,Warning,Maintenance inspection recommended soon.
VDR,998,1987,49800.0,27.46,18.44,37.28,Universal Analysis Mode,Warning,Maintenance inspection recommended soon.
VDR,998,1988,49800.0,21.42,14.92,35.7,Universal Analysis Mode,Warning,Maintenance inspection recommended soon.
VDR,998,1989,49800.0,24.87,18.23,36.17,Universal Analysis Mode,Warning,Maintenance inspection recommended soon.
VDR,998,1990,49800.0,30.88,23.73,38.14,Universal Analysis Mode,Warning,Maintenance inspection recommended soon.
VDR,998,1991,49800.0,24.95,20.0,38.02,Universal Analysis Mode,Warning,Maintenance inspection recommended soon.
VDR,998,1992,49800.0,23.39,19.32,36.48,Universal Analysis Mode,Warning,Maintenance inspection recommended soon.
VDR,998,1993,49800.0,20.01,16.97,36.07,Universal Analysis Mode,Warning,Maintenance inspection recommended soon.
VDR,998,1994,49800.0,18.26,15.82,35.51,Universal Analysis Mode,Warning,Maintenance inspection recommended soon.
VDR,998,1995,49800.0,19.1,17.02,35.44,Universal Analysis Mode,Warning,Maintenance inspection recommended soon.
VDR,998,1996,49800.0,22.48,20.67,36.2,Universal Analysis Mode,Warning,Maintenance inspection recommended soon.
VDR,998,1997,49800.0,20.38,19.09,36.02,Universal Analysis Mode,Warning,Maintenance inspection recommended soon.
VDR,998,1998,49800.0,13.62,12.72,34.99,Universal Analysis Mode,Warning,Maintenance inspection recommended soon.
VDR,998,1999,49800.0,18.56,17.97,35.73,Universal Analysis Mode,Warning,Maintenance inspection recommended soon.
VDR,998,2000,49800.0,28.5,28.5,38.9,Universal Analysis Mode,Warning,Maintenance inspection recommended soon.
VDR,998,2001,49800.0,23.7,24.44,38.83,Universal Analysis Mode,Warning,Maintenance inspection recommended soon.
VDR,998,2002,49800.0,23.72,25.02,38.41,Universal Analysis Mode,Warning,Maintenance inspection recommended soon.
VDR,998,2003,49800.0,26.54,28.83,40.52,Universal Analysis Mode,Warning,Maintenance inspection recommended soon.
VDR,998,2004,49800.0,34.3,38.26,41.01,Universal Analysis Mode,Warning,Maintenance inspection recommended soon.
VDR,998,2005,49800.0,47.26,54.52,42.26,Universal Analysis Mode,Warning,Maintenance inspection recommended soon.
VDR,998,2006,49800.0,55.37,65.14,41.68,Universal Analysis Mode,Warning,Maintenance inspection recommended soon.
VDR,998,2007,49800.0,60.12,72.39,41.63,Universal Analysis Mode,Warning,Maintenance inspection recommended soon.
VDR,998,2008,49800.0,77.79,97.26,42.29,Universal Analysis Mode,Warning,Maintenance inspection recommended soon.
VDR,998,2009,49800.0,49.5,61.67,39.17,Universal Analysis Mode,Warning,Maintenance inspection recommended soon.
VDR,998,2010,49800.0,62.78,79.5,38.1,Universal Analysis Mode,Warning,Maintenance inspection recommended soon.
VDR,998,2011,49800.0,85.17,111.26,37.56,Universal Analysis Mode,Warning,Maintenance inspection recommended soon.
VDR,998,2012,49800.0,83.75,111.67,36.43,Universal Analysis Mode,Warning,Maintenance inspection recommended soon.
VDR,998,2013,49800.0,80.32,108.66,36.67,Universal Analysis Mode,Warning,Maintenance inspection recommended soon.
VDR,998,2014,49800.0,71.97,98.95,35.88,Universal Analysis Mode,Warning,Maintenance inspection recommended soon.
NOR,578,1932,49800.0,10.86,0.87,29.65,Universal Analysis Mode,Healthy,Machine is safe. Continue regular monitoring.
NOR,578,1933,49800.0,8.82,0.67,29.63,Universal Analysis Mode,Healthy,Machine is safe. Continue regular monitoring.
NOR,578,1934,49800.0,12.72,1.0,30.11,Universal Analysis Mode,Warning,Maintenance inspection recommended soon.
NOR,578,1935,49800.0,12.04,0.97,29.76,Universal Analysis Mode,Healthy,Machine is safe. Continue regular monitoring.
NOR,578,1936,49800.0,13.38,1.09,30.07,Universal Analysis Mode,Warning,Maintenance inspection recommended soon.
NOR,578,1937,49800.0,13.98,1.18,29.84,Universal Analysis Mode,Healthy,Machine is safe. Continue regular monitoring.
NOR,578,1938,49800.0,13.66,1.13,29.87,Universal Analysis Mode,Healthy,Machine is safe. Continue regular monitoring.
NOR,578,1939,49800.0,12.5,1.02,29.8,Universal Analysis Mode,Healthy,Machine is safe. Continue regular monitoring.
NOR,578,1940,49800.0,12.38,1.02,29.73,Universal Analysis Mode,Healthy,Machine is safe. Continue regular monitoring.
NOR,578,1941,49800.0,13.18,1.14,29.76,Universal Analysis Mode,Healthy,Machine is safe. Continue regular monitoring.
NOR,578,1942,49800.0,12.42,1.19,29.58,Universal Analysis Mode,Healthy,Machine is safe. Continue regular monitoring.
NOR,578,1943,49800.0,11.81,1.2,29.33,Universal Analysis Mode,Healthy,Machine is safe. Continue regular monitoring.
NOR,578,1944,49800.0,11.71,1.21,29.29,Universal Analysis Mode,Healthy,Machine is safe. Continue regular monitoring.
NOR,578,1945,49800.0,9.93,1.05,28.95,Universal Analysis Mode,Healthy,Machine is safe. Continue regular monitoring.
NOR,578,1946,49800.0,9.77,1.12,28.85,Universal Analysis Mode,Healthy,Machine is safe. Continue regular monitoring.
NOR,578,1947,49800.0,14.48,1.9,29.8,Universal Analysis Mode,Healthy,Machine is safe. Continue regular monitoring.
NOR,578,1948,49800.0,14.07,1.99,29.83,Universal Analysis Mode,Healthy,Machine is safe. Continue regular monitoring.
NOR,578,1949,49800.0,12.71,1.78,29.39,Universal Analysis Mode,Healthy,Machine is safe. Continue regular monitoring.
NOR,578,1950,49800.0,12.08,1.71,29.21,Universal Analysis Mode,Healthy,Machine is safe. Continue regular monitoring.
NOR,578,1951,49800.0,11.2,1.71,29.02,Universal Analysis Mode,Healthy,Machine is safe. Continue regular monitoring.
NOR,578,1952,49800.0,10.96,1.71,29.0,Universal Analysis Mode,Healthy,Machine is safe. Continue regular monitoring.
NOR,578,1953,49800.0,12.27,1.93,29.51,Universal Analysis Mode,Healthy,Machine is safe. Continue regular monitoring.
NOR,578,1954,49800.0,12.21,1.93,29.41,Universal Analysis Mode,Healthy,Machine is safe. Continue regular monitoring.
NOR,578,1955,49800.0,12.27,1.93,29.06,Universal Analysis Mode,Healthy,Machine is safe. Continue regular monitoring.
NOR,578,1956,49800.0,12.07,1.93,29.04,Universal Analysis Mode,Healthy,Machine is safe. Continue regular monitoring.
NOR,578,1957,49800.0,11.48,1.9,28.77,Universal Analysis Mode,Healthy,Machine is safe. Continue regular monitoring.
NOR,578,1958,49800.0,12.25,2.08,29.21,Universal Analysis Mode,Healthy,Machine is safe. Continue regular monitoring.
NOR,578,1959,49800.0,12.14,2.08,29.24,Universal Analysis Mode,Healthy,Machine is safe. Continue regular monitoring.
NOR,578,1960,0.0,10.91,1.9,24.82,Universal Analysis Mode,Healthy,Machine is safe. Continue regular monitoring.
NOR,578,1961,0.0,10.24,1.8,24.76,Universal Analysis Mode,Healthy,Machine is safe. Continue regular monitoring.
NOR,578,1962,0.0,10.12,1.8,25.63,Universal Analysis Mode,Healthy,Machine is safe. Continue regular monitoring.
NOR,578,1963,0.0,9.99,1.8,25.45,Universal Analysis Mode,Healthy,Machine is safe. Continue regular monitoring.
NOR,578,1964,0.0,9.86,1.8,24.54,Universal Analysis Mode,Healthy,Machine is safe. Continue regular monitoring.
NOR,578,1965,0.0,9.71,1.8,25.14,Universal Analysis Mode,Healthy,Machine is safe. Continue regular monitoring.
NOR,578,1966,0.0,9.41,1.8,24.49,Universal Analysis Mode,Healthy,Machine is safe. Continue regular monitoring.
NOR,578,1967,0.0,9.16,1.8,24.37,Universal Analysis Mode,Healthy,Machine is safe. Continue regular monitoring.
NOR,578,1968,0.0,8.8,1.8,24.13,Universal Analysis Mode,Healthy,Machine is safe. Continue regular monitoring.
NOR,578,1969,0.0,8.35,1.8,24.24,Universal Analysis Mode,Healthy,Machine is safe. Continue regular monitoring.
NOR,578,1970,0.0,7.88,1.8,23.99,Universal Analysis Mode,Healthy,Machine is safe. Continue regular monitoring.
NOR,578,1971,293000.0,9.41,2.24,34.82,Universal Analysis Mode,Warning,Maintenance inspection recommended soon.
NOR,578,1972,1626000.0,10.09,2.48,43.14,Universal Analysis Mode,Warning,Maintenance inspection recommended soon.
NOR,578,1973,1584000.0,12.59,3.29,43.93,Universal Analysis Mode,Warning,Maintenance inspection recommended soon.
NOR,578,1974,1706000.0,39.93,11.58,49.1,Universal Analysis Mode,Warning,Maintenance inspection recommended soon.
NOR,578,1975,9276000.0,36.44,11.53,50.75,Universal Analysis Mode,Warning,Maintenance inspection recommended soon.
NOR,578,1976,13800000.0,38.23,12.8,52.72,Universal Analysis Mode,Warning,Maintenance inspection recommended soon.
NOR,578,1977,13600000.0,39.04,13.92,54.45,Universal Analysis Mode,Warning,Maintenance inspection recommended soon.
NOR,578,1978,17000000.0,36.54,14.02,54.74,Universal Analysis Mode,Warning,Maintenance inspection recommended soon.
NOR,578,1979,18800000.0,74.02,31.61,57.59,Universal Analysis Mode,Warning,Maintenance inspection recommended soon.
NOR,578,1980,24600000.0,75.97,36.83,59.06,Universal Analysis Mode,Warning,Maintenance inspection recommended soon.
NOR,578,1981,23500000.0,67.14,35.93,59.53,Universal Analysis Mode,Warning,Maintenance inspection recommended soon.
NOR,578,1982,24500000.0,58.02,32.97,59.67,Universal Analysis Mode,Warning,Maintenance inspection recommended soon.
NOR,578,1983,30500000.0,50.39,29.55,59.28,Universal Analysis Mode,Warning,Maintenance inspection recommended soon.
NOR,578,1984,33800000.0,45.82,28.78,62.73,Universal Analysis Mode,Warning,Maintenance inspection recommended soon.
NOR,578,1985,37000000.0,43.43,27.56,62.47,Universal Analysis Mode,Warning,Maintenance inspection recommended soon.
NOR,578,1986,40500000.0,22.22,14.43,59.88,Universal Analysis Mode,Warning,Maintenance inspection recommended soon.
NOR,578,1987,49500000.0,27.46,18.44,58.92,Universal Analysis Mode,Warning,Maintenance inspection recommended soon.
NOR,578,1988,56200000.0,21.42,14.92,57.28,Universal Analysis Mode,Warning,Maintenance inspection recommended soon.
NOR,578,1989,74500000.0,24.87,18.23,57.95,Universal Analysis Mode,Warning,Maintenance inspection recommended soon.
NOR,578,1990,81700000.0,30.88,23.73,64.71,Universal Analysis Mode,Warning,Maintenance inspection recommended soon.
NOR,578,1991,93300000.0,24.95,20.0,64.65,Universal Analysis Mode,Warning,Maintenance inspection recommended soon.
NOR,578,1992,107000000.0,23.39,19.32,63.12,Universal Analysis Mode,Warning,Maintenance inspection recommended soon.
NOR,578,1993,114000000.0,20.01,16.97,62.68,Universal Analysis Mode,Warning,Maintenance inspection recommended soon.
NOR,578,1994,129000000.0,18.26,15.82,62.16,Universal Analysis Mode,Warning,Maintenance inspection recommended soon.
NOR,578,1995,139000000.0,19.1,17.02,62.15,Universal Analysis Mode,Warning,Maintenance inspection recommended soon.
NOR,578,1996,156000000.0,22.48,20.67,63.12,Universal Analysis Mode,Warning,Maintenance inspection recommended soon.
NOR,578,1997,157000000.0,20.38,19.09,62.94,Universal Analysis Mode,Warning,Maintenance inspection recommended soon.
NOR,578,1998,150000000.0,13.62,12.72,61.72,Universal Analysis Mode,Warning,Maintenance inspection recommended soon.
NOR,578,1999,149000000.0,18.56,17.97,62.6,Universal Analysis Mode,Warning,Maintenance inspection recommended soon.
NOR,578,2000,161000000.0,28.5,28.5,66.03,Universal Analysis Mode,Warning,Maintenance inspection recommended soon.
NOR,578,2001,161000000.0,23.7,24.44,66.05,Universal Analysis Mode,Warning,Maintenance inspection recommended soon.
NOR,578,2002,156000000.0,23.72,25.02,65.64,Universal Analysis Mode,Warning,Maintenance inspection recommended soon.
NOR,578,2003,151000000.0,26.54,28.83,67.85,Universal Analysis Mode,Warning,Maintenance inspection recommended soon.
NOR,578,2004,147000000.0,34.3,38.26,68.4,Universal Analysis Mode,Warning,Maintenance inspection recommended soon.
NOR,578,2005,134000000.0,47.26,54.52,69.72,Universal Analysis Mode,Warning,Maintenance inspection recommended soon.
NOR,578,2006,124000000.0,55.37,65.14,69.1,Universal Analysis Mode,Warning,Maintenance inspection recommended soon.
NOR,578,2007,113057079.01,60.12,72.39,69.04,Universal Analysis Mode,Warning,Maintenance inspection recommended soon.
NOR,578,2008,108661422.74,77.79,97.26,69.74,Universal Analysis Mode,Warning,Maintenance inspection recommended soon.
NOR,578,2009,102957748.07,49.5,61.67,66.45,Universal Analysis Mode,Warning,Maintenance inspection recommended soon.
NOR,578,2010,93090253.06,62.78,79.5,67.46,Universal Analysis Mode,Warning,Maintenance inspection recommended soon.
NOR,578,2011,87261606.78,85.17,111.26,66.94,Universal Analysis Mode,Warning,Maintenance inspection recommended soon.
NOR,578,2012,80010639.13,83.75,111.67,65.71,Universal Analysis Mode,Warning,Maintenance inspection recommended soon.
NOR,578,2013,76189088.23,80.32,108.66,65.94,Universal Analysis Mode,Warning,Maintenance inspection recommended soon.
NOR,578,2014,78093767.91,71.97,98.95,58.38,Universal Analysis Mode,Warning,Maintenance inspection recommended soon.
OMN,512,1932,49800.0,10.86,0.87,29.32,Universal Analysis Mode,Healthy,Machine is safe. Continue regular monitoring.
OMN,512,1933,49800.0,8.82,0.67,29.31,Universal Analysis Mode,Healthy,Machine is safe. Continue regular monitoring.
OMN,512,1934,49800.0,12.72,1.0,29.78,Universal Analysis Mode,Healthy,Machine is safe. Continue regular monitoring.
OMN,512,1935,49800.0,12.04,0.97,29.43,Universal Analysis Mode,Healthy,Machine is safe. Continue regular monitoring.
OMN,512,1936,49800.0,13.38,1.09,29.74,Universal Analysis Mode,Healthy,Machine is safe. Continue regular monitoring.
OMN,512,1937,49800.0,13.98,1.18,29.5,Universal Analysis Mode,Healthy,Machine is safe. Continue regular monitoring.
OMN,512,1938,49800.0,13.66,1.13,29.53,Universal Analysis Mode,Healthy,Machine is safe. Continue regular monitoring.
OMN,512,1939,49800.0,12.5,1.02,29.46,Universal Analysis Mode,Healthy,Machine is safe. Continue regular monitoring.
OMN,512,1940,49800.0,12.38,1.02,29.38,Universal Analysis Mode,Healthy,Machine is safe. Continue regular monitoring.
OMN,512,1941,49800.0,13.18,1.14,29.41,Universal Analysis Mode,Healthy,Machine is safe. Continue regular monitoring.
OMN,512,1942,49800.0,12.42,1.19,29.22,Universal Analysis Mode,Healthy,Machine is safe. Continue regular monitoring.
OMN,512,1943,49800.0,11.81,1.2,28.97,Universal Analysis Mode,Healthy,Machine is safe. Continue regular monitoring.
OMN,512,1944,49800.0,11.71,1.21,28.93,Universal Analysis Mode,Healthy,Machine is safe. Continue regular monitoring.
OMN,512,1945,49800.0,9.93,1.05,28.59,Universal Analysis Mode,Healthy,Machine is safe. Continue regular monitoring.
OMN,512,1946,49800.0,9.77,1.12,28.48,Universal Analysis Mode,Healthy,Machine is safe. Continue regular monitoring.
OMN,512,1947,49800.0,14.48,1.9,29.43,Universal Analysis Mode,Healthy,Machine is safe. Continue regular monitoring.
OMN,512,1948,49800.0,14.07,1.99,29.45,Universal Analysis Mode,Healthy,Machine is safe. Continue regular monitoring.
OMN,512,1949,49800.0,12.71,1.78,29.01,Universal Analysis Mode,Healthy,Machine is safe. Continue regular monitoring.
OMN,512,1950,49800.0,12.08,1.71,27.87,Universal Analysis Mode,Healthy,Machine is safe. Continue regular monitoring.
OMN,512,1951,49800.0,11.2,1.71,27.68,Universal Analysis Mode,Healthy,Machine is safe. Continue regular monitoring.
OMN,512,1952,49800.0,10.96,1.71,27.66,Universal Analysis Mode,Healthy,Machine is safe. Continue regular monitoring.
OMN,512,1953,49800.0,12.27,1.93,28.17,Universal Analysis Mode,Healthy,Machine is safe. Continue regular monitoring.
OMN,512,1954,49800.0,12.21,1.93,28.06,Universal Analysis Mode,Healthy,Machine is safe. Continue regular monitoring.
OMN,512,1955,49800.0,12.27,1.93,27.72,Universal Analysis Mode,Healthy,Machine is safe. Continue regular monitoring.
OMN,512,1956,49800.0,12.07,1.93,27.7,Universal Analysis Mode,Healthy,Machine is safe. Continue regular monitoring.
OMN,512,1957,49800.0,11.48,1.9,27.43,Universal Analysis Mode,Healthy,Machine is safe. Continue regular monitoring.
OMN,512,1958,49800.0,12.25,2.08,27.87,Universal Analysis Mode,Healthy,Machine is safe. Continue regular monitoring.
OMN,512,1959,49800.0,12.14,2.08,27.9,Universal Analysis Mode,Healthy,Machine is safe. Continue regular monitoring.
OMN,512,1960,49800.0,10.91,1.9,27.83,Universal Analysis Mode,Healthy,Machine is safe. Continue regular monitoring.
OMN,512,1961,49800.0,10.24,1.8,27.78,Universal Analysis Mode,Healthy,Machine is safe. Continue regular monitoring.
OMN,512,1962,49800.0,10.12,1.8,28.64,Universal Analysis Mode,Healthy,Machine is safe. Continue regular monitoring.
OMN,512,1963,49800.0,9.99,1.8,28.47,Universal Analysis Mode,Healthy,Machine is safe. Continue regular monitoring.
OMN,512,1964,2400410.0,9.86,1.8,42.81,Universal Analysis Mode,Warning,Maintenance inspection recommended soon.
OMN,512,1965,9216530.0,9.71,1.8,44.63,Universal Analysis Mode,Warning,Maintenance inspection recommended soon.
OMN,512,1966,14000000.0,9.41,1.8,44.24,Universal Analysis Mode,Warning,Maintenance inspection recommended soon.
OMN,512,1967,18000000.0,9.16,1.8,44.26,Universal Analysis Mode,Warning,Maintenance inspection recommended soon.
OMN,512,1968,22200000.0,8.8,1.8,44.13,Universal Analysis Mode,Warning,Maintenance inspection recommended soon.
OMN,512,1969,16400000.0,8.35,1.8,44.03,Universal Analysis Mode,Warning,Maintenance inspection recommended soon.
OMN,512,1970,16600000.0,7.88,1.8,47.73,Universal Analysis Mode,Warning,Maintenance inspection recommended soon.
OMN,512,1971,14700000.0,9.41,2.24,48.08,Universal Analysis Mode,Warning,Maintenance inspection recommended soon.
OMN,512,1972,14100000.0,10.09,2.48,48.13,Universal Analysis Mode,Warning,Maintenance inspection recommended soon.
OMN,512,1973,14600000.0,12.59,3.29,48.5,Universal Analysis Mode,Warning,Maintenance inspection recommended soon.
OMN,512,1974,14500000.0,39.93,11.58,50.95,Universal Analysis Mode,Warning,Maintenance inspection recommended soon.
OMN,512,1975,17000000.0,36.44,11.53,51.33,Universal Analysis Mode,Warning,Maintenance inspection recommended soon.
OMN,512,1976,18300000.0,38.23,12.8,53.06,Universal Analysis Mode,Warning,Maintenance inspection recommended soon.
OMN,512,1977,17000000.0,39.04,13.92,54.3,Universal Analysis Mode,Warning,Maintenance inspection recommended soon.
OMN,512,1978,15700000.0,36.54,14.02,53.87,Universal Analysis Mode,Warning,Maintenance inspection recommended soon.
OMN,512,1979,14600000.0,74.02,31.61,56.58,Universal Analysis Mode,Warning,Maintenance inspection recommended soon.
OMN,512,1980,14000000.0,75.97,36.83,57.8,Universal Analysis Mode,Warning,Maintenance inspection recommended soon.
OMN,512,1981,16300000.0,67.14,35.93,58.39,Universal Analysis Mode,Warning,Maintenance inspection recommended soon.
OMN,512,1982,16700000.0,58.02,32.97,58.45,Universal Analysis Mode,Warning,Maintenance inspection recommended soon.
OMN,512,1983,19300000.0,50.39,29.55,58.1,Universal Analysis Mode,Warning,Maintenance inspection recommended soon.
OMN,512,1984,20700000.0,45.82,28.78,57.75,Universal Analysis Mode,Warning,Maintenance inspection recommended soon.
OMN,512,1985,24700000.0,43.43,27.56,57.53,Universal Analysis Mode,Warning,Maintenance inspection recommended soon.
OMN,512,1986,27800000.0,22.22,14.43,58.69,Universal Analysis Mode,Warning,Maintenance inspection recommended soon.
OMN,512,1987,29000000.0,27.46,18.44,57.58,Universal Analysis Mode,Warning,Maintenance inspection recommended soon.
OMN,512,1988,30900000.0,21.42,14.92,55.89,Universal Analysis Mode,Warning,Maintenance inspection recommended soon.
OMN,512,1989,32100000.0,24.87,18.23,56.46,Universal Analysis Mode,Warning,Maintenance inspection recommended soon.
OMN,512,1990,34200000.0,30.88,23.73,59.41,Universal Analysis Mode,Warning,Maintenance inspection recommended soon.
OMN,512,1991,35300000.0,24.95,20.0,59.23,Universal Analysis Mode,Warning,Maintenance inspection recommended soon.
OMN,512,1992,37000000.0,23.39,19.32,57.68,Universal Analysis Mode,Warning,Maintenance inspection recommended soon.
OMN,512,1993,38800000.0,20.01,16.97,57.22,Universal Analysis Mode,Warning,Maintenance inspection recommended soon.
OMN,512,1994,40500000.0,18.26,15.82,60.31,Universal Analysis Mode,Warning,Maintenance inspection recommended soon.
OMN,512,1995,42800000.0,19.1,17.02,60.39,Universal Analysis Mode,Warning,Maintenance inspection recommended soon.
OMN,512,1996,44400000.0,22.48,20.67,61.29,Universal Analysis Mode,Warning,Maintenance inspection recommended soon.
OMN,512,1997,44900000.0,20.38,19.09,61.12,Universal Analysis Mode,Warning,Maintenance inspection recommended soon.
OMN,512,1998,44700000.0,13.62,12.72,59.84,Universal Analysis Mode,Warning,Maintenance inspection recommended soon.
OMN,512,1999,45000000.0,18.56,17.97,60.77,Universal Analysis Mode,Warning,Maintenance inspection recommended soon.
OMN,512,2000,47600000.0,28.5,28.5,64.49,Universal Analysis Mode,Warning,Maintenance inspection recommended soon.
OMN,512,2001,45500000.0,23.7,24.44,64.69,Universal Analysis Mode,Warning,Maintenance inspection recommended soon.
OMN,512,2002,44700000.0,23.72,25.02,64.28,Universal Analysis Mode,Warning,Maintenance inspection recommended soon.
OMN,512,2003,40800000.0,26.54,28.83,66.56,Universal Analysis Mode,Warning,Maintenance inspection recommended soon.
OMN,512,2004,37400000.0,34.3,38.26,67.16,Universal Analysis Mode,Warning,Maintenance inspection recommended soon.
OMN,512,2005,38600000.0,47.26,54.52,68.59,Universal Analysis Mode,Warning,Maintenance inspection recommended soon.
OMN,512,2006,36700000.0,55.37,65.14,68.0,Universal Analysis Mode,Warning,Maintenance inspection recommended soon.
OMN,512,2007,35375874.71,60.12,72.39,67.98,Universal Analysis Mode,Warning,Maintenance inspection recommended soon.
OMN,512,2008,37714589.29,77.79,97.26,68.78,Universal Analysis Mode,Warning,Maintenance inspection recommended soon.
OMN,512,2009,40463219.11,49.5,61.67,65.35,Universal Analysis Mode,Warning,Maintenance inspection recommended soon.
OMN,512,2010,43056477.42,62.78,79.5,66.57,Universal Analysis Mode,Warning,Maintenance inspection recommended soon.
OMN,512,2011,44106959.62,85.17,111.26,66.11,Universal Analysis Mode,Warning,Maintenance inspection recommended soon.
OMN,512,2012,45744701.84,83.75,111.67,64.94,Universal Analysis Mode,Warning,Maintenance inspection recommended soon.
OMN,512,2013,46808133.03,80.32,108.66,59.16,Universal Analysis Mode,Warning,Maintenance inspection recommended soon.
OMN,512,2014,46985286.07,71.97,98.95,57.84,Universal Analysis Mode,Warning,Maintenance inspection recommended soon.
PAK,586,1932,49800.0,10.86,0.87,29.45,Universal Analysis Mode,Healthy,Machine is safe. Continue regular monitoring.
PAK,586,1933,49800.0,8.82,0.67,29.43,Universal Analysis Mode,Healthy,Machine is safe. Continue regular monitoring.
PAK,586,1934,49800.0,12.72,1.0,29.91,Universal Analysis Mode,Healthy,Machine is safe. Continue regular monitoring.
PAK,586,1935,49800.0,12.04,0.97,29.56,Universal Analysis Mode,Healthy,Machine is safe. Continue regular monitoring.
PAK,586,1936,49800.0,13.38,1.09,29.86,Universal Analysis Mode,Healthy,Machine is safe. Continue regular monitoring.
PAK,586,1937,49800.0,13.98,1.18,29.63,Universal Analysis Mode,Healthy,Machine is safe. Continue regular monitoring.
PAK,586,1938,49800.0,13.66,1.13,29.66,Universal Analysis Mode,Healthy,Machine is safe. Continue regular monitoring.
PAK,586,1939,49800.0,12.5,1.02,29.58,Universal Analysis Mode,Healthy,Machine is safe. Continue regular monitoring.
PAK,586,1940,49800.0,12.38,1.02,29.51,Universal Analysis Mode,Healthy,Machine is safe. Continue regular monitoring.
PAK,586,1941,49800.0,13.18,1.14,29.54,Universal Analysis Mode,Healthy,Machine is safe. Continue regular monitoring.
PAK,586,1942,49800.0,12.42,1.19,29.35,Universal Analysis Mode,Healthy,Machine is safe. Continue regular monitoring.
PAK,586,1943,49800.0,11.81,1.2,29.1,Universal Analysis Mode,Healthy,Machine is safe. Continue regular monitoring.
PAK,586,1944,49800.0,11.71,1.21,29.05,Universal Analysis Mode,Healthy,Machine is safe. Continue regular monitoring.
PAK,586,1945,49800.0,9.93,1.05,28.71,Universal Analysis Mode,Healthy,Machine is safe. Continue regular monitoring.
PAK,586,1946,49800.0,9.77,1.12,28.61,Universal Analysis Mode,Healthy,Machine is safe. Continue regular monitoring.
PAK,586,1947,49800.0,14.48,1.9,29.55,Universal Analysis Mode,Healthy,Machine is safe. Continue regular monitoring.
PAK,586,1948,49800.0,14.07,1.99,29.58,Universal Analysis Mode,Healthy,Machine is safe. Continue regular monitoring.
PAK,586,1949,49800.0,12.71,1.78,29.13,Universal Analysis Mode,Healthy,Machine is safe. Continue regular monitoring.
PAK,586,1950,49800.0,12.08,1.71,32.37,Universal Analysis Mode,Warning,Maintenance inspection recommended soon.
PAK,586,1951,49800.0,11.2,1.71,32.18,Universal Analysis Mode,Warning,Maintenance inspection recommended soon.
PAK,586,1952,49800.0,10.96,1.71,32.16,Universal Analysis Mode,Warning,Maintenance inspection recommended soon.
PAK,586,1953,49800.0,12.27,1.93,32.68,Universal Analysis Mode,Warning,Maintenance inspection recommended soon.
PAK,586,1954,49800.0,12.21,1.93,32.58,Universal Analysis Mode,Warning,Maintenance inspection recommended soon.
PAK,586,1955,49800.0,12.27,1.93,32.23,Universal Analysis Mode,Warning,Maintenance inspection recommended soon.
PAK,586,1956,49800.0,12.07,1.93,32.22,Universal Analysis Mode,Warning,Maintenance inspection recommended soon.
PAK,586,1957,49800.0,11.48,1.9,31.95,Universal Analysis Mode,Warning,Maintenance inspection recommended soon.
PAK,586,1958,49800.0,12.25,2.08,32.4,Universal Analysis Mode,Warning,Maintenance inspection recommended soon.
PAK,586,1959,318494.0,12.14,2.08,41.7,Universal Analysis Mode,Warning,Maintenance inspection recommended soon.
PAK,586,1960,348567.5,10.91,1.9,43.18,Universal Analysis Mode,Warning,Maintenance inspection recommended soon.
PAK,586,1961,355681.2,10.24,1.8,43.64,Universal Analysis Mode,Warning,Maintenance inspection recommended soon.
PAK,586,1962,362794.8,10.12,1.8,45.0,Universal Analysis Mode,Warning,Maintenance inspection recommended soon.
PAK,586,1963,369908.4,9.99,1.8,45.18,Universal Analysis Mode,Warning,Maintenance inspection recommended soon.
PAK,586,1964,377022.0,9.86,1.8,44.55,Universal Analysis Mode,Warning,Maintenance inspection recommended soon.
PAK,586,1965,384135.7,9.71,1.8,45.56,Universal Analysis Mode,Warning,Maintenance inspection recommended soon.
PAK,586,1966,391249.3,9.41,1.8,45.11,Universal Analysis Mode,Warning,Maintenance inspection recommended soon.
PAK,586,1967,398362.9,9.16,1.8,35.81,Universal Analysis Mode,Warning,Maintenance inspection recommended soon.
PAK,586,1968,405476.5,8.8,1.8,44.93,Universal Analysis Mode,Warning,Maintenance inspection recommended soon.
PAK,586,1969,412590.1,8.35,1.8,45.62,Universal Analysis Mode,Warning,Maintenance inspection recommended soon.
PAK,586,1970,419703.8,7.88,1.8,45.54,Universal Analysis Mode,Warning,Maintenance inspection recommended soon.
PAK,586,1971,408000.0,9.41,2.24,46.22,Universal Analysis Mode,Warning,Maintenance inspection recommended soon.
PAK,586,1972,401000.0,10.09,2.48,46.48,Universal Analysis Mode,Warning,Maintenance inspection recommended soon.
PAK,586,1973,408000.0,12.59,3.29,47.61,Universal Analysis Mode,Warning,Maintenance inspection recommended soon.
PAK,586,1974,381000.0,39.93,11.58,51.77,Universal Analysis Mode,Warning,Maintenance inspection recommended soon.
PAK,586,1975,326000.0,36.44,11.53,52.25,Universal Analysis Mode,Warning,Maintenance inspection recommended soon.
PAK,586,1976,335000.0,38.23,12.8,54.62,Universal Analysis Mode,Warning,Maintenance inspection recommended soon.
PAK,586,1977,499000.0,39.04,13.92,56.48,Universal Analysis Mode,Warning,Maintenance inspection recommended soon.
PAK,586,1978,472000.0,36.54,14.02,56.09,Universal Analysis Mode,Warning,Maintenance inspection recommended soon.
PAK,586,1979,495000.0,74.02,31.61,58.82,Universal Analysis Mode,Warning,Maintenance inspection recommended soon.
PAK,586,1980,476000.0,75.97,36.83,60.35,Universal Analysis Mode,Warning,Maintenance inspection recommended soon.
PAK,586,1981,474000.0,67.14,35.93,60.98,Universal Analysis Mode,Warning,Maintenance inspection recommended soon.
PAK,586,1982,529000.0,58.02,32.97,61.1,Universal Analysis Mode,Warning,Maintenance inspection recommended soon.
PAK,586,1983,632000.0,50.39,29.55,60.69,Universal Analysis Mode,Warning,Maintenance inspection recommended soon.
PAK,586,1984,651000.0,45.82,28.78,60.27,Universal Analysis Mode,Warning,Maintenance inspection recommended soon.
PAK,586,1985,1278000.0,43.43,27.56,60.22,Universal Analysis Mode,Warning,Maintenance inspection recommended soon.
PAK,586,1986,1926000.0,22.22,14.43,54.84,Universal Analysis Mode,Warning,Maintenance inspection recommended soon.
PAK,586,1987,2013000.0,27.46,18.44,53.72,Universal Analysis Mode,Warning,Maintenance inspection recommended soon.
PAK,586,1988,2189000.0,21.42,14.92,52.81,Universal Analysis Mode,Warning,Maintenance inspection recommended soon.
PAK,586,1989,2290000.0,24.87,18.23,53.37,Universal Analysis Mode,Warning,Maintenance inspection recommended soon.
PAK,586,1990,2619000.0,30.88,23.73,54.97,Universal Analysis Mode,Warning,Maintenance inspection recommended soon.
PAK,586,1991,3151000.0,24.95,20.0,55.07,Universal Analysis Mode,Warning,Maintenance inspection recommended soon.
PAK,586,1992,3014000.0,23.39,19.32,53.4,Universal Analysis Mode,Warning,Maintenance inspection recommended soon.
PAK,586,1993,2937000.0,20.01,16.97,52.93,Universal Analysis Mode,Warning,Maintenance inspection recommended soon.
PAK,586,1994,2774000.0,18.26,15.82,52.28,Universal Analysis Mode,Warning,Maintenance inspection recommended soon.
PAK,586,1995,2664000.0,19.1,17.02,52.2,Universal Analysis Mode,Warning,Maintenance inspection recommended soon.
PAK,586,1996,2850000.0,22.48,20.67,53.04,Universal Analysis Mode,Warning,Maintenance inspection recommended soon.
PAK,586,1997,2753000.0,20.38,19.09,52.86,Universal Analysis Mode,Warning,Maintenance inspection recommended soon.
PAK,586,1998,2678000.0,13.62,12.72,51.68,Universal Analysis Mode,Warning,Maintenance inspection recommended soon.
PAK,586,1999,2733000.0,18.56,17.97,52.62,Universal Analysis Mode,Warning,Maintenance inspection recommended soon.
PAK,586,2000,2825000.0,28.5,28.5,56.03,Universal Analysis Mode,Warning,Maintenance inspection recommended soon.
PAK,586,2001,2981526.0,23.7,24.44,56.16,Universal Analysis Mode,Warning,Maintenance inspection recommended soon.
PAK,586,2002,3200546.4,23.72,25.02,55.77,Universal Analysis Mode,Warning,Maintenance inspection recommended soon.
PAK,586,2003,2988000.0,26.54,28.83,58.15,Universal Analysis Mode,Warning,Maintenance inspection recommended soon.
PAK,586,2004,3087600.0,34.3,38.26,58.75,Universal Analysis Mode,Warning,Maintenance inspection recommended soon.
PAK,586,2005,3268169.32,47.26,54.52,59.58,Universal Analysis Mode,Warning,Maintenance inspection recommended soon.
PAK,586,2006,3270142.4,55.37,65.14,58.9,Universal Analysis Mode,Warning,Maintenance inspection recommended soon.
PAK,586,2007,3246705.02,60.12,72.39,58.86,Universal Analysis Mode,Warning,Maintenance inspection recommended soon.
PAK,586,2008,2917245.65,77.79,97.26,59.61,Universal Analysis Mode,Warning,Maintenance inspection recommended soon.
PAK,586,2009,2757419.03,49.5,61.67,56.07,Universal Analysis Mode,Warning,Maintenance inspection recommended soon.
PAK,586,2010,3016788.38,62.78,79.5,55.12,Universal Analysis Mode,Warning,Maintenance inspection recommended soon.
PAK,586,2011,2942020.16,85.17,111.26,54.57,Universal Analysis Mode,Warning,Maintenance inspection recommended soon.
PAK,586,2012,3585600.0,83.75,111.67,53.31,Universal Analysis Mode,Warning,Maintenance inspection recommended soon.
PAK,586,2013,4023840.0,80.32,108.66,57.44,Universal Analysis Mode,Warning,Maintenance inspection recommended soon.
PAK,586,2014,4662944.32,71.97,98.95,58.49,Universal Analysis Mode,Warning,Maintenance inspection recommended soon.
,997,1932,49800.0,10.86,0.87,30.25,Universal Analysis Mode,Warning,Maintenance inspection recommended soon.
,997,1933,49800.0,8.82,0.67,30.23,Universal Analysis Mode,Warning,Maintenance inspection recommended soon.
,997,1934,49800.0,12.72,1.0,30.71,Universal Analysis Mode,Warning,Maintenance inspection recommended soon.
,997,1935,49800.0,12.04,0.97,30.36,Universal Analysis Mode,Warning,Maintenance inspection recommended soon.
,997,1936,49800.0,13.38,1.09,30.67,Universal Analysis Mode,Warning,Maintenance inspection recommended soon.
,997,1937,49800.0,13.98,1.18,30.43,Universal Analysis Mode,Warning,Maintenance inspection recommended soon.
,997,1938,49800.0,13.66,1.13,30.46,Universal Analysis Mode,Warning,Maintenance inspection recommended soon.
,997,1939,49800.0,12.5,1.02,30.39,Universal Analysis Mode,Warning,Maintenance inspection recommended soon.
,997,1940,49800.0,12.38,1.02,30.31,Universal Analysis Mode,Warning,Maintenance inspection recommended soon.
,997,1941,49800.0,13.18,1.14,30.34,Universal Analysis Mode,Warning,Maintenance inspection recommended soon.
,997,1942,49800.0,12.42,1.19,30.15,Universal Analysis Mode,Warning,Maintenance inspection recommended soon.
,997,1943,49800.0,11.81,1.2,29.9,Universal Analysis Mode,Healthy,Machine is safe. Continue regular monitoring.
,997,1944,49800.0,11.71,1.21,29.86,Universal Analysis Mode,Healthy,Machine is safe. Continue regular monitoring.
,997,1945,49800.0,9.93,1.05,29.52,Universal Analysis Mode,Healthy,Machine is safe. Continue regular monitoring.
,997,1946,49800.0,9.77,1.12,29.41,Universal Analysis Mode,Healthy,Machine is safe. Continue regular monitoring.
,997,1947,49800.0,14.48,1.9,31.17,Universal Analysis Mode,Warning,Maintenance inspection recommended soon.
,997,1948,49800.0,14.07,1.99,31.19,Universal Analysis Mode,Warning,Maintenance inspection recommended soon.
,997,1949,49800.0,12.71,1.78,30.74,Universal Analysis Mode,Warning,Maintenance inspection recommended soon.
,997,1950,49800.0,12.08,1.71,34.21,Universal Analysis Mode,Warning,Maintenance inspection recommended soon.
,997,1951,49800.0,11.2,1.71,34.02,Universal Analysis Mode,Warning,Maintenance inspection recommended soon.
,997,1952,49800.0,10.96,1.71,34.0,Universal Analysis Mode,Warning,Maintenance inspection recommended soon.
,997,1953,49800.0,12.27,1.93,34.51,Universal Analysis Mode,Warning,Maintenance inspection recommended soon.
,997,1954,49800.0,12.21,1.93,34.4,Universal Analysis Mode,Warning,Maintenance inspection recommended soon.
,997,1955,49800.0,12.27,1.93,34.05,Universal Analysis Mode,Warning,Maintenance inspection recommended soon.
,997,1956,49800.0,12.07,1.93,34.03,Universal Analysis Mode,Warning,Maintenance inspection recommended soon.
,997,1957,49800.0,11.48,1.9,33.76,Universal Analysis Mode,Warning,Maintenance inspection recommended soon.
,997,1958,49800.0,12.25,2.08,34.21,Universal Analysis Mode,Warning,Maintenance inspection recommended soon.
,997,1959,318494.0,12.14,2.08,42.24,Universal Analysis Mode,Warning,Maintenance inspection recommended soon.
,997,1960,348567.5,10.91,1.9,44.02,Universal Analysis Mode,Warning,Maintenance inspection recommended soon.
,997,1961,355681.2,10.24,1.8,44.4,Universal Analysis Mode,Warning,Maintenance inspection recommended soon.
,997,1962,362794.8,10.12,1.8,45.6,Universal Analysis Mode,Warning,Maintenance inspection recommended soon.
,997,1963,369908.4,9.99,1.8,45.68,Universal Analysis Mode,Warning,Maintenance inspection recommended soon.
,997,1964,377022.0,9.86,1.8,44.98,Universal Analysis Mode,Warning,Maintenance inspection recommended soon.
,997,1965,384135.7,9.71,1.8,46.44,Universal Analysis Mode,Warning,Maintenance inspection recommended soon.
,997,1966,391249.3,9.41,1.8,45.92,Universal Analysis Mode,Warning,Maintenance inspection recommended soon.
,997,1967,398362.9,9.16,1.8,37.62,Universal Analysis Mode,Warning,Maintenance inspection recommended soon.
,997,1968,405476.5,8.8,1.8,45.69,Universal Analysis Mode,Warning,Maintenance inspection recommended soon.
,997,1969,412590.1,8.35,1.8,46.14,Universal Analysis Mode,Warning,Maintenance inspection recommended soon.
,997,1970,419703.8,7.88,1.8,45.99,Universal Analysis Mode,Warning,Maintenance inspection recommended soon.
,997,1971,49800.0,9.41,2.24,29.14,Universal Analysis Mode,Healthy,Machine is safe. Continue regular monitoring.
,997,1972,49800.0,10.09,2.48,29.16,Universal Analysis Mode,Healthy,Machine is safe. Continue regular monitoring.
,997,1973,49800.0,12.59,3.29,29.38,Universal Analysis Mode,Healthy,Machine is safe. Continue regular monitoring.
,997,1974,49800.0,39.93,11.58,31.25,Universal Analysis Mode,Warning,Maintenance inspection recommended soon.
,997,1975,49800.0,36.44,11.53,31.51,Universal Analysis Mode,Warning,Maintenance inspection recommended soon.
,997,1976,49800.0,38.23,12.8,33.09,Universal Analysis Mode,Warning,Maintenance inspection recommended soon.
,997,1977,49800.0,39.04,13.92,34.28,Universal Analysis Mode,Warning,Maintenance inspection recommended soon.
,997,1978,49800.0,36.54,14.02,33.94,Universal Analysis Mode,Warning,Maintenance inspection recommended soon.
,997,1979,49800.0,74.02,31.61,36.32,Universal Analysis Mode,Warning,Maintenance inspection recommended soon.
,997,1980,49800.0,75.97,36.83,37.54,Universal Analysis Mode,Warning,Maintenance inspection recommended soon.
,997,1981,49800.0,67.14,35.93,38.02,Universal Analysis Mode,Warning,Maintenance inspection recommended soon.
,997,1982,49800.0,58.02,32.97,38.11,Universal Analysis Mode,Warning,Maintenance inspection recommended soon.
,997,1983,49800.0,50.39,29.55,37.71,Universal Analysis Mode,Warning,Maintenance inspection recommended soon.
,997,1984,49800.0,45.82,28.78,37.33,Universal Analysis Mode,Warning,Maintenance inspection recommended soon.
,997,1985,49800.0,43.43,27.56,37.05,Universal Analysis Mode,Warning,Maintenance inspection recommended soon.
,997,1986,49800.0,22.22,14.43,34.64,Universal Analysis Mode,Warning,Maintenance inspection recommended soon.
,997,1987,49800.0,27.46,18.44,33.71,Universal Analysis Mode,Warning,Maintenance inspection recommended soon.
,997,1988,49800.0,21.42,14.92,32.12,Universal Analysis Mode,Warning,Maintenance inspection recommended soon.
,997,1989,49800.0,24.87,18.23,32.57,Universal Analysis Mode,Warning,Maintenance inspection recommended soon.
,997,1990,49800.0,30.88,23.73,34.54,Universal Analysis Mode,Warning,Maintenance inspection recommended soon.
,997,1991,49800.0,24.95,20.0,34.42,Universal Analysis Mode,Warning,Maintenance inspection recommended soon.
,997,1992,49800.0,23.39,19.32,32.88,Universal Analysis Mode,Warning,Maintenance inspection recommended soon.
,997,1993,49800.0,20.01,16.97,32.46,Universal Analysis Mode,Warning,Maintenance inspection recommended soon.
,997,1994,49800.0,18.26,15.82,31.9,Universal Analysis Mode,Warning,Maintenance inspection recommended soon.
,997,1995,49800.0,19.1,17.02,31.82,Universal Analysis Mode,Warning,Maintenance inspection recommended soon.
,997,1996,49800.0,22.48,20.67,32.58,Universal Analysis Mode,Warning,Maintenance inspection recommended soon.
,997,1997,49800.0,20.38,19.09,32.4,Universal Analysis Mode,Warning,Maintenance inspection recommended soon.
,997,1998,49800.0,13.62,12.72,31.36,Universal Analysis Mode,Warning,Maintenance inspection recommended soon.
,997,1999,49800.0,18.56,17.97,32.1,Universal Analysis Mode,Warning,Maintenance inspection recommended soon.
,997,2000,49800.0,28.5,28.5,35.26,Universal Analysis Mode,Warning,Maintenance inspection recommended soon.
,997,2001,49800.0,23.7,24.44,35.19,Universal Analysis Mode,Warning,Maintenance inspection recommended soon.
,997,2002,49800.0,23.72,25.02,34.77,Universal Analysis Mode,Warning,Maintenance inspection recommended soon.
,997,2003,49800.0,26.54,28.83,36.87,Universal Analysis Mode,Warning,Maintenance inspection recommended soon.
,997,2004,49800.0,34.3,38.26,37.37,Universal Analysis Mode,Warning,Maintenance inspection recommended soon.
,997,2005,49800.0,47.26,54.52,38.61,Universal Analysis Mode,Warning,Maintenance inspection recommended soon.
,997,2006,49800.0,55.37,65.14,38.03,Universal Analysis Mode,Warning,Maintenance inspection recommended soon.
,997,2007,49800.0,60.12,72.39,37.98,Universal Analysis Mode,Warning,Maintenance inspection recommended soon.
,997,2008,49800.0,77.79,97.26,38.64,Universal Analysis Mode,Warning,Maintenance inspection recommended soon.
,997,2009,49800.0,49.5,61.67,35.52,Universal Analysis Mode,Warning,Maintenance inspection recommended soon.
,997,2010,49800.0,62.78,79.5,36.27,Universal Analysis Mode,Warning,Maintenance inspection recommended soon.
,997,2011,49800.0,85.17,111.26,35.73,Universal Analysis Mode,Warning,Maintenance inspection recommended soon.
,997,2012,49800.0,83.75,111.67,34.6,Universal Analysis Mode,Warning,Maintenance inspection recommended soon.
,997,2013,49800.0,80.32,108.66,34.84,Universal Analysis Mode,Warning,Maintenance inspection recommended soon.
,997,2014,49800.0,71.97,98.95,35.87,Universal Analysis Mode,Warning,Maintenance inspection recommended soon.
PAN,591,1932,49800.0,10.86,0.87,29.33,Universal Analysis Mode,Healthy,Machine is safe. Continue regular monitoring.
PAN,591,1933,49800.0,8.82,0.67,29.32,Universal Analysis Mode,Healthy,Machine is safe. Continue regular monitoring.
PAN,591,1934,49800.0,12.72,1.0,29.8,Universal Analysis Mode,Healthy,Machine is safe. Continue regular monitoring.
PAN,591,1935,49800.0,12.04,0.97,29.46,Universal Analysis Mode,Healthy,Machine is safe. Continue regular monitoring.
PAN,591,1936,49800.0,13.38,1.09,29.77,Universal Analysis Mode,Healthy,Machine is safe. Continue regular monitoring.
PAN,591,1937,49800.0,13.98,1.18,29.54,Universal Analysis Mode,Healthy,Machine is safe. Continue regular monitoring.
PAN,591,1938,49800.0,13.66,1.13,29.58,Universal Analysis Mode,Healthy,Machine is safe. Continue regular monitoring.
PAN,591,1939,49800.0,12.5,1.02,29.51,Universal Analysis Mode,Healthy,Machine is safe. Continue regular monitoring.
PAN,591,1940,49800.0,12.38,1.02,29.44,Universal Analysis Mode,Healthy,Machine is safe. Continue regular monitoring.
PAN,591,1941,49800.0,13.18,1.14,29.47,Universal Analysis Mode,Healthy,Machine is safe. Continue regular monitoring.
PAN,591,1942,49800.0,12.42,1.19,29.3,Universal Analysis Mode,Healthy,Machine is safe. Continue regular monitoring.
PAN,591,1943,49800.0,11.81,1.2,29.06,Universal Analysis Mode,Healthy,Machine is safe. Continue regular monitoring.
PAN,591,1944,49800.0,11.71,1.21,29.01,Universal Analysis Mode,Healthy,Machine is safe. Continue regular monitoring.
PAN,591,1945,49800.0,9.93,1.05,28.67,Universal Analysis Mode,Healthy,Machine is safe. Continue regular monitoring.
PAN,591,1946,49800.0,9.77,1.12,28.56,Universal Analysis Mode,Healthy,Machine is safe. Continue regular monitoring.
PAN,591,1947,49800.0,14.48,1.9,29.52,Universal Analysis Mode,Healthy,Machine is safe. Continue regular monitoring.
PAN,591,1948,49800.0,14.07,1.99,29.54,Universal Analysis Mode,Healthy,Machine is safe. Continue regular monitoring.
PAN,591,1949,49800.0,12.71,1.78,29.09,Universal Analysis Mode,Healthy,Machine is safe. Continue regular monitoring.
PAN,591,1950,49800.0,12.08,1.71,28.93,Universal Analysis Mode,Healthy,Machine is safe. Continue regular monitoring.
PAN,591,1951,49800.0,11.2,1.71,28.73,Universal Analysis Mode,Healthy,Machine is safe. Continue regular monitoring.
PAN,591,1952,49800.0,10.96,1.71,28.71,Universal Analysis Mode,Healthy,Machine is safe. Continue regular monitoring.
PAN,591,1953,49800.0,12.27,1.93,29.22,Universal Analysis Mode,Healthy,Machine is safe. Continue regular monitoring.
PAN,591,1954,49800.0,12.21,1.93,29.12,Universal Analysis Mode,Healthy,Machine is safe. Continue regular monitoring.
PAN,591,1955,49800.0,12.27,1.93,28.77,Universal Analysis Mode,Healthy,Machine is safe. Continue regular monitoring.
PAN,591,1956,49800.0,12.07,1.93,28.75,Universal Analysis Mode,Healthy,Machine is safe. Continue regular monitoring.
PAN,591,1957,49800.0,11.48,1.9,28.48,Universal Analysis Mode,Healthy,Machine is safe. Continue regular monitoring.
PAN,591,1958,49800.0,12.25,2.08,28.93,Universal Analysis Mode,Healthy,Machine is safe. Continue regular monitoring.
PAN,591,1959,49800.0,12.14,2.08,28.95,Universal Analysis Mode,Healthy,Machine is safe. Continue regular monitoring.
PAN,591,1960,0.0,10.91,1.9,24.54,Universal Analysis Mode,Healthy,Machine is safe. Continue regular monitoring.
PAN,591,1961,0.0,10.24,1.8,24.48,Universal Analysis Mode,Healthy,Machine is safe. Continue regular monitoring.
PAN,591,1962,0.0,10.12,1.8,25.35,Universal Analysis Mode,Healthy,Machine is safe. Continue regular monitoring.
PAN,591,1963,0.0,9.99,1.8,25.17,Universal Analysis Mode,Healthy,Machine is safe. Continue regular monitoring.
PAN,591,1964,0.0,9.86,1.8,24.26,Universal Analysis Mode,Healthy,Machine is safe. Continue regular monitoring.
PAN,591,1965,0.0,9.71,1.8,24.87,Universal Analysis Mode,Healthy,Machine is safe. Continue regular monitoring.
PAN,591,1966,0.0,9.41,1.8,24.22,Universal Analysis Mode,Healthy,Machine is safe. Continue regular monitoring.
PAN,591,1967,0.0,9.16,1.8,24.11,Universal Analysis Mode,Healthy,Machine is safe. Continue regular monitoring.
PAN,591,1968,0.0,8.8,1.8,23.87,Universal Analysis Mode,Healthy,Machine is safe. Continue regular monitoring.
PAN,591,1969,0.0,8.35,1.8,23.98,Universal Analysis Mode,Healthy,Machine is safe. Continue regular monitoring.
PAN,591,1970,0.0,7.88,1.8,23.73,Universal Analysis Mode,Healthy,Machine is safe. Continue regular monitoring.
PAN,591,1971,0.0,9.41,2.24,24.07,Universal Analysis Mode,Healthy,Machine is safe. Continue regular monitoring.
PAN,591,1972,0.0,10.09,2.48,24.09,Universal Analysis Mode,Healthy,Machine is safe. Continue regular monitoring.
PAN,591,1973,0.0,12.59,3.29,24.32,Universal Analysis Mode,Healthy,Machine is safe. Continue regular monitoring.
PAN,591,1974,0.0,39.93,11.58,26.19,Universal Analysis Mode,Healthy,Machine is safe. Continue regular monitoring.
PAN,591,1975,0.0,36.44,11.53,26.45,Universal Analysis Mode,Healthy,Machine is safe. Continue regular monitoring.
PAN,591,1976,0.0,38.23,12.8,28.04,Universal Analysis Mode,Healthy,Machine is safe. Continue regular monitoring.
PAN,591,1977,0.0,39.04,13.92,29.24,Universal Analysis Mode,Healthy,Machine is safe. Continue regular monitoring.
PAN,591,1978,0.0,36.54,14.02,28.91,Universal Analysis Mode,Healthy,Machine is safe. Continue regular monitoring.
PAN,591,1979,0.0,74.02,31.61,31.28,Universal Analysis Mode,Warning,Maintenance inspection recommended soon.
PAN,591,1980,0.0,75.97,36.83,32.52,Universal Analysis Mode,Warning,Maintenance inspection recommended soon.
PAN,591,1981,0.0,67.14,35.93,33.0,Universal Analysis Mode,Warning,Maintenance inspection recommended soon.
PAN,591,1982,0.0,58.02,32.97,33.1,Universal Analysis Mode,Warning,Maintenance inspection recommended soon.
PAN,591,1983,0.0,50.39,29.55,32.7,Universal Analysis Mode,Warning,Maintenance inspection recommended soon.
PAN,591,1984,0.0,45.82,28.78,32.33,Universal Analysis Mode,Warning,Maintenance inspection recommended soon.
PAN,591,1985,0.0,43.43,27.56,32.05,Universal Analysis Mode,Warning,Maintenance inspection recommended soon.
PAN,591,1986,0.0,22.22,14.43,26.85,Universal Analysis Mode,Healthy,Machine is safe. Continue regular monitoring.
PAN,591,1987,0.0,27.46,18.44,25.85,Universal Analysis Mode,Healthy,Machine is safe. Continue regular monitoring.
PAN,591,1988,0.0,21.42,14.92,24.32,Universal Analysis Mode,Healthy,Machine is safe. Continue regular monitoring.
PAN,591,1989,0.0,24.87,18.23,24.81,Universal Analysis Mode,Healthy,Machine is safe. Continue regular monitoring.
PAN,591,1990,0.0,30.88,23.73,25.96,Universal Analysis Mode,Healthy,Machine is safe. Continue regular monitoring.
PAN,591,1991,0.0,24.95,20.0,25.86,Universal Analysis Mode,Healthy,Machine is safe. Continue regular monitoring.
PAN,591,1992,0.0,23.39,19.32,24.26,Universal Analysis Mode,Healthy,Machine is safe. Continue regular monitoring.
PAN,591,1993,0.0,20.01,16.97,23.88,Universal Analysis Mode,Healthy,Machine is safe. Continue regular monitoring.
PAN,591,1994,0.0,18.26,15.82,23.39,Universal Analysis Mode,Healthy,Machine is safe. Continue regular monitoring.
PAN,591,1995,0.0,19.1,17.02,23.33,Universal Analysis Mode,Healthy,Machine is safe. Continue regular monitoring.
PAN,591,1996,0.0,22.48,20.67,24.74,Universal Analysis Mode,Healthy,Machine is safe. Continue regular monitoring.
PAN,591,1997,0.0,20.38,19.09,23.81,Universal Analysis Mode,Healthy,Machine is safe. Continue regular monitoring.
PAN,591,1998,0.0,13.62,12.72,22.8,Universal Analysis Mode,Healthy,Machine is safe. Continue regular monitoring.
PAN,591,1999,0.0,18.56,17.97,23.5,Universal Analysis Mode,Healthy,Machine is safe. Continue regular monitoring.
PAN,591,2000,0.0,28.5,28.5,26.65,Universal Analysis Mode,Healthy,Machine is safe. Continue regular monitoring.
PAN,591,2001,0.0,23.7,24.44,26.57,Universal Analysis Mode,Healthy,Machine is safe. Continue regular monitoring.
PAN,591,2002,0.0,23.72,25.02,26.28,Universal Analysis Mode,Healthy,Machine is safe. Continue regular monitoring.
PAN,591,2003,0.0,26.54,28.83,31.98,Universal Analysis Mode,Warning,Maintenance inspection recommended soon.
PAN,591,2004,0.0,34.3,38.26,32.49,Universal Analysis Mode,Warning,Maintenance inspection recommended soon.
PAN,591,2005,0.0,47.26,54.52,33.74,Universal Analysis Mode,Warning,Maintenance inspection recommended soon.
PAN,591,2006,0.0,55.37,65.14,33.16,Universal Analysis Mode,Warning,Maintenance inspection recommended soon.
PAN,591,2007,0.0,60.12,72.39,29.25,Universal Analysis Mode,Healthy,Machine is safe. Continue regular monitoring.
PAN,591,2008,0.0,77.79,97.26,33.77,Universal Analysis Mode,Warning,Maintenance inspection recommended soon.
PAN,591,2009,0.0,49.5,61.67,30.67,Universal Analysis Mode,Warning,Maintenance inspection recommended soon.
PAN,591,2010,0.0,62.78,79.5,31.7,Universal Analysis Mode,Warning,Maintenance inspection recommended soon.
PAN,591,2011,0.0,85.17,111.26,31.17,Universal Analysis Mode,Warning,Maintenance inspection recommended soon.
PAN,591,2012,0.0,83.75,111.67,30.05,Universal Analysis Mode,Warning,Maintenance inspection recommended soon.
PAN,591,2013,0.0,80.32,108.66,30.28,Universal Analysis Mode,Warning,Maintenance inspection recommended soon.
PAN,591,2014,0.0,71.97,98.95,31.32,Universal Analysis Mode,Warning,Maintenance inspection recommended soon.
PNG,598,1932,49800.0,10.86,0.87,29.47,Universal Analysis Mode,Healthy,Machine is safe. Continue regular monitoring.
PNG,598,1933,49800.0,8.82,0.67,29.46,Universal Analysis Mode,Healthy,Machine is safe. Continue regular monitoring.
PNG,598,1934,49800.0,12.72,1.0,29.93,Universal Analysis Mode,Healthy,Machine is safe. Continue regular monitoring.
PNG,598,1935,49800.0,12.04,0.97,29.58,Universal Analysis Mode,Healthy,Machine is safe. Continue regular monitoring.
PNG,598,1936,49800.0,13.38,1.09,29.89,Universal Analysis Mode,Healthy,Machine is safe. Continue regular monitoring.
PNG,598,1937,49800.0,13.98,1.18,29.65,Universal Analysis Mode,Healthy,Machine is safe. Continue regular monitoring.
PNG,598,1938,49800.0,13.66,1.13,29.68,Universal Analysis Mode,Healthy,Machine is safe. Continue regular monitoring.
PNG,598,1939,49800.0,12.5,1.02,29.61,Universal Analysis Mode,Healthy,Machine is safe. Continue regular monitoring.
PNG,598,1940,49800.0,12.38,1.02,29.53,Universal Analysis Mode,Healthy,Machine is safe. Continue regular monitoring.
PNG,598,1941,49800.0,13.18,1.14,29.56,Universal Analysis Mode,Healthy,Machine is safe. Continue regular monitoring.
PNG,598,1942,49800.0,12.42,1.19,29.37,Universal Analysis Mode,Healthy,Machine is safe. Continue regular monitoring.
PNG,598,1943,49800.0,11.81,1.2,29.12,Universal Analysis Mode,Healthy,Machine is safe. Continue regular monitoring.
PNG,598,1944,49800.0,11.71,1.21,29.08,Universal Analysis Mode,Healthy,Machine is safe. Continue regular monitoring.
PNG,598,1945,49800.0,9.93,1.05,28.74,Universal Analysis Mode,Healthy,Machine is safe. Continue regular monitoring.
PNG,598,1946,49800.0,9.77,1.12,28.63,Universal Analysis Mode,Healthy,Machine is safe. Continue regular monitoring.
PNG,598,1947,49800.0,14.48,1.9,29.58,Universal Analysis Mode,Healthy,Machine is safe. Continue regular monitoring.
PNG,598,1948,49800.0,14.07,1.99,29.6,Universal Analysis Mode,Healthy,Machine is safe. Continue regular monitoring.
PNG,598,1949,49800.0,12.71,1.78,29.16,Universal Analysis Mode,Healthy,Machine is safe. Continue regular monitoring.
PNG,598,1950,49800.0,12.08,1.71,28.21,Universal Analysis Mode,Healthy,Machine is safe. Continue regular monitoring.
PNG,598,1951,49800.0,11.2,1.71,28.02,Universal Analysis Mode,Healthy,Machine is safe. Continue regular monitoring.
PNG,598,1952,49800.0,10.96,1.71,28.0,Universal Analysis Mode,Healthy,Machine is safe. Continue regular monitoring.
PNG,598,1953,49800.0,12.27,1.93,28.51,Universal Analysis Mode,Healthy,Machine is safe. Continue regular monitoring.
PNG,598,1954,49800.0,12.21,1.93,28.41,Universal Analysis Mode,Healthy,Machine is safe. Continue regular monitoring.
PNG,598,1955,49800.0,12.27,1.93,28.06,Universal Analysis Mode,Healthy,Machine is safe. Continue regular monitoring.
PNG,598,1956,49800.0,12.07,1.93,28.04,Universal Analysis Mode,Healthy,Machine is safe. Continue regular monitoring.
PNG,598,1957,49800.0,11.48,1.9,27.77,Universal Analysis Mode,Healthy,Machine is safe. Continue regular monitoring.
PNG,598,1958,49800.0,12.25,2.08,28.22,Universal Analysis Mode,Healthy,Machine is safe. Continue regular monitoring.
PNG,598,1959,49800.0,12.14,2.08,28.24,Universal Analysis Mode,Healthy,Machine is safe. Continue regular monitoring.
PNG,598,1960,49800.0,10.91,1.9,28.18,Universal Analysis Mode,Healthy,Machine is safe. Continue regular monitoring.
PNG,598,1961,49800.0,10.24,1.8,28.12,Universal Analysis Mode,Healthy,Machine is safe. Continue regular monitoring.
PNG,598,1962,49800.0,10.12,1.8,28.99,Universal Analysis Mode,Healthy,Machine is safe. Continue regular monitoring.
PNG,598,1963,49800.0,9.99,1.8,28.81,Universal Analysis Mode,Healthy,Machine is safe. Continue regular monitoring.
PNG,598,1964,49800.0,9.86,1.8,27.9,Universal Analysis Mode,Healthy,Machine is safe. Continue regular monitoring.
PNG,598,1965,49800.0,9.71,1.8,28.51,Universal Analysis Mode,Healthy,Machine is safe. Continue regular monitoring.
PNG,598,1966,49800.0,9.41,1.8,27.87,Universal Analysis Mode,Healthy,Machine is safe. Continue regular monitoring.
PNG,598,1967,49800.0,9.16,1.8,27.76,Universal Analysis Mode,Healthy,Machine is safe. Continue regular monitoring.
PNG,598,1968,49800.0,8.8,1.8,27.52,Universal Analysis Mode,Healthy,Machine is safe. Continue regular monitoring.
PNG,598,1969,49800.0,8.35,1.8,27.63,Universal Analysis Mode,Healthy,Machine is safe. Continue regular monitoring.
PNG,598,1970,49800.0,7.88,1.8,27.38,Universal Analysis Mode,Healthy,Machine is safe. Continue regular monitoring.
PNG,598,1971,49800.0,9.41,2.24,27.72,Universal Analysis Mode,Healthy,Machine is safe. Continue regular monitoring.
PNG,598,1972,49800.0,10.09,2.48,27.73,Universal Analysis Mode,Healthy,Machine is safe. Continue regular monitoring.
PNG,598,1973,49800.0,12.59,3.29,27.96,Universal Analysis Mode,Healthy,Machine is safe. Continue regular monitoring.
PNG,598,1974,49800.0,39.93,11.58,29.84,Universal Analysis Mode,Healthy,Machine is safe. Continue regular monitoring.
PNG,598,1975,0.0,36.44,11.53,26.56,Universal Analysis Mode,Healthy,Machine is safe. Continue regular monitoring.
PNG,598,1976,0.0,38.23,12.8,28.16,Universal Analysis Mode,Healthy,Machine is safe. Continue regular monitoring.
PNG,598,1977,0.0,39.04,13.92,29.36,Universal Analysis Mode,Healthy,Machine is safe. Continue regular monitoring.
PNG,598,1978,0.0,36.54,14.02,29.03,Universal Analysis Mode,Healthy,Machine is safe. Continue regular monitoring.
PNG,598,1979,0.0,74.02,31.61,31.41,Universal Analysis Mode,Warning,Maintenance inspection recommended soon.
PNG,598,1980,0.0,75.97,36.83,32.66,Universal Analysis Mode,Warning,Maintenance inspection recommended soon.
PNG,598,1981,0.0,67.14,35.93,33.15,Universal Analysis Mode,Warning,Maintenance inspection recommended soon.
PNG,598,1982,0.0,58.02,32.97,33.24,Universal Analysis Mode,Warning,Maintenance inspection recommended soon.
PNG,598,1983,0.0,50.39,29.55,32.85,Universal Analysis Mode,Warning,Maintenance inspection recommended soon.
PNG,598,1984,0.0,45.82,28.78,32.48,Universal Analysis Mode,Warning,Maintenance inspection recommended soon.
PNG,598,1985,0.0,43.43,27.56,32.21,Universal Analysis Mode,Warning,Maintenance inspection recommended soon.
PNG,598,1986,0.0,22.22,14.43,29.81,Universal Analysis Mode,Healthy,Machine is safe. Continue regular monitoring.
PNG,598,1987,0.0,27.46,18.44,28.88,Universal Analysis Mode,Healthy,Machine is safe. Continue regular monitoring.
PNG,598,1988,0.0,21.42,14.92,27.31,Universal Analysis Mode,Healthy,Machine is safe. Continue regular monitoring.
PNG,598,1989,0.0,24.87,18.23,27.77,Universal Analysis Mode,Healthy,Machine is safe. Continue regular monitoring.
PNG,598,1990,0.0,30.88,23.73,29.75,Universal Analysis Mode,Healthy,Machine is safe. Continue regular monitoring.
PNG,598,1991,0.0,24.95,20.0,29.63,Universal Analysis Mode,Healthy,Machine is safe. Continue regular monitoring.
PNG,598,1992,2480000.0,23.39,19.32,52.67,Universal Analysis Mode,Warning,Maintenance inspection recommended soon.
PNG,598,1993,5880000.0,20.01,16.97,52.9,Universal Analysis Mode,Warning,Maintenance inspection recommended soon.
PNG,598,1994,5650000.0,18.26,15.82,52.24,Universal Analysis Mode,Warning,Maintenance inspection recommended soon.
PNG,598,1995,4670000.0,19.1,17.02,52.05,Universal Analysis Mode,Warning,Maintenance inspection recommended soon.
PNG,598,1996,4960000.0,22.48,20.67,52.99,Universal Analysis Mode,Warning,Maintenance inspection recommended soon.
PNG,598,1997,3545000.0,20.38,19.09,52.46,Universal Analysis Mode,Warning,Maintenance inspection recommended soon.
PNG,598,1998,3780000.0,13.62,12.72,51.17,Universal Analysis Mode,Warning,Maintenance inspection recommended soon.
PNG,598,1999,4105000.0,18.56,17.97,52.23,Universal Analysis Mode,Warning,Maintenance inspection recommended soon.
PNG,598,2000,3230000.0,28.5,28.5,55.5,Universal Analysis Mode,Warning,Maintenance inspection recommended soon.
PNG,598,2001,3361500.0,23.7,24.44,58.01,Universal Analysis Mode,Warning,Maintenance inspection recommended soon.
PNG,598,2002,2746640.32,23.72,25.02,57.41,Universal Analysis Mode,Warning,Maintenance inspection recommended soon.
PNG,598,2003,2514558.87,26.54,28.83,59.61,Universal Analysis Mode,Warning,Maintenance inspection recommended soon.
PNG,598,2004,2269845.65,34.3,38.26,60.22,Universal Analysis Mode,Warning,Maintenance inspection recommended soon.
PNG,598,2005,2006012.23,47.26,54.52,61.6,Universal Analysis Mode,Warning,Maintenance inspection recommended soon.
PNG,598,2006,2210710.64,55.37,65.14,61.14,Universal Analysis Mode,Warning,Maintenance inspection recommended soon.
PNG,598,2007,2090917.74,60.12,72.39,61.0,Universal Analysis Mode,Warning,Maintenance inspection recommended soon.
PNG,598,2008,1896482.11,77.79,97.26,55.22,Universal Analysis Mode,Warning,Maintenance inspection recommended soon.
PNG,598,2009,1734540.97,49.5,61.67,58.57,Universal Analysis Mode,Warning,Maintenance inspection recommended soon.
PNG,598,2010,1511736.77,62.78,79.5,59.57,Universal Analysis Mode,Warning,Maintenance inspection recommended soon.
PNG,598,2011,1494000.0,85.17,111.26,59.22,Universal Analysis Mode,Warning,Maintenance inspection recommended soon.
PNG,598,2012,1361063.88,83.75,111.67,55.39,Universal Analysis Mode,Warning,Maintenance inspection recommended soon.
PNG,598,2013,1399038.87,80.32,108.66,54.09,Universal Analysis Mode,Warning,Maintenance inspection recommended soon.
PNG,598,2014,1703569.36,71.97,98.95,52.57,Universal Analysis Mode,Warning,Maintenance inspection recommended soon.
PRY,600,1932,49800.0,10.86,0.87,29.45,Universal Analysis Mode,Healthy,Machine is safe. Continue regular monitoring.
PRY,600,1933,49800.0,8.82,0.67,29.43,Universal Analysis Mode,Healthy,Machine is safe. Continue regular monitoring.
PRY,600,1934,49800.0,12.72,1.0,29.91,Universal Analysis Mode,Healthy,Machine is safe. Continue regular monitoring.
PRY,600,1935,49800.0,12.04,0.97,29.56,Universal Analysis Mode,Healthy,Machine is safe. Continue regular monitoring.
PRY,600,1936,49800.0,13.38,1.09,29.87,Universal Analysis Mode,Healthy,Machine is safe. Continue regular monitoring.
PRY,600,1937,49800.0,13.98,1.18,29.64,Universal Analysis Mode,Healthy,Machine is safe. Continue regular monitoring.
PRY,600,1938,49800.0,13.66,1.13,29.68,Universal Analysis Mode,Healthy,Machine is safe. Continue regular monitoring.
PRY,600,1939,49800.0,12.5,1.02,29.61,Universal Analysis Mode,Healthy,Machine is safe. Continue regular monitoring.
PRY,600,1940,49800.0,12.38,1.02,29.53,Universal Analysis Mode,Healthy,Machine is safe. Continue regular monitoring.
PRY,600,1941,49800.0,13.18,1.14,29.57,Universal Analysis Mode,Healthy,Machine is safe. Continue regular monitoring.
PRY,600,1942,49800.0,12.42,1.19,29.38,Universal Analysis Mode,Healthy,Machine is safe. Continue regular monitoring.
PRY,600,1943,49800.0,11.81,1.2,29.13,Universal Analysis Mode,Healthy,Machine is safe. Continue regular monitoring.
PRY,600,1944,49800.0,11.71,1.21,29.1,Universal Analysis Mode,Healthy,Machine is safe. Continue regular monitoring.
PRY,600,1945,49800.0,9.93,1.05,28.76,Universal Analysis Mode,Healthy,Machine is safe. Continue regular monitoring.
PRY,600,1946,49800.0,9.77,1.12,28.66,Universal Analysis Mode,Healthy,Machine is safe. Continue regular monitoring.
PRY,600,1947,49800.0,14.48,1.9,29.61,Universal Analysis Mode,Healthy,Machine is safe. Continue regular monitoring.
PRY,600,1948,49800.0,14.07,1.99,29.64,Universal Analysis Mode,Healthy,Machine is safe. Continue regular monitoring.
PRY,600,1949,49800.0,12.71,1.78,29.2,Universal Analysis Mode,Healthy,Machine is safe. Continue regular monitoring.
PRY,600,1950,49800.0,12.08,1.71,29.04,Universal Analysis Mode,Healthy,Machine is safe. Continue regular monitoring.
PRY,600,1951,49800.0,11.2,1.71,28.85,Universal Analysis Mode,Healthy,Machine is safe. Continue regular monitoring.
PRY,600,1952,49800.0,10.96,1.71,28.83,Universal Analysis Mode,Healthy,Machine is safe. Continue regular monitoring.
PRY,600,1953,49800.0,12.27,1.93,29.34,Universal Analysis Mode,Healthy,Machine is safe. Continue regular monitoring.
PRY,600,1954,49800.0,12.21,1.93,29.24,Universal Analysis Mode,Healthy,Machine is safe. Continue regular monitoring.
PRY,600,1955,49800.0,12.27,1.93,28.9,Universal Analysis Mode,Healthy,Machine is safe. Continue regular monitoring.
PRY,600,1956,49800.0,12.07,1.93,28.88,Universal Analysis Mode,Healthy,Machine is safe. Continue regular monitoring.
PRY,600,1957,49800.0,11.48,1.9,28.61,Universal Analysis Mode,Healthy,Machine is safe. Continue regular monitoring.
PRY,600,1958,49800.0,12.25,2.08,29.06,Universal Analysis Mode,Healthy,Machine is safe. Continue regular monitoring.
PRY,600,1959,49800.0,12.14,2.08,29.08,Universal Analysis Mode,Healthy,Machine is safe. Continue regular monitoring.
PRY,600,1960,0.0,10.91,1.9,24.67,Universal Analysis Mode,Healthy,Machine is safe. Continue regular monitoring.
PRY,600,1961,0.0,10.24,1.8,24.61,Universal Analysis Mode,Healthy,Machine is safe. Continue regular monitoring.
PRY,600,1962,0.0,10.12,1.8,25.48,Universal Analysis Mode,Healthy,Machine is safe. Continue regular monitoring.
PRY,600,1963,0.0,9.99,1.8,25.32,Universal Analysis Mode,Healthy,Machine is safe. Continue regular monitoring.
PRY,600,1964,0.0,9.86,1.8,24.4,Universal Analysis Mode,Healthy,Machine is safe. Continue regular monitoring.
PRY,600,1965,0.0,9.71,1.8,25.01,Universal Analysis Mode,Healthy,Machine is safe. Continue regular monitoring.
PRY,600,1966,0.0,9.41,1.8,24.36,Universal Analysis Mode,Healthy,Machine is safe. Continue regular monitoring.
PRY,600,1967,0.0,9.16,1.8,24.25,Universal Analysis Mode,Healthy,Machine is safe. Continue regular monitoring.
PRY,600,1968,0.0,8.8,1.8,24.01,Universal Analysis Mode,Healthy,Machine is safe. Continue regular monitoring.
PRY,600,1969,0.0,8.35,1.8,24.12,Universal Analysis Mode,Healthy,Machine is safe. Continue regular monitoring.
PRY,600,1970,0.0,7.88,1.8,23.87,Universal Analysis Mode,Healthy,Machine is safe. Continue regular monitoring.
PRY,600,1971,0.0,9.41,2.24,24.21,Universal Analysis Mode,Healthy,Machine is safe. Continue regular monitoring.
PRY,600,1972,0.0,10.09,2.48,24.23,Universal Analysis Mode,Healthy,Machine is safe. Continue regular monitoring.
PRY,600,1973,0.0,12.59,3.29,24.46,Universal Analysis Mode,Healthy,Machine is safe. Continue regular monitoring.
PRY,600,1974,0.0,39.93,11.58,26.34,Universal Analysis Mode,Healthy,Machine is safe. Continue regular monitoring.
PRY,600,1975,0.0,36.44,11.53,26.61,Universal Analysis Mode,Healthy,Machine is safe. Continue regular monitoring.
PRY,600,1976,0.0,38.23,12.8,28.2,Universal Analysis Mode,Healthy,Machine is safe. Continue regular monitoring.
PRY,600,1977,0.0,39.04,13.92,29.41,Universal Analysis Mode,Healthy,Machine is safe. Continue regular monitoring.
PRY,600,1978,0.0,36.54,14.02,29.08,Universal Analysis Mode,Healthy,Machine is safe. Continue regular monitoring.
PRY,600,1979,0.0,74.02,31.61,31.46,Universal Analysis Mode,Warning,Maintenance inspection recommended soon.
PRY,600,1980,0.0,75.97,36.83,32.69,Universal Analysis Mode,Warning,Maintenance inspection recommended soon.
PRY,600,1981,0.0,67.14,35.93,33.18,Universal Analysis Mode,Warning,Maintenance inspection recommended soon.
PRY,600,1982,0.0,58.02,32.97,33.27,Universal Analysis Mode,Warning,Maintenance inspection recommended soon.
PRY,600,1983,0.0,50.39,29.55,32.89,Universal Analysis Mode,Warning,Maintenance inspection recommended soon.
PRY,600,1984,0.0,45.82,28.78,32.52,Universal Analysis Mode,Warning,Maintenance inspection recommended soon.
PRY,600,1985,0.0,43.43,27.56,32.25,Universal Analysis Mode,Warning,Maintenance inspection recommended soon.
PRY,600,1986,0.0,22.22,14.43,27.21,Universal Analysis Mode,Healthy,Machine is safe. Continue regular monitoring.
PRY,600,1987,0.0,27.46,18.44,26.26,Universal Analysis Mode,Healthy,Machine is safe. Continue regular monitoring.
PRY,600,1988,0.0,21.42,14.92,24.69,Universal Analysis Mode,Healthy,Machine is safe. Continue regular monitoring.
PRY,600,1989,0.0,24.87,18.23,25.14,Universal Analysis Mode,Healthy,Machine is safe. Continue regular monitoring.
PRY,600,1990,0.0,30.88,23.73,26.42,Universal Analysis Mode,Healthy,Machine is safe. Continue regular monitoring.
PRY,600,1991,0.0,24.95,20.0,26.33,Universal Analysis Mode,Healthy,Machine is safe. Continue regular monitoring.
PRY,600,1992,0.0,23.39,19.32,24.81,Universal Analysis Mode,Healthy,Machine is safe. Continue regular monitoring.
PRY,600,1993,0.0,20.01,16.97,24.42,Universal Analysis Mode,Healthy,Machine is safe. Continue regular monitoring.
PRY,600,1994,0.0,18.26,15.82,23.87,Universal Analysis Mode,Healthy,Machine is safe. Continue regular monitoring.
PRY,600,1995,0.0,19.1,17.02,23.82,Universal Analysis Mode,Healthy,Machine is safe. Continue regular monitoring.
PRY,600,1996,0.0,22.48,20.67,24.6,Universal Analysis Mode,Healthy,Machine is safe. Continue regular monitoring.
PRY,600,1997,0.0,20.38,19.09,24.43,Universal Analysis Mode,Healthy,Machine is safe. Continue regular monitoring.
PRY,600,1998,0.0,13.62,12.72,23.42,Universal Analysis Mode,Healthy,Machine is safe. Continue regular monitoring.
PRY,600,1999,0.0,18.56,17.97,24.17,Universal Analysis Mode,Healthy,Machine is safe. Continue regular monitoring.
PRY,600,2000,0.0,28.5,28.5,27.32,Universal Analysis Mode,Healthy,Machine is safe. Continue regular monitoring.
PRY,600,2001,0.0,23.7,24.44,27.26,Universal Analysis Mode,Healthy,Machine is safe. Continue regular monitoring.
PRY,600,2002,0.0,23.72,25.02,26.84,Universal Analysis Mode,Healthy,Machine is safe. Continue regular monitoring.
PRY,600,2003,0.0,26.54,28.83,28.95,Universal Analysis Mode,Healthy,Machine is safe. Continue regular monitoring.
PRY,600,2004,0.0,34.3,38.26,29.85,Universal Analysis Mode,Healthy,Machine is safe. Continue regular monitoring.
PRY,600,2005,0.0,47.26,54.52,31.09,Universal Analysis Mode,Warning,Maintenance inspection recommended soon.
PRY,600,2006,0.0,55.37,65.14,34.09,Universal Analysis Mode,Warning,Maintenance inspection recommended soon.
PRY,600,2007,0.0,60.12,72.39,34.06,Universal Analysis Mode,Warning,Maintenance inspection recommended soon.
PRY,600,2008,0.0,77.79,97.26,34.75,Universal Analysis Mode,Warning,Maintenance inspection recommended soon.
PRY,600,2009,0.0,49.5,61.67,31.28,Universal Analysis Mode,Warning,Maintenance inspection recommended soon.
PRY,600,2010,0.0,62.78,79.5,31.83,Universal Analysis Mode,Warning,Maintenance inspection recommended soon.
PRY,600,2011,0.0,85.17,111.26,31.57,Universal Analysis Mode,Warning,Maintenance inspection recommended soon.
PRY,600,2012,0.0,83.75,111.67,30.45,Universal Analysis Mode,Warning,Maintenance inspection recommended soon.
PRY,600,2013,0.0,80.32,108.66,30.7,Universal Analysis Mode,Warning,Maintenance inspection recommended soon.
PRY,600,2014,0.0,71.97,98.95,31.74,Universal Analysis Mode,Warning,Maintenance inspection recommended soon.
PER,604,1932,1350956.0,10.86,0.87,42.02,Universal Analysis Mode,Warning,Maintenance inspection recommended soon.
PER,604,1933,1811066.0,8.82,0.67,42.28,Universal Analysis Mode,Warning,Maintenance inspection recommended soon.
PER,604,1934,2228689.0,12.72,1.0,44.63,Universal Analysis Mode,Warning,Maintenance inspection recommended soon.
PER,604,1935,2604781.0,12.04,0.97,44.52,Universal Analysis Mode,Warning,Maintenance inspection recommended soon.
PER,604,1936,2403415.0,13.38,1.09,44.86,Universal Analysis Mode,Warning,Maintenance inspection recommended soon.
PER,604,1937,2384836.0,13.98,1.18,44.69,Universal Analysis Mode,Warning,Maintenance inspection recommended soon.
PER,604,1938,2163798.0,13.66,1.13,44.94,Universal Analysis Mode,Warning,Maintenance inspection recommended soon.
PER,604,1939,1845355.0,12.5,1.02,44.05,Universal Analysis Mode,Warning,Maintenance inspection recommended soon.
PER,604,1940,1656557.0,12.38,1.02,43.65,Universal Analysis Mode,Warning,Maintenance inspection recommended soon.
PER,604,1941,1630464.0,13.18,1.14,44.19,Universal Analysis Mode,Warning,Maintenance inspection recommended soon.
PER,604,1942,1861885.0,12.42,1.19,44.5,Universal Analysis Mode,Warning,Maintenance inspection recommended soon.
PER,604,1943,2001913.0,11.81,1.2,44.48,Universal Analysis Mode,Warning,Maintenance inspection recommended soon.
PER,604,1944,1965301.0,11.71,1.21,44.4,Universal Analysis Mode,Warning,Maintenance inspection recommended soon.
PER,604,1945,1877596.0,9.93,1.05,43.47,Universal Analysis Mode,Warning,Maintenance inspection recommended soon.
PER,604,1946,1703279.0,9.77,1.12,43.07,Universal Analysis Mode,Warning,Maintenance inspection recommended soon.
PER,604,1947,1743716.0,14.48,1.9,45.39,Universal Analysis Mode,Warning,Maintenance inspection recommended soon.
PER,604,1948,1921995.0,14.07,1.99,45.61,Universal Analysis Mode,Warning,Maintenance inspection recommended soon.
PER,604,1949,2020492.0,12.71,1.78,45.1,Universal Analysis Mode,Warning,Maintenance inspection recommended soon.
PER,604,1950,2050820.0,12.08,1.71,44.91,Universal Analysis Mode,Warning,Maintenance inspection recommended soon.
PER,604,1951,2200820.0,11.2,1.71,44.81,Universal Analysis Mode,Warning,Maintenance inspection recommended soon.
PER,604,1952,2240847.0,10.96,1.71,44.82,Universal Analysis Mode,Warning,Maintenance inspection recommended soon.
PER,604,1953,2185656.0,12.27,1.93,45.5,Universal Analysis Mode,Warning,Maintenance inspection recommended soon.
PER,604,1954,2344536.0,12.21,1.93,45.54,Universal Analysis Mode,Warning,Maintenance inspection recommended soon.
PER,604,1955,2355464.0,12.27,1.93,48.38,Universal Analysis Mode,Warning,Maintenance inspection recommended soon.
PER,604,1956,2511339.0,12.07,1.93,48.45,Universal Analysis Mode,Warning,Maintenance inspection recommended soon.
PER,604,1957,2625956.0,11.48,1.9,48.27,Universal Analysis Mode,Warning,Maintenance inspection recommended soon.
PER,604,1958,2559016.0,12.25,2.08,48.75,Universal Analysis Mode,Warning,Maintenance inspection recommended soon.
PER,604,1959,2422541.0,12.14,2.08,48.79,Universal Analysis Mode,Warning,Maintenance inspection recommended soon.
PER,604,1960,2630464.0,10.91,1.9,45.6,Universal Analysis Mode,Warning,Maintenance inspection recommended soon.
PER,604,1961,2646311.0,10.24,1.8,48.73,Universal Analysis Mode,Warning,Maintenance inspection recommended soon.
PER,604,1962,2887158.0,10.12,1.8,49.71,Universal Analysis Mode,Warning,Maintenance inspection recommended soon.
PER,604,1963,2932787.0,9.99,1.8,49.33,Universal Analysis Mode,Warning,Maintenance inspection recommended soon.
PER,604,1964,3158333.0,9.86,1.8,48.48,Universal Analysis Mode,Warning,Maintenance inspection recommended soon.
PER,604,1965,3151366.0,9.71,1.8,49.11,Universal Analysis Mode,Warning,Maintenance inspection recommended soon.
PER,604,1966,3145765.0,9.41,1.8,48.48,Universal Analysis Mode,Warning,Maintenance inspection recommended soon.
PER,604,1967,3532377.0,9.16,1.8,48.46,Universal Analysis Mode,Warning,Maintenance inspection recommended soon.
PER,604,1968,3696175.0,8.8,1.8,48.25,Universal Analysis Mode,Warning,Maintenance inspection recommended soon.
PER,604,1969,3596858.0,8.35,1.8,48.37,Universal Analysis Mode,Warning,Maintenance inspection recommended soon.
PER,604,1970,3550000.0,7.88,1.8,48.56,Universal Analysis Mode,Warning,Maintenance inspection recommended soon.
PER,604,1971,3053000.0,9.41,2.24,48.87,Universal Analysis Mode,Warning,Maintenance inspection recommended soon.
PER,604,1972,3195000.0,10.09,2.48,48.96,Universal Analysis Mode,Warning,Maintenance inspection recommended soon.
PER,604,1973,3482000.0,12.59,3.29,49.4,Universal Analysis Mode,Warning,Maintenance inspection recommended soon.
PER,604,1974,3803000.0,39.93,11.58,52.04,Universal Analysis Mode,Warning,Maintenance inspection recommended soon.
PER,604,1975,3553000.0,36.44,11.53,52.25,Universal Analysis Mode,Warning,Maintenance inspection recommended soon.
PER,604,1976,3779000.0,38.23,12.8,54.02,Universal Analysis Mode,Warning,Maintenance inspection recommended soon.
PER,604,1977,4571000.0,39.04,13.92,55.47,Universal Analysis Mode,Warning,Maintenance inspection recommended soon.
PER,604,1978,7528000.0,36.54,14.02,55.45,Universal Analysis Mode,Warning,Maintenance inspection recommended soon.
PER,604,1979,9413000.0,74.02,31.61,58.48,Universal Analysis Mode,Warning,Maintenance inspection recommended soon.
PER,604,1980,9664000.0,75.97,36.83,59.88,Universal Analysis Mode,Warning,Maintenance inspection recommended soon.
PER,604,1981,9538000.0,67.14,35.93,60.41,Universal Analysis Mode,Warning,Maintenance inspection recommended soon.
PER,604,1982,9729000.0,58.02,32.97,60.49,Universal Analysis Mode,Warning,Maintenance inspection recommended soon.
PER,604,1983,8589000.0,50.39,29.55,59.82,Universal Analysis Mode,Warning,Maintenance inspection recommended soon.
PER,604,1984,9358000.0,45.82,28.78,59.54,Universal Analysis Mode,Warning,Maintenance inspection recommended soon.
PER,604,1985,9296000.0,43.43,27.56,59.12,Universal Analysis Mode,Warning,Maintenance inspection recommended soon.
PER,604,1986,9027000.0,22.22,14.43,59.71,Universal Analysis Mode,Warning,Maintenance inspection recommended soon.
PER,604,1987,8125000.0,27.46,18.44,53.52,Universal Analysis Mode,Warning,Maintenance inspection recommended soon.
PER,604,1988,7010000.0,21.42,14.92,51.59,Universal Analysis Mode,Warning,Maintenance inspection recommended soon.
PER,604,1989,6450000.0,24.87,18.23,52.07,Universal Analysis Mode,Warning,Maintenance inspection recommended soon.
PER,604,1990,6400000.0,30.88,23.73,53.65,Universal Analysis Mode,Warning,Maintenance inspection recommended soon.
PER,604,1991,5710000.0,24.95,20.0,53.29,Universal Analysis Mode,Warning,Maintenance inspection recommended soon.
PER,604,1992,5775000.0,23.39,19.32,51.65,Universal Analysis Mode,Warning,Maintenance inspection recommended soon.
PER,604,1993,6250000.0,20.01,16.97,51.3,Universal Analysis Mode,Warning,Maintenance inspection recommended soon.
PER,604,1994,6300000.0,18.26,15.82,50.0,Universal Analysis Mode,Warning,Maintenance inspection recommended soon.
PER,604,1995,6055000.0,19.1,17.02,50.0,Universal Analysis Mode,Warning,Maintenance inspection recommended soon.
PER,604,1996,5970000.0,22.48,20.67,51.64,Universal Analysis Mode,Warning,Maintenance inspection recommended soon.
PER,604,1997,5890000.0,20.38,19.09,51.15,Universal Analysis Mode,Warning,Maintenance inspection recommended soon.
PER,604,1998,5825000.0,13.62,12.72,49.91,Universal Analysis Mode,Warning,Maintenance inspection recommended soon.
PER,604,1999,5710000.0,18.56,17.97,50.86,Universal Analysis Mode,Warning,Maintenance inspection recommended soon.
PER,604,2000,4870000.0,28.5,28.5,54.25,Universal Analysis Mode,Warning,Maintenance inspection recommended soon.
PER,604,2001,4636180.8,23.7,24.44,54.21,Universal Analysis Mode,Warning,Maintenance inspection recommended soon.
PER,604,2002,4624677.0,23.72,25.02,53.88,Universal Analysis Mode,Warning,Maintenance inspection recommended soon.
PER,604,2003,4350030.0,26.54,28.83,56.36,Universal Analysis Mode,Warning,Maintenance inspection recommended soon.
PER,604,2004,3979026.97,34.3,38.26,57.18,Universal Analysis Mode,Warning,Maintenance inspection recommended soon.
PER,604,2005,3757626.63,47.26,54.52,58.91,Universal Analysis Mode,Warning,Maintenance inspection recommended soon.
PER,604,2006,3863147.85,55.37,65.14,58.31,Universal Analysis Mode,Warning,Maintenance inspection recommended soon.
PER,604,2007,3840251.3,60.12,72.39,58.4,Universal Analysis Mode,Warning,Maintenance inspection recommended soon.
PER,604,2008,3813522.15,77.79,97.26,59.15,Universal Analysis Mode,Warning,Maintenance inspection recommended soon.
PER,604,2009,3537416.01,49.5,61.67,55.61,Universal Analysis Mode,Warning,Maintenance inspection recommended soon.
PER,604,2010,3619882.82,62.78,79.5,58.99,Universal Analysis Mode,Warning,Maintenance inspection recommended soon.
PER,604,2011,3463294.19,85.17,111.26,58.63,Universal Analysis Mode,Warning,Maintenance inspection recommended soon.
PER,604,2012,3319409.04,83.75,111.67,57.27,Universal Analysis Mode,Warning,Maintenance inspection recommended soon.
PER,604,2013,3132091.32,80.32,108.66,55.19,Universal Analysis Mode,Warning,Maintenance inspection recommended soon.
PER,604,2014,3451321.77,71.97,98.95,57.84,Universal Analysis Mode,Warning,Maintenance inspection recommended soon.
PHL,608,1932,49800.0,10.86,0.87,30.89,Universal Analysis Mode,Warning,Maintenance inspection recommended soon.
PHL,608,1933,49800.0,8.82,0.67,30.9,Universal Analysis Mode,Warning,Maintenance inspection recommended soon.
PHL,608,1934,49800.0,12.72,1.0,31.42,Universal Analysis Mode,Warning,Maintenance inspection recommended soon.
PHL,608,1935,49800.0,12.04,0.97,31.1,Universal Analysis Mode,Warning,Maintenance inspection recommended soon.
PHL,608,1936,49800.0,13.38,1.09,31.45,Universal Analysis Mode,Warning,Maintenance inspection recommended soon.
PHL,608,1937,49800.0,13.98,1.18,31.25,Universal Analysis Mode,Warning,Maintenance inspection recommended soon.
PHL,608,1938,49800.0,13.66,1.13,31.33,Universal Analysis Mode,Warning,Maintenance inspection recommended soon.
PHL,608,1939,49800.0,12.5,1.02,31.29,Universal Analysis Mode,Warning,Maintenance inspection recommended soon.
PHL,608,1940,49800.0,12.38,1.02,31.25,Universal Analysis Mode,Warning,Maintenance inspection recommended soon.
PHL,608,1941,49800.0,13.18,1.14,31.3,Universal Analysis Mode,Warning,Maintenance inspection recommended soon.
PHL,608,1942,49800.0,12.42,1.19,31.14,Universal Analysis Mode,Warning,Maintenance inspection recommended soon.
PHL,608,1943,49800.0,11.81,1.2,30.93,Universal Analysis Mode,Warning,Maintenance inspection recommended soon.
PHL,608,1944,49800.0,11.71,1.21,30.92,Universal Analysis Mode,Warning,Maintenance inspection recommended soon.
PHL,608,1945,49800.0,9.93,1.05,30.61,Universal Analysis Mode,Warning,Maintenance inspection recommended soon.
PHL,608,1946,49800.0,9.77,1.12,31.37,Universal Analysis Mode,Warning,Maintenance inspection recommended soon.
PHL,608,1947,49800.0,14.48,1.9,32.37,Universal Analysis Mode,Warning,Maintenance inspection recommended soon.
PHL,608,1948,49800.0,14.07,1.99,32.45,Universal Analysis Mode,Warning,Maintenance inspection recommended soon.
PHL,608,1949,49800.0,12.71,1.78,32.06,Universal Analysis Mode,Warning,Maintenance inspection recommended soon.
PHL,608,1950,49800.0,12.08,1.71,31.94,Universal Analysis Mode,Warning,Maintenance inspection recommended soon.
PHL,608,1951,49800.0,11.2,1.71,31.81,Universal Analysis Mode,Warning,Maintenance inspection recommended soon.
PHL,608,1952,49800.0,10.96,1.71,31.85,Universal Analysis Mode,Warning,Maintenance inspection recommended soon.
PHL,608,1953,49800.0,12.27,1.93,32.42,Universal Analysis Mode,Warning,Maintenance inspection recommended soon.
PHL,608,1954,49800.0,12.21,1.93,32.38,Universal Analysis Mode,Warning,Maintenance inspection recommended soon.
PHL,608,1955,49800.0,12.27,1.93,32.09,Universal Analysis Mode,Warning,Maintenance inspection recommended soon.
PHL,608,1956,49800.0,12.07,1.93,32.14,Universal Analysis Mode,Warning,Maintenance inspection recommended soon.
PHL,608,1957,49800.0,11.48,1.9,31.93,Universal Analysis Mode,Warning,Maintenance inspection recommended soon.
PHL,608,1958,49800.0,12.25,2.08,32.44,Universal Analysis Mode,Warning,Maintenance inspection recommended soon.
PHL,608,1959,49800.0,12.14,2.08,32.53,Universal Analysis Mode,Warning,Maintenance inspection recommended soon.
PHL,608,1960,0.0,10.91,1.9,28.18,Universal Analysis Mode,Healthy,Machine is safe. Continue regular monitoring.
PHL,608,1961,0.0,10.24,1.8,28.2,Universal Analysis Mode,Healthy,Machine is safe. Continue regular monitoring.
PHL,608,1962,0.0,10.12,1.8,29.14,Universal Analysis Mode,Healthy,Machine is safe. Continue regular monitoring.
PHL,608,1963,0.0,9.99,1.8,29.04,Universal Analysis Mode,Healthy,Machine is safe. Continue regular monitoring.
PHL,608,1964,0.0,9.86,1.8,28.2,Universal Analysis Mode,Healthy,Machine is safe. Continue regular monitoring.
PHL,608,1965,0.0,9.71,1.8,28.88,Universal Analysis Mode,Healthy,Machine is safe. Continue regular monitoring.
PHL,608,1966,0.0,9.41,1.8,28.27,Universal Analysis Mode,Healthy,Machine is safe. Continue regular monitoring.
PHL,608,1967,0.0,9.16,1.8,28.2,Universal Analysis Mode,Healthy,Machine is safe. Continue regular monitoring.
PHL,608,1968,0.0,8.8,1.8,27.99,Universal Analysis Mode,Healthy,Machine is safe. Continue regular monitoring.
PHL,608,1969,0.0,8.35,1.8,28.15,Universal Analysis Mode,Healthy,Machine is safe. Continue regular monitoring.
PHL,608,1970,0.0,7.88,1.8,27.94,Universal Analysis Mode,Healthy,Machine is safe. Continue regular monitoring.
PHL,608,1971,0.0,9.41,2.24,28.28,Universal Analysis Mode,Healthy,Machine is safe. Continue regular monitoring.
PHL,608,1972,0.0,10.09,2.48,28.3,Universal Analysis Mode,Healthy,Machine is safe. Continue regular monitoring.
PHL,608,1973,0.0,12.59,3.29,28.53,Universal Analysis Mode,Healthy,Machine is safe. Continue regular monitoring.
PHL,608,1974,0.0,39.93,11.58,30.41,Universal Analysis Mode,Warning,Maintenance inspection recommended soon.
PHL,608,1975,0.0,36.44,11.53,30.67,Universal Analysis Mode,Warning,Maintenance inspection recommended soon.
PHL,608,1976,0.0,38.23,12.8,32.26,Universal Analysis Mode,Warning,Maintenance inspection recommended soon.
PHL,608,1977,0.0,39.04,13.92,33.47,Universal Analysis Mode,Warning,Maintenance inspection recommended soon.
PHL,608,1978,0.0,36.54,14.02,33.14,Universal Analysis Mode,Warning,Maintenance inspection recommended soon.
PHL,608,1979,1096000.0,74.02,31.61,55.37,Universal Analysis Mode,Warning,Maintenance inspection recommended soon.
PHL,608,1980,535000.0,75.97,36.83,55.29,Universal Analysis Mode,Warning,Maintenance inspection recommended soon.
PHL,608,1981,254000.0,67.14,35.93,53.1,Universal Analysis Mode,Warning,Maintenance inspection recommended soon.
PHL,608,1982,488000.0,58.02,32.97,54.88,Universal Analysis Mode,Warning,Maintenance inspection recommended soon.
PHL,608,1983,666000.0,50.39,29.55,54.97,Universal Analysis Mode,Warning,Maintenance inspection recommended soon.
PHL,608,1984,532000.0,45.82,28.78,53.8,Universal Analysis Mode,Warning,Maintenance inspection recommended soon.
PHL,608,1985,395000.0,43.43,27.56,52.63,Universal Analysis Mode,Warning,Maintenance inspection recommended soon.
PHL,608,1986,345000.0,22.22,14.43,43.45,Universal Analysis Mode,Warning,Maintenance inspection recommended soon.
PHL,608,1987,290000.0,27.46,18.44,42.54,Universal Analysis Mode,Warning,Maintenance inspection recommended soon.
PHL,608,1988,309000.0,21.42,14.92,40.18,Universal Analysis Mode,Warning,Maintenance inspection recommended soon.
PHL,608,1989,267000.0,24.87,18.23,40.59,Universal Analysis Mode,Warning,Maintenance inspection recommended soon.
PHL,608,1990,245000.0,30.88,23.73,42.36,Universal Analysis Mode,Warning,Maintenance inspection recommended soon.
PHL,608,1991,165000.0,24.95,20.0,39.76,Universal Analysis Mode,Warning,Maintenance inspection recommended soon.
PHL,608,1992,418000.0,23.39,19.32,43.78,Universal Analysis Mode,Warning,Maintenance inspection recommended soon.
PHL,608,1993,500000.0,20.01,16.97,43.47,Universal Analysis Mode,Warning,Maintenance inspection recommended soon.
PHL,608,1994,200000.0,18.26,15.82,37.85,Universal Analysis Mode,Warning,Maintenance inspection recommended soon.
PHL,608,1995,99000.0,19.1,17.02,34.26,Universal Analysis Mode,Warning,Maintenance inspection recommended soon.
PHL,608,1996,78000.0,22.48,20.67,34.83,Universal Analysis Mode,Warning,Maintenance inspection recommended soon.
PHL,608,1997,24000.0,20.38,19.09,30.7,Universal Analysis Mode,Warning,Maintenance inspection recommended soon.
PHL,608,1998,40000.0,13.62,12.72,29.71,Universal Analysis Mode,Healthy,Machine is safe. Continue regular monitoring.
PHL,608,1999,46000.0,18.56,17.97,31.78,Universal Analysis Mode,Warning,Maintenance inspection recommended soon.
PHL,608,2000,53000.0,28.5,28.5,36.56,Universal Analysis Mode,Warning,Maintenance inspection recommended soon.
PHL,608,2001,421321.45,23.7,24.44,49.4,Universal Analysis Mode,Warning,Maintenance inspection recommended soon.
PHL,608,2002,490629.6,23.72,25.02,51.65,Universal Analysis Mode,Warning,Maintenance inspection recommended soon.
PHL,608,2003,686293.8,26.54,28.83,55.6,Universal Analysis Mode,Warning,Maintenance inspection recommended soon.
PHL,608,2004,1245000.0,34.3,38.26,56.43,Universal Analysis Mode,Warning,Maintenance inspection recommended soon.
PHL,608,2005,1245000.0,47.26,54.52,57.93,Universal Analysis Mode,Warning,Maintenance inspection recommended soon.
PHL,608,2006,1245000.0,55.37,65.14,57.09,Universal Analysis Mode,Warning,Maintenance inspection recommended soon.
PHL,608,2007,1226190.54,60.12,72.39,57.15,Universal Analysis Mode,Warning,Maintenance inspection recommended soon.
PHL,608,2008,1222664.2,77.79,97.26,57.99,Universal Analysis Mode,Warning,Maintenance inspection recommended soon.
PHL,608,2009,1215043.31,49.5,61.67,55.28,Universal Analysis Mode,Warning,Maintenance inspection recommended soon.
PHL,608,2010,1640671.46,62.78,79.5,54.44,Universal Analysis Mode,Warning,Maintenance inspection recommended soon.
PHL,608,2011,1326863.23,85.17,111.26,53.87,Universal Analysis Mode,Warning,Maintenance inspection recommended soon.
PHL,608,2012,995728.09,83.75,111.67,52.45,Universal Analysis Mode,Warning,Maintenance inspection recommended soon.
PHL,608,2013,1045800.0,80.32,108.66,55.77,Universal Analysis Mode,Warning,Maintenance inspection recommended soon.
PHL,608,2014,1045800.0,71.97,98.95,56.83,Universal Analysis Mode,Warning,Maintenance inspection recommended soon.
POL,616,1932,0.0,10.86,0.87,28.81,Universal Analysis Mode,Healthy,Machine is safe. Continue regular monitoring.
POL,616,1933,4235.0,8.82,0.67,31.18,Universal Analysis Mode,Warning,Maintenance inspection recommended soon.
POL,616,1934,534563.0,12.72,1.0,39.65,Universal Analysis Mode,Warning,Maintenance inspection recommended soon.
POL,616,1935,520765.0,12.04,0.97,39.03,Universal Analysis Mode,Warning,Maintenance inspection recommended soon.
POL,616,1936,517623.0,13.38,1.09,39.74,Universal Analysis Mode,Warning,Maintenance inspection recommended soon.
POL,616,1937,507650.0,13.98,1.18,39.63,Universal Analysis Mode,Warning,Maintenance inspection recommended soon.
POL,616,1938,514071.0,13.66,1.13,39.63,Universal Analysis Mode,Warning,Maintenance inspection recommended soon.
POL,616,1939,532514.0,12.5,1.02,39.36,Universal Analysis Mode,Warning,Maintenance inspection recommended soon.
POL,616,1940,531557.0,12.38,1.02,39.15,Universal Analysis Mode,Warning,Maintenance inspection recommended soon.
POL,616,1941,244945.0,13.18,1.14,32.92,Universal Analysis Mode,Warning,Maintenance inspection recommended soon.
POL,616,1942,381694.0,12.42,1.19,34.54,Universal Analysis Mode,Warning,Maintenance inspection recommended soon.
POL,616,1943,478142.0,11.81,1.2,34.89,Universal Analysis Mode,Warning,Maintenance inspection recommended soon.
POL,616,1944,409836.0,11.71,1.21,34.38,Universal Analysis Mode,Warning,Maintenance inspection recommended soon.
POL,616,1945,102459.0,9.93,1.05,29.79,Universal Analysis Mode,Healthy,Machine is safe. Continue regular monitoring.
POL,616,1946,118306.0,9.77,1.12,31.52,Universal Analysis Mode,Warning,Maintenance inspection recommended soon.
POL,616,1947,129918.0,14.48,1.9,32.58,Universal Analysis Mode,Warning,Maintenance inspection recommended soon.
POL,616,1948,141940.0,14.07,1.99,33.23,Universal Analysis Mode,Warning,Maintenance inspection recommended soon.
POL,616,1949,164617.0,12.71,1.78,32.92,Universal Analysis Mode,Warning,Maintenance inspection recommended soon.
POL,616,1950,164617.0,12.08,1.71,32.53,Universal Analysis Mode,Warning,Maintenance inspection recommended soon.
POL,616,1951,205191.0,11.2,1.71,34.3,Universal Analysis Mode,Warning,Maintenance inspection recommended soon.
POL,616,1952,232240.0,10.96,1.71,34.52,Universal Analysis Mode,Warning,Maintenance inspection recommended soon.
POL,616,1953,191257.0,12.27,1.93,34.81,Universal Analysis Mode,Warning,Maintenance inspection recommended soon.
POL,616,1954,186202.0,12.21,1.93,34.68,Universal Analysis Mode,Warning,Maintenance inspection recommended soon.
POL,616,1955,182240.0,12.27,1.93,39.48,Universal Analysis Mode,Warning,Maintenance inspection recommended soon.
POL,616,1956,186202.0,12.07,1.93,39.77,Universal Analysis Mode,Warning,Maintenance inspection recommended soon.
POL,616,1957,183197.0,11.48,1.9,46.05,Universal Analysis Mode,Warning,Maintenance inspection recommended soon.
POL,616,1958,177322.0,12.25,2.08,39.78,Universal Analysis Mode,Warning,Maintenance inspection recommended soon.
POL,616,1959,174454.0,12.14,2.08,40.01,Universal Analysis Mode,Warning,Maintenance inspection recommended soon.
POL,616,1960,196995.0,10.91,1.9,41.25,Universal Analysis Mode,Warning,Maintenance inspection recommended soon.
POL,616,1961,205328.0,10.24,1.8,42.14,Universal Analysis Mode,Warning,Maintenance inspection recommended soon.
POL,616,1962,205191.0,10.12,1.8,43.53,Universal Analysis Mode,Warning,Maintenance inspection recommended soon.
POL,616,1963,213000.0,9.99,1.8,43.88,Universal Analysis Mode,Warning,Maintenance inspection recommended soon.
POL,616,1964,282000.0,9.86,1.8,44.07,Universal Analysis Mode,Warning,Maintenance inspection recommended soon.
POL,616,1965,339000.0,9.71,1.8,45.56,Universal Analysis Mode,Warning,Maintenance inspection recommended soon.
POL,616,1966,400000.0,9.41,1.8,45.31,Universal Analysis Mode,Warning,Maintenance inspection recommended soon.
POL,616,1967,450000.0,9.16,1.8,46.01,Universal Analysis Mode,Warning,Maintenance inspection recommended soon.
POL,616,1968,475000.0,8.8,1.8,47.14,Universal Analysis Mode,Warning,Maintenance inspection recommended soon.
POL,616,1969,439000.0,8.35,1.8,47.93,Universal Analysis Mode,Warning,Maintenance inspection recommended soon.
POL,616,1970,424000.0,7.88,1.8,47.73,Universal Analysis Mode,Warning,Maintenance inspection recommended soon.
POL,616,1971,395000.0,9.41,2.24,48.17,Universal Analysis Mode,Warning,Maintenance inspection recommended soon.
POL,616,1972,347000.0,10.09,2.48,47.99,Universal Analysis Mode,Warning,Maintenance inspection recommended soon.
POL,616,1973,392000.0,12.59,3.29,49.12,Universal Analysis Mode,Warning,Maintenance inspection recommended soon.
POL,616,1974,550000.0,39.93,11.58,52.95,Universal Analysis Mode,Warning,Maintenance inspection recommended soon.
POL,616,1975,553000.0,36.44,11.53,53.34,Universal Analysis Mode,Warning,Maintenance inspection recommended soon.
POL,616,1976,455000.0,38.23,12.8,55.09,Universal Analysis Mode,Warning,Maintenance inspection recommended soon.
POL,616,1977,364000.0,39.04,13.92,56.22,Universal Analysis Mode,Warning,Maintenance inspection recommended soon.
POL,616,1978,363000.0,36.54,14.02,55.84,Universal Analysis Mode,Warning,Maintenance inspection recommended soon.
POL,616,1979,331000.0,74.02,31.61,58.32,Universal Analysis Mode,Warning,Maintenance inspection recommended soon.
POL,616,1980,329000.0,75.97,36.83,59.65,Universal Analysis Mode,Warning,Maintenance inspection recommended soon.
POL,616,1981,315000.0,67.14,35.93,60.12,Universal Analysis Mode,Warning,Maintenance inspection recommended soon.
POL,616,1982,241000.0,58.02,32.97,59.85,Universal Analysis Mode,Warning,Maintenance inspection recommended soon.
POL,616,1983,210000.0,50.39,29.55,59.25,Universal Analysis Mode,Warning,Maintenance inspection recommended soon.
POL,616,1984,189000.0,45.82,28.78,55.62,Universal Analysis Mode,Warning,Maintenance inspection recommended soon.
POL,616,1985,195000.0,43.43,27.56,55.31,Universal Analysis Mode,Warning,Maintenance inspection recommended soon.
POL,616,1986,167000.0,22.22,14.43,51.29,Universal Analysis Mode,Warning,Maintenance inspection recommended soon.
POL,616,1987,149000.0,27.46,18.44,50.2,Universal Analysis Mode,Warning,Maintenance inspection recommended soon.
POL,616,1988,159000.0,21.42,14.92,48.34,Universal Analysis Mode,Warning,Maintenance inspection recommended soon.
POL,616,1989,157000.0,24.87,18.23,48.9,Universal Analysis Mode,Warning,Maintenance inspection recommended soon.
POL,616,1990,160000.0,30.88,23.73,47.4,Universal Analysis Mode,Warning,Maintenance inspection recommended soon.
POL,616,1991,157000.0,24.95,20.0,46.91,Universal Analysis Mode,Warning,Maintenance inspection recommended soon.
POL,616,1992,199000.0,23.39,19.32,46.49,Universal Analysis Mode,Warning,Maintenance inspection recommended soon.
POL,616,1993,200000.0,20.01,16.97,45.99,Universal Analysis Mode,Warning,Maintenance inspection recommended soon.
POL,616,1994,600000.0,18.26,15.82,47.51,Universal Analysis Mode,Warning,Maintenance inspection recommended soon.
POL,616,1995,292000.0,19.1,17.02,46.05,Universal Analysis Mode,Warning,Maintenance inspection recommended soon.
POL,616,1996,317000.0,22.48,20.67,47.39,Universal Analysis Mode,Warning,Maintenance inspection recommended soon.
POL,616,1997,289000.0,20.38,19.09,46.72,Universal Analysis Mode,Warning,Maintenance inspection recommended soon.
POL,616,1998,360000.0,13.62,12.72,45.15,Universal Analysis Mode,Warning,Maintenance inspection recommended soon.
POL,616,1999,434000.0,18.56,17.97,47.38,Universal Analysis Mode,Warning,Maintenance inspection recommended soon.
POL,616,2000,653000.0,28.5,28.5,51.92,Universal Analysis Mode,Warning,Maintenance inspection recommended soon.
POL,616,2001,733629.2,23.7,24.44,52.07,Universal Analysis Mode,Warning,Maintenance inspection recommended soon.
POL,616,2002,663363.39,23.72,25.02,51.61,Universal Analysis Mode,Warning,Maintenance inspection recommended soon.
POL,616,2003,728853.88,26.54,28.83,54.0,Universal Analysis Mode,Warning,Maintenance inspection recommended soon.
POL,616,2004,829863.71,34.3,38.26,54.61,Universal Analysis Mode,Warning,Maintenance inspection recommended soon.
POL,616,2005,792024.68,47.26,54.52,56.1,Universal Analysis Mode,Warning,Maintenance inspection recommended soon.
POL,616,2006,746317.74,55.37,65.14,55.29,Universal Analysis Mode,Warning,Maintenance inspection recommended soon.
POL,616,2007,680281.45,60.12,72.39,55.22,Universal Analysis Mode,Warning,Maintenance inspection recommended soon.
POL,616,2008,705500.17,77.79,97.26,56.0,Universal Analysis Mode,Warning,Maintenance inspection recommended soon.
POL,616,2009,617792.9,49.5,61.67,52.4,Universal Analysis Mode,Warning,Maintenance inspection recommended soon.
POL,616,2010,642897.58,62.78,79.5,51.56,Universal Analysis Mode,Warning,Maintenance inspection recommended soon.
POL,616,2011,621885.97,85.17,111.26,51.04,Universal Analysis Mode,Warning,Maintenance inspection recommended soon.
POL,616,2012,667401.67,83.75,111.67,49.74,Universal Analysis Mode,Warning,Maintenance inspection recommended soon.
POL,616,2013,957388.07,80.32,108.66,50.3,Universal Analysis Mode,Warning,Maintenance inspection recommended soon.
POL,616,2014,959024.99,71.97,98.95,57.09,Universal Analysis Mode,Warning,Maintenance inspection recommended soon.
PRT,620,1932,49800.0,10.86,0.87,30.78,Universal Analysis Mode,Warning,Maintenance inspection recommended soon.
PRT,620,1933,49800.0,8.82,0.67,30.78,Universal Analysis Mode,Warning,Maintenance inspection recommended soon.
PRT,620,1934,49800.0,12.72,1.0,31.27,Universal Analysis Mode,Warning,Maintenance inspection recommended soon.
PRT,620,1935,49800.0,12.04,0.97,30.93,Universal Analysis Mode,Warning,Maintenance inspection recommended soon.
PRT,620,1936,49800.0,13.38,1.09,31.25,Universal Analysis Mode,Warning,Maintenance inspection recommended soon.
PRT,620,1937,49800.0,13.98,1.18,31.03,Universal Analysis Mode,Warning,Maintenance inspection recommended soon.
PRT,620,1938,49800.0,13.66,1.13,31.08,Universal Analysis Mode,Warning,Maintenance inspection recommended soon.
PRT,620,1939,49800.0,12.5,1.02,31.02,Universal Analysis Mode,Warning,Maintenance inspection recommended soon.
PRT,620,1940,49800.0,12.38,1.02,30.96,Universal Analysis Mode,Warning,Maintenance inspection recommended soon.
PRT,620,1941,49800.0,13.18,1.14,31.0,Universal Analysis Mode,Warning,Maintenance inspection recommended soon.
PRT,620,1942,49800.0,12.42,1.19,30.82,Universal Analysis Mode,Warning,Maintenance inspection recommended soon.
PRT,620,1943,49800.0,11.81,1.2,30.58,Universal Analysis Mode,Warning,Maintenance inspection recommended soon.
PRT,620,1944,49800.0,11.71,1.21,30.55,Universal Analysis Mode,Warning,Maintenance inspection recommended soon.
PRT,620,1945,49800.0,9.93,1.05,30.22,Universal Analysis Mode,Warning,Maintenance inspection recommended soon.
PRT,620,1946,49800.0,9.77,1.12,30.12,Universal Analysis Mode,Warning,Maintenance inspection recommended soon.
PRT,620,1947,49800.0,14.48,1.9,31.08,Universal Analysis Mode,Warning,Maintenance inspection recommended soon.
PRT,620,1948,49800.0,14.07,1.99,31.12,Universal Analysis Mode,Warning,Maintenance inspection recommended soon.
PRT,620,1949,49800.0,12.71,1.78,30.68,Universal Analysis Mode,Warning,Maintenance inspection recommended soon.
PRT,620,1950,49800.0,12.08,1.71,30.53,Universal Analysis Mode,Warning,Maintenance inspection recommended soon.
PRT,620,1951,49800.0,11.2,1.71,30.34,Universal Analysis Mode,Warning,Maintenance inspection recommended soon.
PRT,620,1952,49800.0,10.96,1.71,30.32,Universal Analysis Mode,Warning,Maintenance inspection recommended soon.
PRT,620,1953,49800.0,12.27,1.93,30.83,Universal Analysis Mode,Warning,Maintenance inspection recommended soon.
PRT,620,1954,49800.0,12.21,1.93,30.74,Universal Analysis Mode,Warning,Maintenance inspection recommended soon.
PRT,620,1955,49800.0,12.27,1.93,30.39,Universal Analysis Mode,Warning,Maintenance inspection recommended soon.
PRT,620,1956,49800.0,12.07,1.93,30.38,Universal Analysis Mode,Warning,Maintenance inspection recommended soon.
PRT,620,1957,49800.0,11.48,1.9,30.12,Universal Analysis Mode,Warning,Maintenance inspection recommended soon.
PRT,620,1958,49800.0,12.25,2.08,30.57,Universal Analysis Mode,Warning,Maintenance inspection recommended soon.
PRT,620,1959,49800.0,12.14,2.08,30.6,Universal Analysis Mode,Warning,Maintenance inspection recommended soon.
PRT,620,1960,0.0,10.91,1.9,26.2,Universal Analysis Mode,Healthy,Machine is safe. Continue regular monitoring.
PRT,620,1961,0.0,10.24,1.8,26.13,Universal Analysis Mode,Healthy,Machine is safe. Continue regular monitoring.
PRT,620,1962,0.0,10.12,1.8,26.99,Universal Analysis Mode,Healthy,Machine is safe. Continue regular monitoring.
PRT,620,1963,0.0,9.99,1.8,26.82,Universal Analysis Mode,Healthy,Machine is safe. Continue regular monitoring.
PRT,620,1964,0.0,9.86,1.8,25.91,Universal Analysis Mode,Healthy,Machine is safe. Continue regular monitoring.
PRT,620,1965,0.0,9.71,1.8,26.51,Universal Analysis Mode,Healthy,Machine is safe. Continue regular monitoring.
PRT,620,1966,0.0,9.41,1.8,25.86,Universal Analysis Mode,Healthy,Machine is safe. Continue regular monitoring.
PRT,620,1967,0.0,9.16,1.8,25.74,Universal Analysis Mode,Healthy,Machine is safe. Continue regular monitoring.
PRT,620,1968,0.0,8.8,1.8,25.49,Universal Analysis Mode,Healthy,Machine is safe. Continue regular monitoring.
PRT,620,1969,0.0,8.35,1.8,25.6,Universal Analysis Mode,Healthy,Machine is safe. Continue regular monitoring.
PRT,620,1970,0.0,7.88,1.8,25.33,Universal Analysis Mode,Healthy,Machine is safe. Continue regular monitoring.
PRT,620,1971,0.0,9.41,2.24,25.65,Universal Analysis Mode,Healthy,Machine is safe. Continue regular monitoring.
PRT,620,1972,0.0,10.09,2.48,25.66,Universal Analysis Mode,Healthy,Machine is safe. Continue regular monitoring.
PRT,620,1973,0.0,12.59,3.29,25.89,Universal Analysis Mode,Healthy,Machine is safe. Continue regular monitoring.
PRT,620,1974,0.0,39.93,11.58,27.78,Universal Analysis Mode,Healthy,Machine is safe. Continue regular monitoring.
PRT,620,1975,0.0,36.44,11.53,28.08,Universal Analysis Mode,Healthy,Machine is safe. Continue regular monitoring.
PRT,620,1976,0.0,38.23,12.8,29.69,Universal Analysis Mode,Healthy,Machine is safe. Continue regular monitoring.
PRT,620,1977,0.0,39.04,13.92,30.89,Universal Analysis Mode,Warning,Maintenance inspection recommended soon.
PRT,620,1978,0.0,36.54,14.02,30.56,Universal Analysis Mode,Warning,Maintenance inspection recommended soon.
PRT,620,1979,0.0,74.02,31.61,32.93,Universal Analysis Mode,Warning,Maintenance inspection recommended soon.
PRT,620,1980,0.0,75.97,36.83,34.17,Universal Analysis Mode,Warning,Maintenance inspection recommended soon.
PRT,620,1981,0.0,67.14,35.93,34.66,Universal Analysis Mode,Warning,Maintenance inspection recommended soon.
PRT,620,1982,0.0,58.02,32.97,34.75,Universal Analysis Mode,Warning,Maintenance inspection recommended soon.
PRT,620,1983,0.0,50.39,29.55,34.35,Universal Analysis Mode,Warning,Maintenance inspection recommended soon.
PRT,620,1984,0.0,45.82,28.78,30.87,Universal Analysis Mode,Warning,Maintenance inspection recommended soon.
PRT,620,1985,0.0,43.43,27.56,30.61,Universal Analysis Mode,Warning,Maintenance inspection recommended soon.
PRT,620,1986,0.0,22.22,14.43,28.24,Universal Analysis Mode,Healthy,Machine is safe. Continue regular monitoring.
PRT,620,1987,0.0,27.46,18.44,27.29,Universal Analysis Mode,Healthy,Machine is safe. Continue regular monitoring.
PRT,620,1988,0.0,21.42,14.92,25.71,Universal Analysis Mode,Healthy,Machine is safe. Continue regular monitoring.
PRT,620,1989,0.0,24.87,18.23,26.13,Universal Analysis Mode,Healthy,Machine is safe. Continue regular monitoring.
PRT,620,1990,0.0,30.88,23.73,27.26,Universal Analysis Mode,Healthy,Machine is safe. Continue regular monitoring.
PRT,620,1991,0.0,24.95,20.0,27.19,Universal Analysis Mode,Healthy,Machine is safe. Continue regular monitoring.
PRT,620,1992,0.0,23.39,19.32,25.63,Universal Analysis Mode,Healthy,Machine is safe. Continue regular monitoring.
PRT,620,1993,0.0,20.01,16.97,25.24,Universal Analysis Mode,Healthy,Machine is safe. Continue regular monitoring.
PRT,620,1994,0.0,18.26,15.82,24.66,Universal Analysis Mode,Healthy,Machine is safe. Continue regular monitoring.
PRT,620,1995,0.0,19.1,17.02,24.59,Universal Analysis Mode,Healthy,Machine is safe. Continue regular monitoring.
PRT,620,1996,0.0,22.48,20.67,25.36,Universal Analysis Mode,Healthy,Machine is safe. Continue regular monitoring.
PRT,620,1997,0.0,20.38,19.09,22.27,Universal Analysis Mode,Healthy,Machine is safe. Continue regular monitoring.
PRT,620,1998,0.0,13.62,12.72,21.25,Universal Analysis Mode,Healthy,Machine is safe. Continue regular monitoring.
PRT,620,1999,0.0,18.56,17.97,21.85,Universal Analysis Mode,Healthy,Machine is safe. Continue regular monitoring.
PRT,620,2000,0.0,28.5,28.5,24.96,Universal Analysis Mode,Healthy,Machine is safe. Continue regular monitoring.
PRT,620,2001,0.0,23.7,24.44,24.9,Universal Analysis Mode,Healthy,Machine is safe. Continue regular monitoring.
PRT,620,2002,0.0,23.72,25.02,24.47,Universal Analysis Mode,Healthy,Machine is safe. Continue regular monitoring.
PRT,620,2003,0.0,26.54,28.83,26.51,Universal Analysis Mode,Healthy,Machine is safe. Continue regular monitoring.
PRT,620,2004,0.0,34.3,38.26,26.95,Universal Analysis Mode,Healthy,Machine is safe. Continue regular monitoring.
PRT,620,2005,0.0,47.26,54.52,28.12,Universal Analysis Mode,Healthy,Machine is safe. Continue regular monitoring.
PRT,620,2006,0.0,55.37,65.14,27.57,Universal Analysis Mode,Healthy,Machine is safe. Continue regular monitoring.
PRT,620,2007,0.0,60.12,72.39,27.52,Universal Analysis Mode,Healthy,Machine is safe. Continue regular monitoring.
PRT,620,2008,0.0,77.79,97.26,28.87,Universal Analysis Mode,Healthy,Machine is safe. Continue regular monitoring.
PRT,620,2009,0.0,49.5,61.67,25.14,Universal Analysis Mode,Healthy,Machine is safe. Continue regular monitoring.
PRT,620,2010,0.0,62.78,79.5,25.29,Universal Analysis Mode,Healthy,Machine is safe. Continue regular monitoring.
PRT,620,2011,0.0,85.17,111.26,24.76,Universal Analysis Mode,Healthy,Machine is safe. Continue regular monitoring.
PRT,620,2012,0.0,83.75,111.67,23.65,Universal Analysis Mode,Healthy,Machine is safe. Continue regular monitoring.
PRT,620,2013,0.0,80.32,108.66,23.83,Universal Analysis Mode,Healthy,Machine is safe. Continue regular monitoring.
PRT,620,2014,0.0,71.97,98.95,32.07,Universal Analysis Mode,Warning,Maintenance inspection recommended soon.
QAT,634,1932,49800.0,10.86,0.87,29.57,Universal Analysis Mode,Healthy,Machine is safe. Continue regular monitoring.
QAT,634,1933,49800.0,8.82,0.67,29.55,Universal Analysis Mode,Healthy,Machine is safe. Continue regular monitoring.
QAT,634,1934,49800.0,12.72,1.0,30.03,Universal Analysis Mode,Warning,Maintenance inspection recommended soon.
QAT,634,1935,49800.0,12.04,0.97,29.68,Universal Analysis Mode,Healthy,Machine is safe. Continue regular monitoring.
QAT,634,1936,49800.0,13.38,1.09,29.98,Universal Analysis Mode,Healthy,Machine is safe. Continue regular monitoring.
QAT,634,1937,49800.0,13.98,1.18,29.75,Universal Analysis Mode,Healthy,Machine is safe. Continue regular monitoring.
QAT,634,1938,49800.0,13.66,1.13,29.78,Universal Analysis Mode,Healthy,Machine is safe. Continue regular monitoring.
QAT,634,1939,49800.0,12.5,1.02,29.7,Universal Analysis Mode,Healthy,Machine is safe. Continue regular monitoring.
QAT,634,1940,49800.0,12.38,1.02,29.63,Universal Analysis Mode,Healthy,Machine is safe. Continue regular monitoring.
QAT,634,1941,49800.0,13.18,1.14,29.65,Universal Analysis Mode,Healthy,Machine is safe. Continue regular monitoring.
QAT,634,1942,49800.0,12.42,1.19,29.47,Universal Analysis Mode,Healthy,Machine is safe. Continue regular monitoring.
QAT,634,1943,49800.0,11.81,1.2,29.21,Universal Analysis Mode,Healthy,Machine is safe. Continue regular monitoring.
QAT,634,1944,49800.0,11.71,1.21,29.17,Universal Analysis Mode,Healthy,Machine is safe. Continue regular monitoring.
QAT,634,1945,49800.0,9.93,1.05,28.83,Universal Analysis Mode,Healthy,Machine is safe. Continue regular monitoring.
QAT,634,1946,49800.0,9.77,1.12,28.72,Universal Analysis Mode,Healthy,Machine is safe. Continue regular monitoring.
QAT,634,1947,49800.0,14.48,1.9,29.67,Universal Analysis Mode,Healthy,Machine is safe. Continue regular monitoring.
QAT,634,1948,49800.0,14.07,1.99,29.7,Universal Analysis Mode,Healthy,Machine is safe. Continue regular monitoring.
QAT,634,1949,102459.0,12.71,1.78,29.48,Universal Analysis Mode,Healthy,Machine is safe. Continue regular monitoring.
QAT,634,1950,1771585.0,12.08,1.71,43.26,Universal Analysis Mode,Warning,Maintenance inspection recommended soon.
QAT,634,1951,2460246.0,11.2,1.71,43.48,Universal Analysis Mode,Warning,Maintenance inspection recommended soon.
QAT,634,1952,3450137.0,10.96,1.71,43.93,Universal Analysis Mode,Warning,Maintenance inspection recommended soon.
QAT,634,1953,4238388.0,12.27,1.93,44.61,Universal Analysis Mode,Warning,Maintenance inspection recommended soon.
QAT,634,1954,4979508.0,12.21,1.93,44.6,Universal Analysis Mode,Warning,Maintenance inspection recommended soon.
QAT,634,1955,5735383.0,12.27,1.93,44.33,Universal Analysis Mode,Warning,Maintenance inspection recommended soon.
QAT,634,1956,6188525.0,12.07,1.93,44.35,Universal Analysis Mode,Warning,Maintenance inspection recommended soon.
QAT,634,1957,6939618.0,11.48,1.9,44.12,Universal Analysis Mode,Warning,Maintenance inspection recommended soon.
QAT,634,1958,8662842.0,12.25,2.08,44.73,Universal Analysis Mode,Warning,Maintenance inspection recommended soon.
QAT,634,1959,8392213.0,12.14,2.08,44.73,Universal Analysis Mode,Warning,Maintenance inspection recommended soon.
QAT,634,1960,8618579.0,10.91,1.9,44.61,Universal Analysis Mode,Warning,Maintenance inspection recommended soon.
QAT,634,1961,8793443.0,10.24,1.8,44.53,Universal Analysis Mode,Warning,Maintenance inspection recommended soon.
QAT,634,1962,9277459.0,10.12,1.8,45.41,Universal Analysis Mode,Warning,Maintenance inspection recommended soon.
QAT,634,1963,9584426.0,9.99,1.8,47.81,Universal Analysis Mode,Warning,Maintenance inspection recommended soon.
QAT,634,1964,10600000.0,9.86,1.8,46.93,Universal Analysis Mode,Warning,Maintenance inspection recommended soon.
QAT,634,1965,11500000.0,9.71,1.8,47.57,Universal Analysis Mode,Warning,Maintenance inspection recommended soon.
QAT,634,1966,14500000.0,9.41,1.8,47.04,Universal Analysis Mode,Warning,Maintenance inspection recommended soon.
QAT,634,1967,16100000.0,9.16,1.8,46.97,Universal Analysis Mode,Warning,Maintenance inspection recommended soon.
QAT,634,1968,17000000.0,8.8,1.8,47.26,Universal Analysis Mode,Warning,Maintenance inspection recommended soon.
QAT,634,1969,17700000.0,8.35,1.8,47.51,Universal Analysis Mode,Warning,Maintenance inspection recommended soon.
QAT,634,1970,18100000.0,7.88,1.8,47.24,Universal Analysis Mode,Warning,Maintenance inspection recommended soon.
QAT,634,1971,21400000.0,9.41,2.24,48.6,Universal Analysis Mode,Warning,Maintenance inspection recommended soon.
QAT,634,1972,24100000.0,10.09,2.48,48.74,Universal Analysis Mode,Warning,Maintenance inspection recommended soon.
QAT,634,1973,28400000.0,12.59,3.29,49.24,Universal Analysis Mode,Warning,Maintenance inspection recommended soon.
QAT,634,1974,25900000.0,39.93,11.58,51.48,Universal Analysis Mode,Warning,Maintenance inspection recommended soon.
QAT,634,1975,21800000.0,36.44,11.53,51.66,Universal Analysis Mode,Warning,Maintenance inspection recommended soon.
QAT,634,1976,24800000.0,38.23,12.8,53.34,Universal Analysis Mode,Warning,Maintenance inspection recommended soon.
QAT,634,1977,22200000.0,39.04,13.92,54.53,Universal Analysis Mode,Warning,Maintenance inspection recommended soon.
QAT,634,1978,24100000.0,36.54,14.02,54.22,Universal Analysis Mode,Warning,Maintenance inspection recommended soon.
QAT,634,1979,25200000.0,74.02,31.61,57.0,Universal Analysis Mode,Warning,Maintenance inspection recommended soon.
QAT,634,1980,23600000.0,75.97,36.83,58.28,Universal Analysis Mode,Warning,Maintenance inspection recommended soon.
QAT,634,1981,20100000.0,67.14,35.93,58.72,Universal Analysis Mode,Warning,Maintenance inspection recommended soon.
QAT,634,1982,16400000.0,58.02,32.97,58.7,Universal Analysis Mode,Warning,Maintenance inspection recommended soon.
QAT,634,1983,14700000.0,50.39,29.55,58.15,Universal Analysis Mode,Warning,Maintenance inspection recommended soon.
QAT,634,1984,17500000.0,45.82,28.78,57.88,Universal Analysis Mode,Warning,Maintenance inspection recommended soon.
QAT,634,1985,15000000.0,43.43,27.56,57.5,Universal Analysis Mode,Warning,Maintenance inspection recommended soon.
QAT,634,1986,13900000.0,22.22,14.43,58.54,Universal Analysis Mode,Warning,Maintenance inspection recommended soon.
QAT,634,1987,14600000.0,27.46,18.44,57.6,Universal Analysis Mode,Warning,Maintenance inspection recommended soon.
QAT,634,1988,17000000.0,21.42,14.92,56.01,Universal Analysis Mode,Warning,Maintenance inspection recommended soon.
QAT,634,1989,16000000.0,24.87,18.23,56.49,Universal Analysis Mode,Warning,Maintenance inspection recommended soon.
QAT,634,1990,20200000.0,30.88,23.73,59.54,Universal Analysis Mode,Warning,Maintenance inspection recommended soon.
QAT,634,1991,19500000.0,24.95,20.0,59.36,Universal Analysis Mode,Warning,Maintenance inspection recommended soon.
QAT,634,1992,21200000.0,23.39,19.32,57.91,Universal Analysis Mode,Warning,Maintenance inspection recommended soon.
QAT,634,1993,20800000.0,20.01,16.97,57.57,Universal Analysis Mode,Warning,Maintenance inspection recommended soon.
QAT,634,1994,18900000.0,18.26,15.82,56.9,Universal Analysis Mode,Warning,Maintenance inspection recommended soon.
QAT,634,1995,19400000.0,19.1,17.02,56.87,Universal Analysis Mode,Warning,Maintenance inspection recommended soon.
QAT,634,1996,25400000.0,22.48,20.67,57.83,Universal Analysis Mode,Warning,Maintenance inspection recommended soon.
QAT,634,1997,32400000.0,20.38,19.09,61.58,Universal Analysis Mode,Warning,Maintenance inspection recommended soon.
QAT,634,1998,34700000.0,13.62,12.72,60.45,Universal Analysis Mode,Warning,Maintenance inspection recommended soon.
QAT,634,1999,31700000.0,18.56,17.97,61.37,Universal Analysis Mode,Warning,Maintenance inspection recommended soon.
QAT,634,2000,31600000.0,28.5,28.5,64.93,Universal Analysis Mode,Warning,Maintenance inspection recommended soon.
QAT,634,2001,35600000.0,23.7,24.44,64.89,Universal Analysis Mode,Warning,Maintenance inspection recommended soon.
QAT,634,2002,33800000.0,23.72,25.02,64.45,Universal Analysis Mode,Warning,Maintenance inspection recommended soon.
QAT,634,2003,35600000.0,26.54,28.83,66.79,Universal Analysis Mode,Warning,Maintenance inspection recommended soon.
QAT,634,2004,39000000.0,34.3,38.26,67.47,Universal Analysis Mode,Warning,Maintenance inspection recommended soon.
QAT,634,2005,41600000.0,47.26,54.52,68.93,Universal Analysis Mode,Warning,Maintenance inspection recommended soon.
QAT,634,2006,42300000.0,55.37,65.14,68.35,Universal Analysis Mode,Warning,Maintenance inspection recommended soon.
QAT,634,2007,42360244.04,60.12,72.39,68.36,Universal Analysis Mode,Warning,Maintenance inspection recommended soon.
QAT,634,2008,46016904.16,77.79,97.26,69.16,Universal Analysis Mode,Warning,Maintenance inspection recommended soon.
QAT,634,2009,46142218.88,49.5,61.67,65.92,Universal Analysis Mode,Warning,Maintenance inspection recommended soon.
QAT,634,2010,56111799.41,62.78,79.5,67.29,Universal Analysis Mode,Warning,Maintenance inspection recommended soon.
QAT,634,2011,64536706.94,85.17,111.26,66.86,Universal Analysis Mode,Warning,Maintenance inspection recommended soon.
QAT,634,2012,77259937.63,83.75,111.67,65.73,Universal Analysis Mode,Warning,Maintenance inspection recommended soon.
QAT,634,2013,77339400.0,80.32,108.66,59.79,Universal Analysis Mode,Warning,Maintenance inspection recommended soon.
QAT,634,2014,76713148.07,71.97,98.95,58.42,Universal Analysis Mode,Warning,Maintenance inspection recommended soon.
ROM,642,1932,7351776.0,10.86,0.87,47.46,Universal Analysis Mode,Warning,Maintenance inspection recommended soon.
ROM,642,1933,7379781.0,8.82,0.67,46.99,Universal Analysis Mode,Warning,Maintenance inspection recommended soon.
ROM,642,1934,8529781.0,12.72,1.0,48.16,Universal Analysis Mode,Warning,Maintenance inspection recommended soon.
ROM,642,1935,8375683.0,12.04,0.97,47.78,Universal Analysis Mode,Warning,Maintenance inspection recommended soon.
ROM,642,1936,8696585.0,13.38,1.09,48.21,Universal Analysis Mode,Warning,Maintenance inspection recommended soon.
ROM,642,1937,7165574.0,13.98,1.18,47.88,Universal Analysis Mode,Warning,Maintenance inspection recommended soon.
ROM,642,1938,6623907.0,13.66,1.13,47.85,Universal Analysis Mode,Warning,Maintenance inspection recommended soon.
ROM,642,1939,6213525.0,12.5,1.02,47.68,Universal Analysis Mode,Warning,Maintenance inspection recommended soon.
ROM,642,1940,5762568.0,12.38,1.02,47.48,Universal Analysis Mode,Warning,Maintenance inspection recommended soon.
ROM,642,1941,5535109.0,13.18,1.14,47.59,Universal Analysis Mode,Warning,Maintenance inspection recommended soon.
ROM,642,1942,5750546.0,12.42,1.19,47.42,Universal Analysis Mode,Warning,Maintenance inspection recommended soon.
ROM,642,1943,5352732.0,11.81,1.2,47.08,Universal Analysis Mode,Warning,Maintenance inspection recommended soon.
ROM,642,1944,3578005.0,11.71,1.21,46.11,Universal Analysis Mode,Warning,Maintenance inspection recommended soon.
ROM,642,1945,4750273.0,9.93,1.05,46.15,Universal Analysis Mode,Warning,Maintenance inspection recommended soon.
ROM,642,1946,4294262.0,9.77,1.12,45.89,Universal Analysis Mode,Warning,Maintenance inspection recommended soon.
ROM,642,1947,3900546.0,14.48,1.9,47.49,Universal Analysis Mode,Warning,Maintenance inspection recommended soon.
ROM,642,1948,4644809.0,14.07,1.99,47.64,Universal Analysis Mode,Warning,Maintenance inspection recommended soon.
ROM,642,1949,4603825.0,12.71,1.78,47.13,Universal Analysis Mode,Warning,Maintenance inspection recommended soon.
ROM,642,1950,4371585.0,12.08,1.71,46.98,Universal Analysis Mode,Warning,Maintenance inspection recommended soon.
ROM,642,1951,4234973.0,11.2,1.71,46.73,Universal Analysis Mode,Warning,Maintenance inspection recommended soon.
ROM,642,1952,6147541.0,10.96,1.71,46.99,Universal Analysis Mode,Warning,Maintenance inspection recommended soon.
ROM,642,1953,9222131.0,12.27,1.93,47.89,Universal Analysis Mode,Warning,Maintenance inspection recommended soon.
ROM,642,1954,9918033.0,12.21,1.93,47.85,Universal Analysis Mode,Warning,Maintenance inspection recommended soon.
ROM,642,1955,10700000.0,12.27,1.93,50.84,Universal Analysis Mode,Warning,Maintenance inspection recommended soon.
ROM,642,1956,11100000.0,12.07,1.93,50.91,Universal Analysis Mode,Warning,Maintenance inspection recommended soon.
ROM,642,1957,11400000.0,11.48,1.9,50.66,Universal Analysis Mode,Warning,Maintenance inspection recommended soon.
ROM,642,1958,11500000.0,12.25,2.08,51.22,Universal Analysis Mode,Warning,Maintenance inspection recommended soon.
ROM,642,1959,11400000.0,12.14,2.08,51.31,Universal Analysis Mode,Warning,Maintenance inspection recommended soon.
ROM,642,1960,11700000.0,10.91,1.9,51.28,Universal Analysis Mode,Warning,Maintenance inspection recommended soon.
ROM,642,1961,11800000.0,10.24,1.8,51.26,Universal Analysis Mode,Warning,Maintenance inspection recommended soon.
ROM,642,1962,12100000.0,10.12,1.8,52.26,Universal Analysis Mode,Warning,Maintenance inspection recommended soon.
ROM,642,1963,12200000.0,9.99,1.8,52.13,Universal Analysis Mode,Warning,Maintenance inspection recommended soon.
ROM,642,1964,12400000.0,9.86,1.8,51.26,Universal Analysis Mode,Warning,Maintenance inspection recommended soon.
ROM,642,1965,12600000.0,9.71,1.8,51.95,Universal Analysis Mode,Warning,Maintenance inspection recommended soon.
ROM,642,1966,12800000.0,9.41,1.8,51.34,Universal Analysis Mode,Warning,Maintenance inspection recommended soon.
ROM,642,1967,13200000.0,9.16,1.8,51.29,Universal Analysis Mode,Warning,Maintenance inspection recommended soon.
ROM,642,1968,13300000.0,8.8,1.8,51.23,Universal Analysis Mode,Warning,Maintenance inspection recommended soon.
ROM,642,1969,13200000.0,8.35,1.8,51.43,Universal Analysis Mode,Warning,Maintenance inspection recommended soon.
ROM,642,1970,13400000.0,7.88,1.8,51.22,Universal Analysis Mode,Warning,Maintenance inspection recommended soon.
ROM,642,1971,13800000.0,9.41,2.24,51.67,Universal Analysis Mode,Warning,Maintenance inspection recommended soon.
ROM,642,1972,14100000.0,10.09,2.48,51.74,Universal Analysis Mode,Warning,Maintenance inspection recommended soon.
ROM,642,1973,14300000.0,12.59,3.29,52.09,Universal Analysis Mode,Warning,Maintenance inspection recommended soon.
ROM,642,1974,14500000.0,39.93,11.58,54.5,Universal Analysis Mode,Warning,Maintenance inspection recommended soon.
ROM,642,1975,14600000.0,36.44,11.53,54.84,Universal Analysis Mode,Warning,Maintenance inspection recommended soon.
ROM,642,1976,14700000.0,38.23,12.8,56.58,Universal Analysis Mode,Warning,Maintenance inspection recommended soon.
ROM,642,1977,14700000.0,39.04,13.92,57.89,Universal Analysis Mode,Warning,Maintenance inspection recommended soon.
ROM,642,1978,13700000.0,36.54,14.02,57.5,Universal Analysis Mode,Warning,Maintenance inspection recommended soon.
ROM,642,1979,12300000.0,74.02,31.61,60.15,Universal Analysis Mode,Warning,Maintenance inspection recommended soon.
ROM,642,1980,11500000.0,75.97,36.83,61.5,Universal Analysis Mode,Warning,Maintenance inspection recommended soon.
ROM,642,1981,11600000.0,67.14,35.93,62.04,Universal Analysis Mode,Warning,Maintenance inspection recommended soon.
ROM,642,1982,11700000.0,58.02,32.97,62.12,Universal Analysis Mode,Warning,Maintenance inspection recommended soon.
ROM,642,1983,11600000.0,50.39,29.55,61.64,Universal Analysis Mode,Warning,Maintenance inspection recommended soon.
ROM,642,1984,11500000.0,45.82,28.78,61.15,Universal Analysis Mode,Warning,Maintenance inspection recommended soon.
ROM,642,1985,10700000.0,43.43,27.56,60.81,Universal Analysis Mode,Warning,Maintenance inspection recommended soon.
ROM,642,1986,10100000.0,22.22,14.43,55.02,Universal Analysis Mode,Warning,Maintenance inspection recommended soon.
ROM,642,1987,10000000.0,27.46,18.44,53.91,Universal Analysis Mode,Warning,Maintenance inspection recommended soon.
ROM,642,1988,9840000.0,21.42,14.92,52.2,Universal Analysis Mode,Warning,Maintenance inspection recommended soon.
ROM,642,1989,9625000.0,24.87,18.23,52.58,Universal Analysis Mode,Warning,Maintenance inspection recommended soon.
ROM,642,1990,8135000.0,30.88,23.73,50.72,Universal Analysis Mode,Warning,Maintenance inspection recommended soon.
ROM,642,1991,7010000.0,24.95,20.0,50.62,Universal Analysis Mode,Warning,Maintenance inspection recommended soon.
ROM,642,1992,6825000.0,23.39,19.32,48.95,Universal Analysis Mode,Warning,Maintenance inspection recommended soon.
ROM,642,1993,6930000.0,20.01,16.97,48.44,Universal Analysis Mode,Warning,Maintenance inspection recommended soon.
ROM,642,1994,6975000.0,18.26,15.82,47.73,Universal Analysis Mode,Warning,Maintenance inspection recommended soon.
ROM,642,1995,6950000.0,19.1,17.02,47.59,Universal Analysis Mode,Warning,Maintenance inspection recommended soon.
ROM,642,1996,6850000.0,22.48,20.67,48.37,Universal Analysis Mode,Warning,Maintenance inspection recommended soon.
ROM,642,1997,6750000.0,20.38,19.09,48.14,Universal Analysis Mode,Warning,Maintenance inspection recommended soon.
ROM,642,1998,6555000.0,13.62,12.72,46.85,Universal Analysis Mode,Warning,Maintenance inspection recommended soon.
ROM,642,1999,6380000.0,18.56,17.97,48.54,Universal Analysis Mode,Warning,Maintenance inspection recommended soon.
ROM,642,2000,6285000.0,28.5,28.5,51.31,Universal Analysis Mode,Warning,Maintenance inspection recommended soon.
ROM,642,2001,6175200.0,23.7,24.44,51.14,Universal Analysis Mode,Warning,Maintenance inspection recommended soon.
ROM,642,2002,6094474.2,23.72,25.02,50.67,Universal Analysis Mode,Warning,Maintenance inspection recommended soon.
ROM,642,2003,5794977.0,26.54,28.83,52.96,Universal Analysis Mode,Warning,Maintenance inspection recommended soon.
ROM,642,2004,5689581.77,34.3,38.26,53.41,Universal Analysis Mode,Warning,Maintenance inspection recommended soon.
ROM,642,2005,5244281.13,47.26,54.52,54.78,Universal Analysis Mode,Warning,Maintenance inspection recommended soon.
ROM,642,2006,4803722.44,55.37,65.14,54.08,Universal Analysis Mode,Warning,Maintenance inspection recommended soon.
ROM,642,2007,4702075.16,60.12,72.39,54.08,Universal Analysis Mode,Warning,Maintenance inspection recommended soon.
ROM,642,2008,4750761.64,77.79,97.26,54.84,Universal Analysis Mode,Warning,Maintenance inspection recommended soon.
ROM,642,2009,4807393.7,49.5,61.67,51.47,Universal Analysis Mode,Warning,Maintenance inspection recommended soon.
ROM,642,2010,4389319.71,62.78,79.5,51.85,Universal Analysis Mode,Warning,Maintenance inspection recommended soon.
ROM,642,2011,4325827.2,85.17,111.26,51.35,Universal Analysis Mode,Warning,Maintenance inspection recommended soon.
ROM,642,2012,4200640.96,83.75,111.67,49.28,Universal Analysis Mode,Warning,Maintenance inspection recommended soon.
ROM,642,2013,4232622.52,80.32,108.66,55.03,Universal Analysis Mode,Warning,Maintenance inspection recommended soon.
ROM,642,2014,4152404.18,71.97,98.95,57.57,Universal Analysis Mode,Warning,Maintenance inspection recommended soon.
RUS,643,1932,21400000.0,10.86,0.87,41.1,Universal Analysis Mode,Warning,Maintenance inspection recommended soon.
RUS,643,1933,21500000.0,8.82,0.67,40.99,Universal Analysis Mode,Warning,Maintenance inspection recommended soon.
RUS,643,1934,24200000.0,12.72,1.0,41.68,Universal Analysis Mode,Warning,Maintenance inspection recommended soon.
RUS,643,1935,25200000.0,12.04,0.97,41.33,Universal Analysis Mode,Warning,Maintenance inspection recommended soon.
RUS,643,1936,27400000.0,13.38,1.09,41.72,Universal Analysis Mode,Warning,Maintenance inspection recommended soon.
RUS,643,1937,28500000.0,13.98,1.18,41.52,Universal Analysis Mode,Warning,Maintenance inspection recommended soon.
RUS,643,1938,30200000.0,13.66,1.13,41.57,Universal Analysis Mode,Warning,Maintenance inspection recommended soon.
RUS,643,1939,30300000.0,12.5,1.02,41.46,Universal Analysis Mode,Warning,Maintenance inspection recommended soon.
RUS,643,1940,31100000.0,12.38,1.02,41.39,Universal Analysis Mode,Warning,Maintenance inspection recommended soon.
RUS,643,1941,49800.0,13.18,1.14,29.68,Universal Analysis Mode,Healthy,Machine is safe. Continue regular monitoring.
RUS,643,1942,49800.0,12.42,1.19,29.49,Universal Analysis Mode,Healthy,Machine is safe. Continue regular monitoring.
RUS,643,1943,49800.0,11.81,1.2,29.24,Universal Analysis Mode,Healthy,Machine is safe. Continue regular monitoring.
RUS,643,1944,49800.0,11.71,1.21,29.2,Universal Analysis Mode,Healthy,Machine is safe. Continue regular monitoring.
RUS,643,1945,19400000.0,9.93,1.05,40.32,Universal Analysis Mode,Warning,Maintenance inspection recommended soon.
RUS,643,1946,21700000.0,9.77,1.12,40.27,Universal Analysis Mode,Warning,Maintenance inspection recommended soon.
RUS,643,1947,26000000.0,14.48,1.9,41.48,Universal Analysis Mode,Warning,Maintenance inspection recommended soon.
RUS,643,1948,29200000.0,14.07,1.99,41.55,Universal Analysis Mode,Warning,Maintenance inspection recommended soon.
RUS,643,1949,33400000.0,12.71,1.78,41.13,Universal Analysis Mode,Warning,Maintenance inspection recommended soon.
RUS,643,1950,37900000.0,12.08,1.71,48.85,Universal Analysis Mode,Warning,Maintenance inspection recommended soon.
RUS,643,1951,42300000.0,11.2,1.71,48.81,Universal Analysis Mode,Warning,Maintenance inspection recommended soon.
RUS,643,1952,47300000.0,10.96,1.71,48.98,Universal Analysis Mode,Warning,Maintenance inspection recommended soon.
RUS,643,1953,52800000.0,12.27,1.93,49.68,Universal Analysis Mode,Warning,Maintenance inspection recommended soon.
RUS,643,1954,59300000.0,12.21,1.93,49.66,Universal Analysis Mode,Warning,Maintenance inspection recommended soon.
RUS,643,1955,70800000.0,12.27,1.93,49.42,Universal Analysis Mode,Warning,Maintenance inspection recommended soon.
RUS,643,1956,83800000.0,12.07,1.93,49.52,Universal Analysis Mode,Warning,Maintenance inspection recommended soon.
RUS,643,1957,98300000.0,11.48,1.9,49.32,Universal Analysis Mode,Warning,Maintenance inspection recommended soon.
RUS,643,1958,113000000.0,12.25,2.08,49.89,Universal Analysis Mode,Warning,Maintenance inspection recommended soon.
RUS,643,1959,130000000.0,12.14,2.08,49.99,Universal Analysis Mode,Warning,Maintenance inspection recommended soon.
RUS,643,1960,148000000.0,10.91,1.9,53.96,Universal Analysis Mode,Warning,Maintenance inspection recommended soon.
RUS,643,1961,166000000.0,10.24,1.8,54.02,Universal Analysis Mode,Warning,Maintenance inspection recommended soon.
RUS,643,1962,186000000.0,10.12,1.8,55.01,Universal Analysis Mode,Warning,Maintenance inspection recommended soon.
RUS,643,1963,206000000.0,9.99,1.8,54.93,Universal Analysis Mode,Warning,Maintenance inspection recommended soon.
RUS,643,1964,224000000.0,9.86,1.8,54.07,Universal Analysis Mode,Warning,Maintenance inspection recommended soon.
RUS,643,1965,243000000.0,9.71,1.8,54.76,Universal Analysis Mode,Warning,Maintenance inspection recommended soon.
RUS,643,1966,265000000.0,9.41,1.8,54.16,Universal Analysis Mode,Warning,Maintenance inspection recommended soon.
RUS,643,1967,288000000.0,9.16,1.8,54.08,Universal Analysis Mode,Warning,Maintenance inspection recommended soon.
RUS,643,1968,309000000.0,8.8,1.8,53.86,Universal Analysis Mode,Warning,Maintenance inspection recommended soon.
RUS,643,1969,328000000.0,8.35,1.8,54.01,Universal Analysis Mode,Warning,Maintenance inspection recommended soon.
RUS,643,1970,353000000.0,7.88,1.8,53.79,Universal Analysis Mode,Warning,Maintenance inspection recommended soon.
RUS,643,1971,377000000.0,9.41,2.24,54.22,Universal Analysis Mode,Warning,Maintenance inspection recommended soon.
RUS,643,1972,400000000.0,10.09,2.48,54.29,Universal Analysis Mode,Warning,Maintenance inspection recommended soon.
RUS,643,1973,429000000.0,12.59,3.29,54.63,Universal Analysis Mode,Warning,Maintenance inspection recommended soon.
RUS,643,1974,459000000.0,39.93,11.58,56.86,Universal Analysis Mode,Warning,Maintenance inspection recommended soon.
RUS,643,1975,491000000.0,36.44,11.53,57.14,Universal Analysis Mode,Warning,Maintenance inspection recommended soon.
RUS,643,1976,520000000.0,38.23,12.8,58.77,Universal Analysis Mode,Warning,Maintenance inspection recommended soon.
RUS,643,1977,546000000.0,39.04,13.92,60.02,Universal Analysis Mode,Warning,Maintenance inspection recommended soon.
RUS,643,1978,572000000.0,36.54,14.02,59.68,Universal Analysis Mode,Warning,Maintenance inspection recommended soon.
RUS,643,1979,586000000.0,74.02,31.61,62.19,Universal Analysis Mode,Warning,Maintenance inspection recommended soon.
RUS,643,1980,603000000.0,75.97,36.83,63.45,Universal Analysis Mode,Warning,Maintenance inspection recommended soon.
RUS,643,1981,609000000.0,67.14,35.93,63.93,Universal Analysis Mode,Warning,Maintenance inspection recommended soon.
RUS,643,1982,613000000.0,58.02,32.97,64.01,Universal Analysis Mode,Warning,Maintenance inspection recommended soon.
RUS,643,1983,616000000.0,50.39,29.55,63.6,Universal Analysis Mode,Warning,Maintenance inspection recommended soon.
RUS,643,1984,613000000.0,45.82,28.78,63.21,Universal Analysis Mode,Warning,Maintenance inspection recommended soon.
RUS,643,1985,595000000.0,43.43,27.56,62.93,Universal Analysis Mode,Warning,Maintenance inspection recommended soon.
RUS,643,1986,615000000.0,22.22,14.43,60.45,Universal Analysis Mode,Warning,Maintenance inspection recommended soon.
RUS,643,1987,569000000.0,27.46,18.44,59.45,Universal Analysis Mode,Warning,Maintenance inspection recommended soon.
RUS,643,1988,569000000.0,21.42,14.92,57.82,Universal Analysis Mode,Warning,Maintenance inspection recommended soon.
RUS,643,1989,552000000.0,24.87,18.23,58.3,Universal Analysis Mode,Warning,Maintenance inspection recommended soon.
RUS,643,1990,516000000.0,30.88,23.73,60.32,Universal Analysis Mode,Warning,Maintenance inspection recommended soon.
RUS,643,1991,462000000.0,24.95,20.0,60.97,Universal Analysis Mode,Warning,Maintenance inspection recommended soon.
RUS,643,1992,399000000.0,23.39,19.32,67.91,Universal Analysis Mode,Warning,Maintenance inspection recommended soon.
RUS,643,1993,355000000.0,20.01,16.97,67.42,Universal Analysis Mode,Warning,Maintenance inspection recommended soon.
RUS,643,1994,318000000.0,18.26,15.82,66.79,Universal Analysis Mode,Warning,Maintenance inspection recommended soon.
RUS,643,1995,311000000.0,19.1,17.02,66.74,Universal Analysis Mode,Warning,Maintenance inspection recommended soon.
RUS,643,1996,303000000.0,22.48,20.67,67.54,Universal Analysis Mode,Warning,Maintenance inspection recommended soon.
RUS,643,1997,307000000.0,20.38,19.09,67.33,Universal Analysis Mode,Warning,Maintenance inspection recommended soon.
RUS,643,1998,304000000.0,13.62,12.72,66.16,Universal Analysis Mode,Warning,Maintenance inspection recommended soon.
RUS,643,1999,305000000.0,18.56,17.97,66.98,Universal Analysis Mode,Warning,Maintenance inspection recommended soon.
RUS,643,2000,323000000.0,28.5,28.5,70.36,Universal Analysis Mode,Critical,Immediate maintenance required. High failure risk.
RUS,643,2001,344000000.0,23.7,24.44,70.29,Universal Analysis Mode,Critical,Immediate maintenance required. High failure risk.
RUS,643,2002,369000000.0,23.72,25.02,69.89,Universal Analysis Mode,Warning,Maintenance inspection recommended soon.
RUS,643,2003,405000000.0,26.54,28.83,72.1,Universal Analysis Mode,Critical,Immediate maintenance required. High failure risk.
RUS,643,2004,438000000.0,34.3,38.26,72.66,Universal Analysis Mode,Critical,Immediate maintenance required. High failure risk.
RUS,643,2005,450000000.0,47.26,54.52,74.0,Universal Analysis Mode,Critical,Immediate maintenance required. High failure risk.
RUS,643,2006,461000000.0,55.37,65.14,73.39,Universal Analysis Mode,Critical,Immediate maintenance required. High failure risk.
RUS,643,2007,469965759.81,60.12,72.39,73.35,Universal Analysis Mode,Critical,Immediate maintenance required. High failure risk.
RUS,643,2008,465967823.78,77.79,97.26,74.06,Universal Analysis Mode,Critical,Immediate maintenance required. High failure risk.
RUS,643,2009,472869173.51,49.5,61.67,70.8,Universal Analysis Mode,Critical,Immediate maintenance required. High failure risk.
RUS,643,2010,482766900.61,62.78,79.5,69.75,Universal Analysis Mode,Warning,Maintenance inspection recommended soon.
RUS,643,2011,486721186.94,85.17,111.26,69.26,Universal Analysis Mode,Warning,Maintenance inspection recommended soon.
RUS,643,2012,494096142.64,83.75,111.67,68.09,Universal Analysis Mode,Warning,Maintenance inspection recommended soon.
RUS,643,2013,500681423.23,80.32,108.66,62.12,Universal Analysis Mode,Warning,Maintenance inspection recommended soon.
RUS,643,2014,503332965.97,71.97,98.95,60.75,Universal Analysis Mode,Warning,Maintenance inspection recommended soon.
RWA,646,1932,49800.0,10.86,0.87,29.6,Universal Analysis Mode,Healthy,Machine is safe. Continue regular monitoring.
RWA,646,1933,49800.0,8.82,0.67,29.58,Universal Analysis Mode,Healthy,Machine is safe. Continue regular monitoring.
RWA,646,1934,49800.0,12.72,1.0,30.06,Universal Analysis Mode,Warning,Maintenance inspection recommended soon.
RWA,646,1935,49800.0,12.04,0.97,29.71,Universal Analysis Mode,Healthy,Machine is safe. Continue regular monitoring.
RWA,646,1936,49800.0,13.38,1.09,30.01,Universal Analysis Mode,Warning,Maintenance inspection recommended soon.
RWA,646,1937,49800.0,13.98,1.18,29.78,Universal Analysis Mode,Healthy,Machine is safe. Continue regular monitoring.
RWA,646,1938,49800.0,13.66,1.13,29.81,Universal Analysis Mode,Healthy,Machine is safe. Continue regular monitoring.
RWA,646,1939,49800.0,12.5,1.02,29.74,Universal Analysis Mode,Healthy,Machine is safe. Continue regular monitoring.
RWA,646,1940,49800.0,12.38,1.02,29.66,Universal Analysis Mode,Healthy,Machine is safe. Continue regular monitoring.
RWA,646,1941,49800.0,13.18,1.14,29.69,Universal Analysis Mode,Healthy,Machine is safe. Continue regular monitoring.
RWA,646,1942,49800.0,12.42,1.19,29.5,Universal Analysis Mode,Healthy,Machine is safe. Continue regular monitoring.
RWA,646,1943,49800.0,11.81,1.2,29.25,Universal Analysis Mode,Healthy,Machine is safe. Continue regular monitoring.
RWA,646,1944,49800.0,11.71,1.21,29.21,Universal Analysis Mode,Healthy,Machine is safe. Continue regular monitoring.
RWA,646,1945,49800.0,9.93,1.05,28.86,Universal Analysis Mode,Healthy,Machine is safe. Continue regular monitoring.
RWA,646,1946,49800.0,9.77,1.12,28.76,Universal Analysis Mode,Healthy,Machine is safe. Continue regular monitoring.
RWA,646,1947,49800.0,14.48,1.9,29.71,Universal Analysis Mode,Healthy,Machine is safe. Continue regular monitoring.
RWA,646,1948,49800.0,14.07,1.99,29.73,Universal Analysis Mode,Healthy,Machine is safe. Continue regular monitoring.
RWA,646,1949,49800.0,12.71,1.78,29.28,Universal Analysis Mode,Healthy,Machine is safe. Continue regular monitoring.
RWA,646,1950,49800.0,12.08,1.71,28.46,Universal Analysis Mode,Healthy,Machine is safe. Continue regular monitoring.
RWA,646,1951,49800.0,11.2,1.71,28.27,Universal Analysis Mode,Healthy,Machine is safe. Continue regular monitoring.
RWA,646,1952,49800.0,10.96,1.71,28.25,Universal Analysis Mode,Healthy,Machine is safe. Continue regular monitoring.
RWA,646,1953,49800.0,12.27,1.93,28.76,Universal Analysis Mode,Healthy,Machine is safe. Continue regular monitoring.
RWA,646,1954,49800.0,12.21,1.93,28.66,Universal Analysis Mode,Healthy,Machine is safe. Continue regular monitoring.
RWA,646,1955,49800.0,12.27,1.93,28.32,Universal Analysis Mode,Healthy,Machine is safe. Continue regular monitoring.
RWA,646,1956,49800.0,12.07,1.93,28.31,Universal Analysis Mode,Healthy,Machine is safe. Continue regular monitoring.
RWA,646,1957,49800.0,11.48,1.9,28.04,Universal Analysis Mode,Healthy,Machine is safe. Continue regular monitoring.
RWA,646,1958,49800.0,12.25,2.08,28.49,Universal Analysis Mode,Healthy,Machine is safe. Continue regular monitoring.
RWA,646,1959,49800.0,12.14,2.08,28.52,Universal Analysis Mode,Healthy,Machine is safe. Continue regular monitoring.
RWA,646,1960,49800.0,10.91,1.9,28.46,Universal Analysis Mode,Healthy,Machine is safe. Continue regular monitoring.
RWA,646,1961,0.0,10.24,1.8,24.05,Universal Analysis Mode,Healthy,Machine is safe. Continue regular monitoring.
RWA,646,1962,0.0,10.12,1.8,25.72,Universal Analysis Mode,Healthy,Machine is safe. Continue regular monitoring.
RWA,646,1963,0.0,9.99,1.8,25.56,Universal Analysis Mode,Healthy,Machine is safe. Continue regular monitoring.
RWA,646,1964,0.0,9.86,1.8,24.65,Universal Analysis Mode,Healthy,Machine is safe. Continue regular monitoring.
RWA,646,1965,0.0,9.71,1.8,25.26,Universal Analysis Mode,Healthy,Machine is safe. Continue regular monitoring.
RWA,646,1966,0.0,9.41,1.8,24.61,Universal Analysis Mode,Healthy,Machine is safe. Continue regular monitoring.
RWA,646,1967,0.0,9.16,1.8,24.5,Universal Analysis Mode,Healthy,Machine is safe. Continue regular monitoring.
RWA,646,1968,0.0,8.8,1.8,24.27,Universal Analysis Mode,Healthy,Machine is safe. Continue regular monitoring.
RWA,646,1969,0.0,8.35,1.8,24.39,Universal Analysis Mode,Healthy,Machine is safe. Continue regular monitoring.
RWA,646,1970,0.0,7.88,1.8,27.9,Universal Analysis Mode,Healthy,Machine is safe. Continue regular monitoring.
RWA,646,1971,0.0,9.41,2.24,28.24,Universal Analysis Mode,Healthy,Machine is safe. Continue regular monitoring.
RWA,646,1972,0.0,10.09,2.48,28.26,Universal Analysis Mode,Healthy,Machine is safe. Continue regular monitoring.
RWA,646,1973,0.0,12.59,3.29,28.49,Universal Analysis Mode,Healthy,Machine is safe. Continue regular monitoring.
RWA,646,1974,0.0,39.93,11.58,30.38,Universal Analysis Mode,Warning,Maintenance inspection recommended soon.
RWA,646,1975,0.0,36.44,11.53,30.65,Universal Analysis Mode,Warning,Maintenance inspection recommended soon.
RWA,646,1976,0.0,38.23,12.8,32.26,Universal Analysis Mode,Warning,Maintenance inspection recommended soon.
RWA,646,1977,0.0,39.04,13.92,33.48,Universal Analysis Mode,Warning,Maintenance inspection recommended soon.
RWA,646,1978,0.0,36.54,14.02,33.15,Universal Analysis Mode,Warning,Maintenance inspection recommended soon.
RWA,646,1979,0.0,74.02,31.61,35.54,Universal Analysis Mode,Warning,Maintenance inspection recommended soon.
RWA,646,1980,0.0,75.97,36.83,36.79,Universal Analysis Mode,Warning,Maintenance inspection recommended soon.
RWA,646,1981,0.0,67.14,35.93,37.29,Universal Analysis Mode,Warning,Maintenance inspection recommended soon.
RWA,646,1982,0.0,58.02,32.97,37.38,Universal Analysis Mode,Warning,Maintenance inspection recommended soon.
RWA,646,1983,0.0,50.39,29.55,36.98,Universal Analysis Mode,Warning,Maintenance inspection recommended soon.
RWA,646,1984,0.0,45.82,28.78,36.6,Universal Analysis Mode,Warning,Maintenance inspection recommended soon.
RWA,646,1985,0.0,43.43,27.56,36.32,Universal Analysis Mode,Warning,Maintenance inspection recommended soon.
RWA,646,1986,0.0,22.22,14.43,33.91,Universal Analysis Mode,Warning,Maintenance inspection recommended soon.
RWA,646,1987,0.0,27.46,18.44,33.64,Universal Analysis Mode,Warning,Maintenance inspection recommended soon.
RWA,646,1988,0.0,21.42,14.92,32.1,Universal Analysis Mode,Warning,Maintenance inspection recommended soon.
RWA,646,1989,0.0,24.87,18.23,32.59,Universal Analysis Mode,Warning,Maintenance inspection recommended soon.
RWA,646,1990,0.0,30.88,23.73,34.59,Universal Analysis Mode,Warning,Maintenance inspection recommended soon.
RWA,646,1991,0.0,24.95,20.0,34.46,Universal Analysis Mode,Warning,Maintenance inspection recommended soon.
RWA,646,1992,0.0,23.39,19.32,32.62,Universal Analysis Mode,Warning,Maintenance inspection recommended soon.
RWA,646,1993,0.0,20.01,16.97,32.22,Universal Analysis Mode,Warning,Maintenance inspection recommended soon.
RWA,646,1994,0.0,18.26,15.82,31.54,Universal Analysis Mode,Warning,Maintenance inspection recommended soon.
RWA,646,1995,0.0,19.1,17.02,31.05,Universal Analysis Mode,Warning,Maintenance inspection recommended soon.
RWA,646,1996,0.0,22.48,20.67,32.52,Universal Analysis Mode,Warning,Maintenance inspection recommended soon.
RWA,646,1997,0.0,20.38,19.09,32.46,Universal Analysis Mode,Warning,Maintenance inspection recommended soon.
RWA,646,1998,0.0,13.62,12.72,31.48,Universal Analysis Mode,Warning,Maintenance inspection recommended soon.
RWA,646,1999,0.0,18.56,17.97,32.24,Universal Analysis Mode,Warning,Maintenance inspection recommended soon.
RWA,646,2000,0.0,28.5,28.5,35.44,Universal Analysis Mode,Warning,Maintenance inspection recommended soon.
RWA,646,2001,0.0,23.7,24.44,31.69,Universal Analysis Mode,Warning,Maintenance inspection recommended soon.
RWA,646,2002,0.0,23.72,25.02,31.3,Universal Analysis Mode,Warning,Maintenance inspection recommended soon.
RWA,646,2003,0.0,26.54,28.83,33.44,Universal Analysis Mode,Warning,Maintenance inspection recommended soon.
RWA,646,2004,0.0,34.3,38.26,33.97,Universal Analysis Mode,Warning,Maintenance inspection recommended soon.
RWA,646,2005,0.0,47.26,54.52,35.25,Universal Analysis Mode,Warning,Maintenance inspection recommended soon.
RWA,646,2006,0.0,55.37,65.14,34.7,Universal Analysis Mode,Warning,Maintenance inspection recommended soon.
RWA,646,2007,0.0,60.12,72.39,34.7,Universal Analysis Mode,Warning,Maintenance inspection recommended soon.
RWA,646,2008,0.0,77.79,97.26,35.4,Universal Analysis Mode,Warning,Maintenance inspection recommended soon.
RWA,646,2009,0.0,49.5,61.67,32.34,Universal Analysis Mode,Warning,Maintenance inspection recommended soon.
RWA,646,2010,0.0,62.78,79.5,32.55,Universal Analysis Mode,Warning,Maintenance inspection recommended soon.
RWA,646,2011,0.0,85.17,111.26,32.03,Universal Analysis Mode,Warning,Maintenance inspection recommended soon.
RWA,646,2012,0.0,83.75,111.67,30.93,Universal Analysis Mode,Warning,Maintenance inspection recommended soon.
RWA,646,2013,0.0,80.32,108.66,31.18,Universal Analysis Mode,Warning,Maintenance inspection recommended soon.
RWA,646,2014,0.0,71.97,98.95,32.24,Universal Analysis Mode,Warning,Maintenance inspection recommended soon.
SAU,682,1932,49800.0,10.86,0.87,30.44,Universal Analysis Mode,Warning,Maintenance inspection recommended soon.
SAU,682,1933,49800.0,8.82,0.67,30.43,Universal Analysis Mode,Warning,Maintenance inspection recommended soon.
SAU,682,1934,49800.0,12.72,1.0,30.9,Universal Analysis Mode,Warning,Maintenance inspection recommended soon.
SAU,682,1935,49800.0,12.04,0.97,30.55,Universal Analysis Mode,Warning,Maintenance inspection recommended soon.
SAU,682,1936,2732.0,13.38,1.09,29.49,Universal Analysis Mode,Healthy,Machine is safe. Continue regular monitoring.
SAU,682,1937,8880.0,13.98,1.18,29.25,Universal Analysis Mode,Healthy,Machine is safe. Continue regular monitoring.
SAU,682,1938,67623.0,13.66,1.13,29.6,Universal Analysis Mode,Healthy,Machine is safe. Continue regular monitoring.
SAU,682,1939,537432.0,12.5,1.02,35.99,Universal Analysis Mode,Warning,Maintenance inspection recommended soon.
SAU,682,1940,732923.0,12.38,1.02,37.42,Universal Analysis Mode,Warning,Maintenance inspection recommended soon.
SAU,682,1941,588798.0,13.18,1.14,37.04,Universal Analysis Mode,Warning,Maintenance inspection recommended soon.
SAU,682,1942,618852.0,12.42,1.19,36.88,Universal Analysis Mode,Warning,Maintenance inspection recommended soon.
SAU,682,1943,665027.0,11.81,1.2,36.76,Universal Analysis Mode,Warning,Maintenance inspection recommended soon.
SAU,682,1944,1064754.0,11.71,1.21,37.98,Universal Analysis Mode,Warning,Maintenance inspection recommended soon.
SAU,682,1945,2911339.0,9.93,1.05,39.67,Universal Analysis Mode,Warning,Maintenance inspection recommended soon.
SAU,682,1946,8189071.0,9.77,1.12,40.65,Universal Analysis Mode,Warning,Maintenance inspection recommended soon.
SAU,682,1947,12300000.0,14.48,1.9,41.98,Universal Analysis Mode,Warning,Maintenance inspection recommended soon.
SAU,682,1948,19500000.0,14.07,1.99,42.21,Universal Analysis Mode,Warning,Maintenance inspection recommended soon.
SAU,682,1949,23800000.0,12.71,1.78,41.82,Universal Analysis Mode,Warning,Maintenance inspection recommended soon.
SAU,682,1950,27300000.0,12.08,1.71,46.42,Universal Analysis Mode,Warning,Maintenance inspection recommended soon.
SAU,682,1951,38000000.0,11.2,1.71,46.42,Universal Analysis Mode,Warning,Maintenance inspection recommended soon.
SAU,682,1952,41200000.0,10.96,1.71,46.43,Universal Analysis Mode,Warning,Maintenance inspection recommended soon.
SAU,682,1953,42100000.0,12.27,1.93,47.02,Universal Analysis Mode,Warning,Maintenance inspection recommended soon.
SAU,682,1954,47900000.0,12.21,1.93,47.0,Universal Analysis Mode,Warning,Maintenance inspection recommended soon.
SAU,682,1955,48700000.0,12.27,1.93,49.01,Universal Analysis Mode,Warning,Maintenance inspection recommended soon.
SAU,682,1956,50100000.0,12.07,1.93,46.66,Universal Analysis Mode,Warning,Maintenance inspection recommended soon.
SAU,682,1957,51100000.0,11.48,1.9,46.38,Universal Analysis Mode,Warning,Maintenance inspection recommended soon.
SAU,682,1958,52600000.0,12.25,2.08,46.88,Universal Analysis Mode,Warning,Maintenance inspection recommended soon.
SAU,682,1959,57500000.0,12.14,2.08,46.96,Universal Analysis Mode,Warning,Maintenance inspection recommended soon.
SAU,682,1960,65800000.0,10.91,1.9,46.91,Universal Analysis Mode,Warning,Maintenance inspection recommended soon.
SAU,682,1961,73900000.0,10.24,1.8,46.89,Universal Analysis Mode,Warning,Maintenance inspection recommended soon.
SAU,682,1962,81900000.0,10.12,1.8,47.81,Universal Analysis Mode,Warning,Maintenance inspection recommended soon.
SAU,682,1963,89100000.0,9.99,1.8,50.6,Universal Analysis Mode,Warning,Maintenance inspection recommended soon.
SAU,682,1964,94800000.0,9.86,1.8,49.73,Universal Analysis Mode,Warning,Maintenance inspection recommended soon.
SAU,682,1965,110000000.0,9.71,1.8,50.44,Universal Analysis Mode,Warning,Maintenance inspection recommended soon.
SAU,682,1966,130000000.0,9.41,1.8,49.88,Universal Analysis Mode,Warning,Maintenance inspection recommended soon.
SAU,682,1967,140000000.0,9.16,1.8,49.81,Universal Analysis Mode,Warning,Maintenance inspection recommended soon.
SAU,682,1968,152000000.0,8.8,1.8,49.69,Universal Analysis Mode,Warning,Maintenance inspection recommended soon.
SAU,682,1969,160000000.0,8.35,1.8,49.86,Universal Analysis Mode,Warning,Maintenance inspection recommended soon.
SAU,682,1970,188000000.0,7.88,1.8,50.23,Universal Analysis Mode,Warning,Maintenance inspection recommended soon.
SAU,682,1971,237000000.0,9.41,2.24,51.19,Universal Analysis Mode,Warning,Maintenance inspection recommended soon.
SAU,682,1972,300000000.0,10.09,2.48,51.41,Universal Analysis Mode,Warning,Maintenance inspection recommended soon.
SAU,682,1973,378000000.0,12.59,3.29,52.18,Universal Analysis Mode,Warning,Maintenance inspection recommended soon.
SAU,682,1974,423000000.0,39.93,11.58,54.43,Universal Analysis Mode,Warning,Maintenance inspection recommended soon.
SAU,682,1975,352000000.0,36.44,11.53,54.68,Universal Analysis Mode,Warning,Maintenance inspection recommended soon.
SAU,682,1976,426000000.0,38.23,12.8,56.45,Universal Analysis Mode,Warning,Maintenance inspection recommended soon.
SAU,682,1977,459000000.0,39.04,13.92,57.78,Universal Analysis Mode,Warning,Maintenance inspection recommended soon.
SAU,682,1978,415000000.0,36.54,14.02,57.47,Universal Analysis Mode,Warning,Maintenance inspection recommended soon.
SAU,682,1979,476000000.0,74.02,31.61,60.09,Universal Analysis Mode,Warning,Maintenance inspection recommended soon.
SAU,682,1980,496000000.0,75.97,36.83,61.48,Universal Analysis Mode,Warning,Maintenance inspection recommended soon.
SAU,682,1981,489000000.0,67.14,35.93,62.06,Universal Analysis Mode,Warning,Maintenance inspection recommended soon.
SAU,682,1982,323000000.0,58.02,32.97,62.09,Universal Analysis Mode,Warning,Maintenance inspection recommended soon.
SAU,682,1983,249000000.0,50.39,29.55,61.63,Universal Analysis Mode,Warning,Maintenance inspection recommended soon.
SAU,682,1984,204000000.0,45.82,28.78,61.3,Universal Analysis Mode,Warning,Maintenance inspection recommended soon.
SAU,682,1985,158000000.0,43.43,27.56,61.0,Universal Analysis Mode,Warning,Maintenance inspection recommended soon.
SAU,682,1986,238000000.0,22.22,14.43,62.57,Universal Analysis Mode,Warning,Maintenance inspection recommended soon.
SAU,682,1987,221000000.0,27.46,18.44,61.57,Universal Analysis Mode,Warning,Maintenance inspection recommended soon.
SAU,682,1988,277000000.0,21.42,14.92,60.05,Universal Analysis Mode,Warning,Maintenance inspection recommended soon.
SAU,682,1989,271000000.0,24.87,18.23,60.61,Universal Analysis Mode,Warning,Maintenance inspection recommended soon.
SAU,682,1990,343000000.0,30.88,23.73,63.58,Universal Analysis Mode,Warning,Maintenance inspection recommended soon.
SAU,682,1991,428000000.0,24.95,20.0,63.58,Universal Analysis Mode,Warning,Maintenance inspection recommended soon.
SAU,682,1992,442000000.0,23.39,19.32,62.02,Universal Analysis Mode,Warning,Maintenance inspection recommended soon.
SAU,682,1993,433000000.0,20.01,16.97,61.64,Universal Analysis Mode,Warning,Maintenance inspection recommended soon.
SAU,682,1994,428000000.0,18.26,15.82,61.12,Universal Analysis Mode,Warning,Maintenance inspection recommended soon.
SAU,682,1995,428000000.0,19.1,17.02,61.11,Universal Analysis Mode,Warning,Maintenance inspection recommended soon.
SAU,682,1996,436000000.0,22.48,20.67,61.99,Universal Analysis Mode,Warning,Maintenance inspection recommended soon.
SAU,682,1997,444000000.0,20.38,19.09,61.86,Universal Analysis Mode,Warning,Maintenance inspection recommended soon.
SAU,682,1998,444000000.0,13.62,12.72,60.67,Universal Analysis Mode,Warning,Maintenance inspection recommended soon.
SAU,682,1999,412000000.0,18.56,17.97,61.51,Universal Analysis Mode,Warning,Maintenance inspection recommended soon.
SAU,682,2000,441000000.0,28.5,28.5,65.04,Universal Analysis Mode,Warning,Maintenance inspection recommended soon.
SAU,682,2001,400000000.0,23.7,24.44,64.99,Universal Analysis Mode,Warning,Maintenance inspection recommended soon.
SAU,682,2002,380000000.0,23.72,25.02,64.61,Universal Analysis Mode,Warning,Maintenance inspection recommended soon.
SAU,682,2003,437000000.0,26.54,28.83,66.91,Universal Analysis Mode,Warning,Maintenance inspection recommended soon.
SAU,682,2004,453000000.0,34.3,38.26,67.53,Universal Analysis Mode,Warning,Maintenance inspection recommended soon.
SAU,682,2005,476000000.0,47.26,54.52,68.91,Universal Analysis Mode,Warning,Maintenance inspection recommended soon.
SAU,682,2006,456000000.0,55.37,65.14,68.34,Universal Analysis Mode,Warning,Maintenance inspection recommended soon.
SAU,682,2007,434331041.13,60.12,72.39,68.36,Universal Analysis Mode,Warning,Maintenance inspection recommended soon.
SAU,682,2008,461210298.31,77.79,97.26,69.13,Universal Analysis Mode,Warning,Maintenance inspection recommended soon.
SAU,682,2009,410855600.01,49.5,61.67,65.97,Universal Analysis Mode,Warning,Maintenance inspection recommended soon.
SAU,682,2010,443220000.0,62.78,79.5,65.32,Universal Analysis Mode,Warning,Maintenance inspection recommended soon.
SAU,682,2011,471026136.77,85.17,111.26,64.85,Universal Analysis Mode,Warning,Maintenance inspection recommended soon.
SAU,682,2012,489649655.52,83.75,111.67,63.69,Universal Analysis Mode,Warning,Maintenance inspection recommended soon.
SAU,682,2013,482718903.86,80.32,108.66,59.23,Universal Analysis Mode,Warning,Maintenance inspection recommended soon.
SAU,682,2014,484820055.01,71.97,98.95,60.26,Universal Analysis Mode,Warning,Maintenance inspection recommended soon.
SEN,686,1932,49800.0,10.86,0.87,29.64,Universal Analysis Mode,Healthy,Machine is safe. Continue regular monitoring.
SEN,686,1933,49800.0,8.82,0.67,29.63,Universal Analysis Mode,Healthy,Machine is safe. Continue regular monitoring.
SEN,686,1934,49800.0,12.72,1.0,30.1,Universal Analysis Mode,Warning,Maintenance inspection recommended soon.
SEN,686,1935,49800.0,12.04,0.97,29.75,Universal Analysis Mode,Healthy,Machine is safe. Continue regular monitoring.
SEN,686,1936,49800.0,13.38,1.09,30.06,Universal Analysis Mode,Warning,Maintenance inspection recommended soon.
SEN,686,1937,49800.0,13.98,1.18,29.82,Universal Analysis Mode,Healthy,Machine is safe. Continue regular monitoring.
SEN,686,1938,49800.0,13.66,1.13,29.85,Universal Analysis Mode,Healthy,Machine is safe. Continue regular monitoring.
SEN,686,1939,49800.0,12.5,1.02,29.78,Universal Analysis Mode,Healthy,Machine is safe. Continue regular monitoring.
SEN,686,1940,49800.0,12.38,1.02,29.7,Universal Analysis Mode,Healthy,Machine is safe. Continue regular monitoring.
SEN,686,1941,49800.0,13.18,1.14,29.73,Universal Analysis Mode,Healthy,Machine is safe. Continue regular monitoring.
SEN,686,1942,49800.0,12.42,1.19,29.54,Universal Analysis Mode,Healthy,Machine is safe. Continue regular monitoring.
SEN,686,1943,49800.0,11.81,1.2,29.29,Universal Analysis Mode,Healthy,Machine is safe. Continue regular monitoring.
SEN,686,1944,49800.0,11.71,1.21,29.25,Universal Analysis Mode,Healthy,Machine is safe. Continue regular monitoring.
SEN,686,1945,49800.0,9.93,1.05,28.91,Universal Analysis Mode,Healthy,Machine is safe. Continue regular monitoring.
SEN,686,1946,49800.0,9.77,1.12,28.8,Universal Analysis Mode,Healthy,Machine is safe. Continue regular monitoring.
SEN,686,1947,49800.0,14.48,1.9,29.75,Universal Analysis Mode,Healthy,Machine is safe. Continue regular monitoring.
SEN,686,1948,49800.0,14.07,1.99,29.77,Universal Analysis Mode,Healthy,Machine is safe. Continue regular monitoring.
SEN,686,1949,49800.0,12.71,1.78,29.33,Universal Analysis Mode,Healthy,Machine is safe. Continue regular monitoring.
SEN,686,1950,49800.0,12.08,1.71,28.53,Universal Analysis Mode,Healthy,Machine is safe. Continue regular monitoring.
SEN,686,1951,49800.0,11.2,1.71,28.34,Universal Analysis Mode,Healthy,Machine is safe. Continue regular monitoring.
SEN,686,1952,49800.0,10.96,1.71,28.32,Universal Analysis Mode,Healthy,Machine is safe. Continue regular monitoring.
SEN,686,1953,49800.0,12.27,1.93,28.83,Universal Analysis Mode,Healthy,Machine is safe. Continue regular monitoring.
SEN,686,1954,49800.0,12.21,1.93,28.74,Universal Analysis Mode,Healthy,Machine is safe. Continue regular monitoring.
SEN,686,1955,49800.0,12.27,1.93,28.39,Universal Analysis Mode,Healthy,Machine is safe. Continue regular monitoring.
SEN,686,1956,49800.0,12.07,1.93,28.38,Universal Analysis Mode,Healthy,Machine is safe. Continue regular monitoring.
SEN,686,1957,49800.0,11.48,1.9,28.12,Universal Analysis Mode,Healthy,Machine is safe. Continue regular monitoring.
SEN,686,1958,49800.0,12.25,2.08,28.57,Universal Analysis Mode,Healthy,Machine is safe. Continue regular monitoring.
SEN,686,1959,49800.0,12.14,2.08,28.6,Universal Analysis Mode,Healthy,Machine is safe. Continue regular monitoring.
SEN,686,1960,0.0,10.91,1.9,25.0,Universal Analysis Mode,Healthy,Machine is safe. Continue regular monitoring.
SEN,686,1961,0.0,10.24,1.8,24.94,Universal Analysis Mode,Healthy,Machine is safe. Continue regular monitoring.
SEN,686,1962,0.0,10.12,1.8,25.81,Universal Analysis Mode,Healthy,Machine is safe. Continue regular monitoring.
SEN,686,1963,0.0,9.99,1.8,25.64,Universal Analysis Mode,Healthy,Machine is safe. Continue regular monitoring.
SEN,686,1964,0.0,9.86,1.8,24.74,Universal Analysis Mode,Healthy,Machine is safe. Continue regular monitoring.
SEN,686,1965,0.0,9.71,1.8,25.35,Universal Analysis Mode,Healthy,Machine is safe. Continue regular monitoring.
SEN,686,1966,0.0,9.41,1.8,24.71,Universal Analysis Mode,Healthy,Machine is safe. Continue regular monitoring.
SEN,686,1967,0.0,9.16,1.8,24.59,Universal Analysis Mode,Healthy,Machine is safe. Continue regular monitoring.
SEN,686,1968,0.0,8.8,1.8,24.36,Universal Analysis Mode,Healthy,Machine is safe. Continue regular monitoring.
SEN,686,1969,0.0,8.35,1.8,24.48,Universal Analysis Mode,Healthy,Machine is safe. Continue regular monitoring.
SEN,686,1970,0.0,7.88,1.8,24.23,Universal Analysis Mode,Healthy,Machine is safe. Continue regular monitoring.
SEN,686,1971,0.0,9.41,2.24,24.58,Universal Analysis Mode,Healthy,Machine is safe. Continue regular monitoring.
SEN,686,1972,0.0,10.09,2.48,24.61,Universal Analysis Mode,Healthy,Machine is safe. Continue regular monitoring.
SEN,686,1973,0.0,12.59,3.29,24.84,Universal Analysis Mode,Healthy,Machine is safe. Continue regular monitoring.
SEN,686,1974,0.0,39.93,11.58,26.72,Universal Analysis Mode,Healthy,Machine is safe. Continue regular monitoring.
SEN,686,1975,0.0,36.44,11.53,26.98,Universal Analysis Mode,Healthy,Machine is safe. Continue regular monitoring.
SEN,686,1976,0.0,38.23,12.8,28.57,Universal Analysis Mode,Healthy,Machine is safe. Continue regular monitoring.
SEN,686,1977,0.0,39.04,13.92,29.78,Universal Analysis Mode,Healthy,Machine is safe. Continue regular monitoring.
SEN,686,1978,0.0,36.54,14.02,29.45,Universal Analysis Mode,Healthy,Machine is safe. Continue regular monitoring.
SEN,686,1979,0.0,74.02,31.61,31.83,Universal Analysis Mode,Warning,Maintenance inspection recommended soon.
SEN,686,1980,0.0,75.97,36.83,33.06,Universal Analysis Mode,Warning,Maintenance inspection recommended soon.
SEN,686,1981,0.0,67.14,35.93,33.54,Universal Analysis Mode,Warning,Maintenance inspection recommended soon.
SEN,686,1982,0.0,58.02,32.97,33.62,Universal Analysis Mode,Warning,Maintenance inspection recommended soon.
SEN,686,1983,0.0,50.39,29.55,33.63,Universal Analysis Mode,Warning,Maintenance inspection recommended soon.
SEN,686,1984,0.0,45.82,28.78,33.55,Universal Analysis Mode,Warning,Maintenance inspection recommended soon.
SEN,686,1985,0.0,43.43,27.56,33.31,Universal Analysis Mode,Warning,Maintenance inspection recommended soon.
SEN,686,1986,0.0,22.22,14.43,28.23,Universal Analysis Mode,Healthy,Machine is safe. Continue regular monitoring.
SEN,686,1987,1500.4,27.46,18.44,29.73,Universal Analysis Mode,Healthy,Machine is safe. Continue regular monitoring.
SEN,686,1988,2728.0,21.42,14.92,28.16,Universal Analysis Mode,Healthy,Machine is safe. Continue regular monitoring.
SEN,686,1989,1773.2,24.87,18.23,28.69,Universal Analysis Mode,Healthy,Machine is safe. Continue regular monitoring.
SEN,686,1990,1091.2,30.88,23.73,29.97,Universal Analysis Mode,Healthy,Machine is safe. Continue regular monitoring.
SEN,686,1991,545.6,24.95,20.0,29.91,Universal Analysis Mode,Healthy,Machine is safe. Continue regular monitoring.
SEN,686,1992,545.6,23.39,19.32,28.38,Universal Analysis Mode,Healthy,Machine is safe. Continue regular monitoring.
SEN,686,1993,545.6,20.01,16.97,27.96,Universal Analysis Mode,Healthy,Machine is safe. Continue regular monitoring.
SEN,686,1994,545.6,18.26,15.82,27.45,Universal Analysis Mode,Healthy,Machine is safe. Continue regular monitoring.
SEN,686,1995,272.8,19.1,17.02,43.37,Universal Analysis Mode,Warning,Maintenance inspection recommended soon.
SEN,686,1996,136.4,22.48,20.67,43.78,Universal Analysis Mode,Warning,Maintenance inspection recommended soon.
SEN,686,1997,136.4,20.38,19.09,43.69,Universal Analysis Mode,Warning,Maintenance inspection recommended soon.
SEN,686,1998,136.4,13.62,12.72,42.63,Universal Analysis Mode,Warning,Maintenance inspection recommended soon.
SEN,686,1999,136.4,18.56,17.97,43.4,Universal Analysis Mode,Warning,Maintenance inspection recommended soon.
SEN,686,2000,136.4,28.5,28.5,46.87,Universal Analysis Mode,Warning,Maintenance inspection recommended soon.
SEN,686,2001,136.4,23.7,24.44,46.86,Universal Analysis Mode,Warning,Maintenance inspection recommended soon.
SEN,686,2002,99026.4,23.72,25.02,48.32,Universal Analysis Mode,Warning,Maintenance inspection recommended soon.
SEN,686,2003,39556.0,26.54,28.83,49.77,Universal Analysis Mode,Warning,Maintenance inspection recommended soon.
SEN,686,2004,27560.0,34.3,38.26,49.12,Universal Analysis Mode,Warning,Maintenance inspection recommended soon.
SEN,686,2005,51073.62,47.26,54.52,53.52,Universal Analysis Mode,Warning,Maintenance inspection recommended soon.
SEN,686,2006,52890.46,55.37,65.14,53.01,Universal Analysis Mode,Warning,Maintenance inspection recommended soon.
SEN,686,2007,43301.54,60.12,72.39,52.17,Universal Analysis Mode,Warning,Maintenance inspection recommended soon.
SEN,686,2008,13525.42,77.79,97.26,51.88,Universal Analysis Mode,Warning,Maintenance inspection recommended soon.
SEN,686,2009,33914.5,49.5,61.67,41.13,Universal Analysis Mode,Warning,Maintenance inspection recommended soon.
SEN,686,2010,54287.2,62.78,79.5,43.64,Universal Analysis Mode,Warning,Maintenance inspection recommended soon.
SEN,686,2011,49800.0,85.17,111.26,34.23,Universal Analysis Mode,Warning,Maintenance inspection recommended soon.
SEN,686,2012,0.0,83.75,111.67,31.4,Universal Analysis Mode,Warning,Maintenance inspection recommended soon.
SEN,686,2013,0.0,80.32,108.66,36.33,Universal Analysis Mode,Warning,Maintenance inspection recommended soon.
SEN,686,2014,0.0,71.97,98.95,32.4,Universal Analysis Mode,Warning,Maintenance inspection recommended soon.
SRB,688,1932,49800.0,10.86,0.87,29.65,Universal Analysis Mode,Healthy,Machine is safe. Continue regular monitoring.
SRB,688,1933,49800.0,8.82,0.67,29.64,Universal Analysis Mode,Healthy,Machine is safe. Continue regular monitoring.
SRB,688,1934,49800.0,12.72,1.0,30.11,Universal Analysis Mode,Warning,Maintenance inspection recommended soon.
SRB,688,1935,49800.0,12.04,0.97,29.76,Universal Analysis Mode,Healthy,Machine is safe. Continue regular monitoring.
SRB,688,1936,49800.0,13.38,1.09,30.07,Universal Analysis Mode,Warning,Maintenance inspection recommended soon.
SRB,688,1937,49800.0,13.98,1.18,29.83,Universal Analysis Mode,Healthy,Machine is safe. Continue regular monitoring.
SRB,688,1938,49800.0,13.66,1.13,29.86,Universal Analysis Mode,Healthy,Machine is safe. Continue regular monitoring.
SRB,688,1939,49800.0,12.5,1.02,29.79,Universal Analysis Mode,Healthy,Machine is safe. Continue regular monitoring.
SRB,688,1940,49800.0,12.38,1.02,29.71,Universal Analysis Mode,Healthy,Machine is safe. Continue regular monitoring.
SRB,688,1941,49800.0,13.18,1.14,29.74,Universal Analysis Mode,Healthy,Machine is safe. Continue regular monitoring.
SRB,688,1942,49800.0,12.42,1.19,29.55,Universal Analysis Mode,Healthy,Machine is safe. Continue regular monitoring.
SRB,688,1943,49800.0,11.81,1.2,29.3,Universal Analysis Mode,Healthy,Machine is safe. Continue regular monitoring.
SRB,688,1944,49800.0,11.71,1.21,29.26,Universal Analysis Mode,Healthy,Machine is safe. Continue regular monitoring.
SRB,688,1945,49800.0,9.93,1.05,28.92,Universal Analysis Mode,Healthy,Machine is safe. Continue regular monitoring.
SRB,688,1946,49800.0,9.77,1.12,28.81,Universal Analysis Mode,Healthy,Machine is safe. Continue regular monitoring.
SRB,688,1947,49800.0,14.48,1.9,29.76,Universal Analysis Mode,Healthy,Machine is safe. Continue regular monitoring.
SRB,688,1948,49800.0,14.07,1.99,29.78,Universal Analysis Mode,Healthy,Machine is safe. Continue regular monitoring.
SRB,688,1949,49800.0,12.71,1.78,29.34,Universal Analysis Mode,Healthy,Machine is safe. Continue regular monitoring.
SRB,688,1950,49800.0,12.08,1.71,29.16,Universal Analysis Mode,Healthy,Machine is safe. Continue regular monitoring.
SRB,688,1951,49800.0,11.2,1.71,28.96,Universal Analysis Mode,Healthy,Machine is safe. Continue regular monitoring.
SRB,688,1952,49800.0,10.96,1.71,28.94,Universal Analysis Mode,Healthy,Machine is safe. Continue regular monitoring.
SRB,688,1953,49800.0,12.27,1.93,29.44,Universal Analysis Mode,Healthy,Machine is safe. Continue regular monitoring.
SRB,688,1954,49800.0,12.21,1.93,29.34,Universal Analysis Mode,Healthy,Machine is safe. Continue regular monitoring.
SRB,688,1955,49800.0,12.27,1.93,28.99,Universal Analysis Mode,Healthy,Machine is safe. Continue regular monitoring.
SRB,688,1956,49800.0,12.07,1.93,28.97,Universal Analysis Mode,Healthy,Machine is safe. Continue regular monitoring.
SRB,688,1957,49800.0,11.48,1.9,28.69,Universal Analysis Mode,Healthy,Machine is safe. Continue regular monitoring.
SRB,688,1958,49800.0,12.25,2.08,29.13,Universal Analysis Mode,Healthy,Machine is safe. Continue regular monitoring.
SRB,688,1959,49800.0,12.14,2.08,29.15,Universal Analysis Mode,Healthy,Machine is safe. Continue regular monitoring.
SRB,688,1960,49800.0,10.91,1.9,29.08,Universal Analysis Mode,Healthy,Machine is safe. Continue regular monitoring.
SRB,688,1961,49800.0,10.24,1.8,29.02,Universal Analysis Mode,Healthy,Machine is safe. Continue regular monitoring.
SRB,688,1962,49800.0,10.12,1.8,29.88,Universal Analysis Mode,Healthy,Machine is safe. Continue regular monitoring.
SRB,688,1963,49800.0,9.99,1.8,29.7,Universal Analysis Mode,Healthy,Machine is safe. Continue regular monitoring.
SRB,688,1964,49800.0,9.86,1.8,28.78,Universal Analysis Mode,Healthy,Machine is safe. Continue regular monitoring.
SRB,688,1965,49800.0,9.71,1.8,29.38,Universal Analysis Mode,Healthy,Machine is safe. Continue regular monitoring.
SRB,688,1966,49800.0,9.41,1.8,28.73,Universal Analysis Mode,Healthy,Machine is safe. Continue regular monitoring.
SRB,688,1967,49800.0,9.16,1.8,28.61,Universal Analysis Mode,Healthy,Machine is safe. Continue regular monitoring.
SRB,688,1968,49800.0,8.8,1.8,28.36,Universal Analysis Mode,Healthy,Machine is safe. Continue regular monitoring.
SRB,688,1969,49800.0,8.35,1.8,28.47,Universal Analysis Mode,Healthy,Machine is safe. Continue regular monitoring.
SRB,688,1970,49800.0,7.88,1.8,28.22,Universal Analysis Mode,Healthy,Machine is safe. Continue regular monitoring.
SRB,688,1971,49800.0,9.41,2.24,28.55,Universal Analysis Mode,Healthy,Machine is safe. Continue regular monitoring.
SRB,688,1972,49800.0,10.09,2.48,28.56,Universal Analysis Mode,Healthy,Machine is safe. Continue regular monitoring.
SRB,688,1973,49800.0,12.59,3.29,28.78,Universal Analysis Mode,Healthy,Machine is safe. Continue regular monitoring.
SRB,688,1974,49800.0,39.93,11.58,30.65,Universal Analysis Mode,Warning,Maintenance inspection recommended soon.
SRB,688,1975,49800.0,36.44,11.53,30.91,Universal Analysis Mode,Warning,Maintenance inspection recommended soon.
SRB,688,1976,49800.0,38.23,12.8,32.49,Universal Analysis Mode,Warning,Maintenance inspection recommended soon.
SRB,688,1977,49800.0,39.04,13.92,33.69,Universal Analysis Mode,Warning,Maintenance inspection recommended soon.
SRB,688,1978,49800.0,36.54,14.02,33.35,Universal Analysis Mode,Warning,Maintenance inspection recommended soon.
SRB,688,1979,49800.0,74.02,31.61,35.72,Universal Analysis Mode,Warning,Maintenance inspection recommended soon.
SRB,688,1980,49800.0,75.97,36.83,36.94,Universal Analysis Mode,Warning,Maintenance inspection recommended soon.
SRB,688,1981,49800.0,67.14,35.93,37.42,Universal Analysis Mode,Warning,Maintenance inspection recommended soon.
SRB,688,1982,49800.0,58.02,32.97,37.51,Universal Analysis Mode,Warning,Maintenance inspection recommended soon.
SRB,688,1983,49800.0,50.39,29.55,37.11,Universal Analysis Mode,Warning,Maintenance inspection recommended soon.
SRB,688,1984,49800.0,45.82,28.78,36.73,Universal Analysis Mode,Warning,Maintenance inspection recommended soon.
SRB,688,1985,49800.0,43.43,27.56,36.45,Universal Analysis Mode,Warning,Maintenance inspection recommended soon.
SRB,688,1986,49800.0,22.22,14.43,34.05,Universal Analysis Mode,Warning,Maintenance inspection recommended soon.
SRB,688,1987,49800.0,27.46,18.44,33.11,Universal Analysis Mode,Warning,Maintenance inspection recommended soon.
SRB,688,1988,49800.0,21.42,14.92,31.52,Universal Analysis Mode,Warning,Maintenance inspection recommended soon.
SRB,688,1989,49800.0,24.87,18.23,31.98,Universal Analysis Mode,Warning,Maintenance inspection recommended soon.
SRB,688,1990,49800.0,30.88,23.73,35.4,Universal Analysis Mode,Warning,Maintenance inspection recommended soon.
SRB,688,1991,49800.0,24.95,20.0,35.28,Universal Analysis Mode,Warning,Maintenance inspection recommended soon.
SRB,688,1992,1164000.0,23.39,19.32,52.1,Universal Analysis Mode,Warning,Maintenance inspection recommended soon.
SRB,688,1993,1140000.0,20.01,16.97,51.61,Universal Analysis Mode,Warning,Maintenance inspection recommended soon.
SRB,688,1994,1080000.0,18.26,15.82,50.92,Universal Analysis Mode,Warning,Maintenance inspection recommended soon.
SRB,688,1995,1068000.0,19.1,17.02,50.87,Universal Analysis Mode,Warning,Maintenance inspection recommended soon.
SRB,688,1996,1032000.0,22.48,20.67,51.6,Universal Analysis Mode,Warning,Maintenance inspection recommended soon.
SRB,688,1997,984000.0,20.38,19.09,51.36,Universal Analysis Mode,Warning,Maintenance inspection recommended soon.
SRB,688,1998,912000.0,13.62,12.72,50.08,Universal Analysis Mode,Warning,Maintenance inspection recommended soon.
SRB,688,1999,708000.0,18.56,17.97,50.81,Universal Analysis Mode,Warning,Maintenance inspection recommended soon.
SRB,688,2000,805000.0,28.5,28.5,54.47,Universal Analysis Mode,Warning,Maintenance inspection recommended soon.
SRB,688,2001,746000.0,23.7,24.44,54.13,Universal Analysis Mode,Warning,Maintenance inspection recommended soon.
SRB,688,2002,682000.0,23.72,25.02,53.57,Universal Analysis Mode,Warning,Maintenance inspection recommended soon.
SRB,688,2003,671000.0,26.54,28.83,55.85,Universal Analysis Mode,Warning,Maintenance inspection recommended soon.
SRB,688,2004,652000.0,34.3,38.26,56.42,Universal Analysis Mode,Warning,Maintenance inspection recommended soon.
SRB,688,2005,650000.0,47.26,54.52,57.94,Universal Analysis Mode,Warning,Maintenance inspection recommended soon.
SRB,688,2006,547800.0,55.37,65.14,56.45,Universal Analysis Mode,Warning,Maintenance inspection recommended soon.
SRB,688,2007,498000.0,60.12,72.39,50.95,Universal Analysis Mode,Warning,Maintenance inspection recommended soon.
SRB,688,2008,498000.0,77.79,97.26,51.83,Universal Analysis Mode,Warning,Maintenance inspection recommended soon.
SRB,688,2009,398400.0,49.5,61.67,48.33,Universal Analysis Mode,Warning,Maintenance inspection recommended soon.
SRB,688,2010,896400.0,62.78,79.5,48.67,Universal Analysis Mode,Warning,Maintenance inspection recommended soon.
SRB,688,2011,825724.84,85.17,111.26,48.32,Universal Analysis Mode,Warning,Maintenance inspection recommended soon.
SRB,688,2012,746864.05,83.75,111.67,47.0,Universal Analysis Mode,Warning,Maintenance inspection recommended soon.
SRB,688,2013,821495.32,80.32,108.66,52.67,Universal Analysis Mode,Warning,Maintenance inspection recommended soon.
SRB,688,2014,838550.33,71.97,98.95,55.13,Universal Analysis Mode,Warning,Maintenance inspection recommended soon.
SCG,891,1932,49800.0,10.86,0.87,30.16,Universal Analysis Mode,Warning,Maintenance inspection recommended soon.
SCG,891,1933,49800.0,8.82,0.67,30.14,Universal Analysis Mode,Warning,Maintenance inspection recommended soon.
SCG,891,1934,49800.0,12.72,1.0,30.62,Universal Analysis Mode,Warning,Maintenance inspection recommended soon.
SCG,891,1935,49800.0,12.04,0.97,30.27,Universal Analysis Mode,Warning,Maintenance inspection recommended soon.
SCG,891,1936,49800.0,13.38,1.09,30.57,Universal Analysis Mode,Warning,Maintenance inspection recommended soon.
SCG,891,1937,49800.0,13.98,1.18,30.34,Universal Analysis Mode,Warning,Maintenance inspection recommended soon.
SCG,891,1938,49800.0,13.66,1.13,30.37,Universal Analysis Mode,Warning,Maintenance inspection recommended soon.
SCG,891,1939,49800.0,12.5,1.02,30.29,Universal Analysis Mode,Warning,Maintenance inspection recommended soon.
SCG,891,1940,49800.0,12.38,1.02,30.22,Universal Analysis Mode,Warning,Maintenance inspection recommended soon.
SCG,891,1941,49800.0,13.18,1.14,30.24,Universal Analysis Mode,Warning,Maintenance inspection recommended soon.
SCG,891,1942,49800.0,12.42,1.19,30.06,Universal Analysis Mode,Warning,Maintenance inspection recommended soon.
SCG,891,1943,49800.0,11.81,1.2,29.81,Universal Analysis Mode,Healthy,Machine is safe. Continue regular monitoring.
SCG,891,1944,49800.0,11.71,1.21,29.76,Universal Analysis Mode,Healthy,Machine is safe. Continue regular monitoring.
SCG,891,1945,49800.0,9.93,1.05,29.42,Universal Analysis Mode,Healthy,Machine is safe. Continue regular monitoring.
SCG,891,1946,49800.0,9.77,1.12,29.31,Universal Analysis Mode,Healthy,Machine is safe. Continue regular monitoring.
SCG,891,1947,49800.0,14.48,1.9,30.26,Universal Analysis Mode,Warning,Maintenance inspection recommended soon.
SCG,891,1948,49800.0,14.07,1.99,30.29,Universal Analysis Mode,Warning,Maintenance inspection recommended soon.
SCG,891,1949,49800.0,12.71,1.78,29.84,Universal Analysis Mode,Healthy,Machine is safe. Continue regular monitoring.
SCG,891,1950,49800.0,12.08,1.71,31.31,Universal Analysis Mode,Warning,Maintenance inspection recommended soon.
SCG,891,1951,49800.0,11.2,1.71,31.14,Universal Analysis Mode,Warning,Maintenance inspection recommended soon.
SCG,891,1952,49800.0,10.96,1.71,31.13,Universal Analysis Mode,Warning,Maintenance inspection recommended soon.
SCG,891,1953,49800.0,12.27,1.93,31.66,Universal Analysis Mode,Warning,Maintenance inspection recommended soon.
SCG,891,1954,49800.0,12.21,1.93,31.58,Universal Analysis Mode,Warning,Maintenance inspection recommended soon.
SCG,891,1955,49800.0,12.27,1.93,31.25,Universal Analysis Mode,Warning,Maintenance inspection recommended soon.
SCG,891,1956,49800.0,12.07,1.93,31.24,Universal Analysis Mode,Warning,Maintenance inspection recommended soon.
SCG,891,1957,49800.0,11.48,1.9,30.98,Universal Analysis Mode,Warning,Maintenance inspection recommended soon.
SCG,891,1958,49800.0,12.25,2.08,31.43,Universal Analysis Mode,Warning,Maintenance inspection recommended soon.
SCG,891,1959,49800.0,12.14,2.08,31.47,Universal Analysis Mode,Warning,Maintenance inspection recommended soon.
SCG,891,1960,49800.0,10.91,1.9,30.84,Universal Analysis Mode,Warning,Maintenance inspection recommended soon.
SCG,891,1961,49800.0,10.24,1.8,30.79,Universal Analysis Mode,Warning,Maintenance inspection recommended soon.
SCG,891,1962,49800.0,10.12,1.8,31.66,Universal Analysis Mode,Warning,Maintenance inspection recommended soon.
SCG,891,1963,49800.0,9.99,1.8,31.5,Universal Analysis Mode,Warning,Maintenance inspection recommended soon.
SCG,891,1964,49800.0,9.86,1.8,30.59,Universal Analysis Mode,Warning,Maintenance inspection recommended soon.
SCG,891,1965,49800.0,9.71,1.8,31.21,Universal Analysis Mode,Warning,Maintenance inspection recommended soon.
SCG,891,1966,49800.0,9.41,1.8,30.57,Universal Analysis Mode,Warning,Maintenance inspection recommended soon.
SCG,891,1967,49800.0,9.16,1.8,30.46,Universal Analysis Mode,Warning,Maintenance inspection recommended soon.
SCG,891,1968,49800.0,8.8,1.8,30.24,Universal Analysis Mode,Warning,Maintenance inspection recommended soon.
SCG,891,1969,49800.0,8.35,1.8,30.36,Universal Analysis Mode,Warning,Maintenance inspection recommended soon.
SCG,891,1970,49800.0,7.88,1.8,30.12,Universal Analysis Mode,Warning,Maintenance inspection recommended soon.
SCG,891,1971,49800.0,9.41,2.24,31.06,Universal Analysis Mode,Warning,Maintenance inspection recommended soon.
SCG,891,1972,49800.0,10.09,2.48,31.09,Universal Analysis Mode,Warning,Maintenance inspection recommended soon.
SCG,891,1973,49800.0,12.59,3.29,31.33,Universal Analysis Mode,Warning,Maintenance inspection recommended soon.
SCG,891,1974,49800.0,39.93,11.58,33.22,Universal Analysis Mode,Warning,Maintenance inspection recommended soon.
SCG,891,1975,49800.0,36.44,11.53,33.49,Universal Analysis Mode,Warning,Maintenance inspection recommended soon.
SCG,891,1976,49800.0,38.23,12.8,35.09,Universal Analysis Mode,Warning,Maintenance inspection recommended soon.
SCG,891,1977,49800.0,39.04,13.92,36.31,Universal Analysis Mode,Warning,Maintenance inspection recommended soon.
SCG,891,1978,49800.0,36.54,14.02,35.98,Universal Analysis Mode,Warning,Maintenance inspection recommended soon.
SCG,891,1979,49800.0,74.02,31.61,38.37,Universal Analysis Mode,Warning,Maintenance inspection recommended soon.
SCG,891,1980,49800.0,75.97,36.83,39.61,Universal Analysis Mode,Warning,Maintenance inspection recommended soon.
SCG,891,1981,49800.0,67.14,35.93,40.1,Universal Analysis Mode,Warning,Maintenance inspection recommended soon.
SCG,891,1982,49800.0,58.02,32.97,40.2,Universal Analysis Mode,Warning,Maintenance inspection recommended soon.
SCG,891,1983,49800.0,50.39,29.55,39.82,Universal Analysis Mode,Warning,Maintenance inspection recommended soon.
SCG,891,1984,49800.0,45.82,28.78,39.44,Universal Analysis Mode,Warning,Maintenance inspection recommended soon.
SCG,891,1985,49800.0,43.43,27.56,39.18,Universal Analysis Mode,Warning,Maintenance inspection recommended soon.
SCG,891,1986,49800.0,22.22,14.43,36.78,Universal Analysis Mode,Warning,Maintenance inspection recommended soon.
SCG,891,1987,49800.0,27.46,18.44,35.85,Universal Analysis Mode,Warning,Maintenance inspection recommended soon.
SCG,891,1988,49800.0,21.42,14.92,34.28,Universal Analysis Mode,Warning,Maintenance inspection recommended soon.
SCG,891,1989,49800.0,24.87,18.23,34.75,Universal Analysis Mode,Warning,Maintenance inspection recommended soon.
SCG,891,1990,49800.0,30.88,23.73,36.75,Universal Analysis Mode,Warning,Maintenance inspection recommended soon.
SCG,891,1991,49800.0,24.95,20.0,36.01,Universal Analysis Mode,Warning,Maintenance inspection recommended soon.
SCG,891,1992,1164000.0,23.39,19.32,53.57,Universal Analysis Mode,Warning,Maintenance inspection recommended soon.
SCG,891,1993,1140000.0,20.01,16.97,53.07,Universal Analysis Mode,Warning,Maintenance inspection recommended soon.
SCG,891,1994,1080000.0,18.26,15.82,52.39,Universal Analysis Mode,Warning,Maintenance inspection recommended soon.
SCG,891,1995,1068000.0,19.1,17.02,52.34,Universal Analysis Mode,Warning,Maintenance inspection recommended soon.
SCG,891,1996,1032000.0,22.48,20.67,53.08,Universal Analysis Mode,Warning,Maintenance inspection recommended soon.
SCG,891,1997,984000.0,20.38,19.09,52.83,Universal Analysis Mode,Warning,Maintenance inspection recommended soon.
SCG,891,1998,912000.0,13.62,12.72,51.56,Universal Analysis Mode,Warning,Maintenance inspection recommended soon.
SCG,891,1999,708000.0,18.56,17.97,52.3,Universal Analysis Mode,Warning,Maintenance inspection recommended soon.
SCG,891,2000,805000.0,28.5,28.5,55.81,Universal Analysis Mode,Warning,Maintenance inspection recommended soon.
SCG,891,2001,746000.0,23.7,24.44,55.47,Universal Analysis Mode,Warning,Maintenance inspection recommended soon.
SCG,891,2002,682000.0,23.72,25.02,54.98,Universal Analysis Mode,Warning,Maintenance inspection recommended soon.
SCG,891,2003,671000.0,26.54,28.83,57.69,Universal Analysis Mode,Warning,Maintenance inspection recommended soon.
SCG,891,2004,652000.0,34.3,38.26,58.34,Universal Analysis Mode,Warning,Maintenance inspection recommended soon.
SCG,891,2005,650000.0,47.26,54.52,59.87,Universal Analysis Mode,Warning,Maintenance inspection recommended soon.
SCG,891,2006,547800.0,55.37,65.14,56.18,Universal Analysis Mode,Warning,Maintenance inspection recommended soon.
SCG,891,2007,49800.0,60.12,72.39,32.7,Universal Analysis Mode,Warning,Maintenance inspection recommended soon.
SCG,891,2008,49800.0,77.79,97.26,33.32,Universal Analysis Mode,Warning,Maintenance inspection recommended soon.
SCG,891,2009,49800.0,49.5,61.67,32.2,Universal Analysis Mode,Warning,Maintenance inspection recommended soon.
SCG,891,2010,49800.0,62.78,79.5,31.71,Universal Analysis Mode,Warning,Maintenance inspection recommended soon.
SCG,891,2011,49800.0,85.17,111.26,31.17,Universal Analysis Mode,Warning,Maintenance inspection recommended soon.
SCG,891,2012,49800.0,83.75,111.67,30.01,Universal Analysis Mode,Warning,Maintenance inspection recommended soon.
SCG,891,2013,49800.0,80.32,108.66,33.22,Universal Analysis Mode,Warning,Maintenance inspection recommended soon.
SCG,891,2014,49800.0,71.97,98.95,35.78,Universal Analysis Mode,Warning,Maintenance inspection recommended soon.
SLE,694,1932,49800.0,10.86,0.87,29.67,Universal Analysis Mode,Healthy,Machine is safe. Continue regular monitoring.
SLE,694,1933,49800.0,8.82,0.67,29.65,Universal Analysis Mode,Healthy,Machine is safe. Continue regular monitoring.
SLE,694,1934,49800.0,12.72,1.0,30.13,Universal Analysis Mode,Warning,Maintenance inspection recommended soon.
SLE,694,1935,49800.0,12.04,0.97,29.78,Universal Analysis Mode,Healthy,Machine is safe. Continue regular monitoring.
SLE,694,1936,49800.0,13.38,1.09,30.08,Universal Analysis Mode,Warning,Maintenance inspection recommended soon.
SLE,694,1937,49800.0,13.98,1.18,29.85,Universal Analysis Mode,Healthy,Machine is safe. Continue regular monitoring.
SLE,694,1938,49800.0,13.66,1.13,29.88,Universal Analysis Mode,Healthy,Machine is safe. Continue regular monitoring.
SLE,694,1939,49800.0,12.5,1.02,29.8,Universal Analysis Mode,Healthy,Machine is safe. Continue regular monitoring.
SLE,694,1940,49800.0,12.38,1.02,29.73,Universal Analysis Mode,Healthy,Machine is safe. Continue regular monitoring.
SLE,694,1941,49800.0,13.18,1.14,29.75,Universal Analysis Mode,Healthy,Machine is safe. Continue regular monitoring.
SLE,694,1942,49800.0,12.42,1.19,29.57,Universal Analysis Mode,Healthy,Machine is safe. Continue regular monitoring.
SLE,694,1943,49800.0,11.81,1.2,29.31,Universal Analysis Mode,Healthy,Machine is safe. Continue regular monitoring.
SLE,694,1944,49800.0,11.71,1.21,29.27,Universal Analysis Mode,Healthy,Machine is safe. Continue regular monitoring.
SLE,694,1945,49800.0,9.93,1.05,28.93,Universal Analysis Mode,Healthy,Machine is safe. Continue regular monitoring.
SLE,694,1946,49800.0,9.77,1.12,28.82,Universal Analysis Mode,Healthy,Machine is safe. Continue regular monitoring.
SLE,694,1947,49800.0,14.48,1.9,29.77,Universal Analysis Mode,Healthy,Machine is safe. Continue regular monitoring.
SLE,694,1948,49800.0,14.07,1.99,29.8,Universal Analysis Mode,Healthy,Machine is safe. Continue regular monitoring.
SLE,694,1949,49800.0,12.71,1.78,29.35,Universal Analysis Mode,Healthy,Machine is safe. Continue regular monitoring.
SLE,694,1950,49800.0,12.08,1.71,28.5,Universal Analysis Mode,Healthy,Machine is safe. Continue regular monitoring.
SLE,694,1951,49800.0,11.2,1.71,28.3,Universal Analysis Mode,Healthy,Machine is safe. Continue regular monitoring.
SLE,694,1952,49800.0,10.96,1.71,28.28,Universal Analysis Mode,Healthy,Machine is safe. Continue regular monitoring.
SLE,694,1953,49800.0,12.27,1.93,28.79,Universal Analysis Mode,Healthy,Machine is safe. Continue regular monitoring.
SLE,694,1954,49800.0,12.21,1.93,28.69,Universal Analysis Mode,Healthy,Machine is safe. Continue regular monitoring.
SLE,694,1955,49800.0,12.27,1.93,28.34,Universal Analysis Mode,Healthy,Machine is safe. Continue regular monitoring.
SLE,694,1956,49800.0,12.07,1.93,28.32,Universal Analysis Mode,Healthy,Machine is safe. Continue regular monitoring.
SLE,694,1957,49800.0,11.48,1.9,28.05,Universal Analysis Mode,Healthy,Machine is safe. Continue regular monitoring.
SLE,694,1958,49800.0,12.25,2.08,28.49,Universal Analysis Mode,Healthy,Machine is safe. Continue regular monitoring.
SLE,694,1959,49800.0,12.14,2.08,28.51,Universal Analysis Mode,Healthy,Machine is safe. Continue regular monitoring.
SLE,694,1960,0.0,10.91,1.9,24.1,Universal Analysis Mode,Healthy,Machine is safe. Continue regular monitoring.
SLE,694,1961,0.0,10.24,1.8,24.85,Universal Analysis Mode,Healthy,Machine is safe. Continue regular monitoring.
SLE,694,1962,0.0,10.12,1.8,25.71,Universal Analysis Mode,Healthy,Machine is safe. Continue regular monitoring.
SLE,694,1963,0.0,9.99,1.8,25.54,Universal Analysis Mode,Healthy,Machine is safe. Continue regular monitoring.
SLE,694,1964,0.0,9.86,1.8,24.63,Universal Analysis Mode,Healthy,Machine is safe. Continue regular monitoring.
SLE,694,1965,0.0,9.71,1.8,25.23,Universal Analysis Mode,Healthy,Machine is safe. Continue regular monitoring.
SLE,694,1966,0.0,9.41,1.8,24.58,Universal Analysis Mode,Healthy,Machine is safe. Continue regular monitoring.
SLE,694,1967,0.0,9.16,1.8,24.47,Universal Analysis Mode,Healthy,Machine is safe. Continue regular monitoring.
SLE,694,1968,0.0,8.8,1.8,24.22,Universal Analysis Mode,Healthy,Machine is safe. Continue regular monitoring.
SLE,694,1969,0.0,8.35,1.8,24.34,Universal Analysis Mode,Healthy,Machine is safe. Continue regular monitoring.
SLE,694,1970,0.0,7.88,1.8,24.09,Universal Analysis Mode,Healthy,Machine is safe. Continue regular monitoring.
SLE,694,1971,0.0,9.41,2.24,24.42,Universal Analysis Mode,Healthy,Machine is safe. Continue regular monitoring.
SLE,694,1972,0.0,10.09,2.48,24.44,Universal Analysis Mode,Healthy,Machine is safe. Continue regular monitoring.
SLE,694,1973,0.0,12.59,3.29,24.67,Universal Analysis Mode,Healthy,Machine is safe. Continue regular monitoring.
SLE,694,1974,0.0,39.93,11.58,26.55,Universal Analysis Mode,Healthy,Machine is safe. Continue regular monitoring.
SLE,694,1975,0.0,36.44,11.53,26.82,Universal Analysis Mode,Healthy,Machine is safe. Continue regular monitoring.
SLE,694,1976,0.0,38.23,12.8,28.41,Universal Analysis Mode,Healthy,Machine is safe. Continue regular monitoring.
SLE,694,1977,0.0,39.04,13.92,29.61,Universal Analysis Mode,Healthy,Machine is safe. Continue regular monitoring.
SLE,694,1978,0.0,36.54,14.02,29.28,Universal Analysis Mode,Healthy,Machine is safe. Continue regular monitoring.
SLE,694,1979,0.0,74.02,31.61,31.66,Universal Analysis Mode,Warning,Maintenance inspection recommended soon.
SLE,694,1980,0.0,75.97,36.83,32.89,Universal Analysis Mode,Warning,Maintenance inspection recommended soon.
SLE,694,1981,0.0,67.14,35.93,33.38,Universal Analysis Mode,Warning,Maintenance inspection recommended soon.
SLE,694,1982,0.0,58.02,32.97,33.47,Universal Analysis Mode,Warning,Maintenance inspection recommended soon.
SLE,694,1983,0.0,50.39,29.55,33.08,Universal Analysis Mode,Warning,Maintenance inspection recommended soon.
SLE,694,1984,0.0,45.82,28.78,32.7,Universal Analysis Mode,Warning,Maintenance inspection recommended soon.
SLE,694,1985,0.0,43.43,27.56,32.44,Universal Analysis Mode,Warning,Maintenance inspection recommended soon.
SLE,694,1986,0.0,22.22,14.43,27.4,Universal Analysis Mode,Healthy,Machine is safe. Continue regular monitoring.
SLE,694,1987,0.0,27.46,18.44,26.45,Universal Analysis Mode,Healthy,Machine is safe. Continue regular monitoring.
SLE,694,1988,0.0,21.42,14.92,24.88,Universal Analysis Mode,Healthy,Machine is safe. Continue regular monitoring.
SLE,694,1989,0.0,24.87,18.23,25.33,Universal Analysis Mode,Healthy,Machine is safe. Continue regular monitoring.
SLE,694,1990,0.0,30.88,23.73,26.61,Universal Analysis Mode,Healthy,Machine is safe. Continue regular monitoring.
SLE,694,1991,0.0,24.95,20.0,26.51,Universal Analysis Mode,Healthy,Machine is safe. Continue regular monitoring.
SLE,694,1992,0.0,23.39,19.32,24.99,Universal Analysis Mode,Healthy,Machine is safe. Continue regular monitoring.
SLE,694,1993,0.0,20.01,16.97,24.58,Universal Analysis Mode,Healthy,Machine is safe. Continue regular monitoring.
SLE,694,1994,0.0,18.26,15.82,24.03,Universal Analysis Mode,Healthy,Machine is safe. Continue regular monitoring.
SLE,694,1995,0.0,19.1,17.02,23.95,Universal Analysis Mode,Healthy,Machine is safe. Continue regular monitoring.
SLE,694,1996,0.0,22.48,20.67,24.71,Universal Analysis Mode,Healthy,Machine is safe. Continue regular monitoring.
SLE,694,1997,0.0,20.38,19.09,24.55,Universal Analysis Mode,Healthy,Machine is safe. Continue regular monitoring.
SLE,694,1998,0.0,13.62,12.72,23.54,Universal Analysis Mode,Healthy,Machine is safe. Continue regular monitoring.
SLE,694,1999,0.0,18.56,17.97,24.26,Universal Analysis Mode,Healthy,Machine is safe. Continue regular monitoring.
SLE,694,2000,0.0,28.5,28.5,27.41,Universal Analysis Mode,Healthy,Machine is safe. Continue regular monitoring.
SLE,694,2001,0.0,23.7,24.44,30.7,Universal Analysis Mode,Warning,Maintenance inspection recommended soon.
SLE,694,2002,0.0,23.72,25.02,26.96,Universal Analysis Mode,Healthy,Machine is safe. Continue regular monitoring.
SLE,694,2003,0.0,26.54,28.83,29.07,Universal Analysis Mode,Healthy,Machine is safe. Continue regular monitoring.
SLE,694,2004,0.0,34.3,38.26,29.55,Universal Analysis Mode,Healthy,Machine is safe. Continue regular monitoring.
SLE,694,2005,0.0,47.26,54.52,30.76,Universal Analysis Mode,Warning,Maintenance inspection recommended soon.
SLE,694,2006,0.0,55.37,65.14,30.2,Universal Analysis Mode,Warning,Maintenance inspection recommended soon.
SLE,694,2007,0.0,60.12,72.39,33.52,Universal Analysis Mode,Warning,Maintenance inspection recommended soon.
SLE,694,2008,0.0,77.79,97.26,34.58,Universal Analysis Mode,Warning,Maintenance inspection recommended soon.
SLE,694,2009,0.0,49.5,61.67,31.04,Universal Analysis Mode,Warning,Maintenance inspection recommended soon.
SLE,694,2010,0.0,62.78,79.5,32.01,Universal Analysis Mode,Warning,Maintenance inspection recommended soon.
SLE,694,2011,0.0,85.17,111.26,31.47,Universal Analysis Mode,Warning,Maintenance inspection recommended soon.
SLE,694,2012,0.0,83.75,111.67,30.33,Universal Analysis Mode,Warning,Maintenance inspection recommended soon.
SLE,694,2013,0.0,80.32,108.66,30.57,Universal Analysis Mode,Warning,Maintenance inspection recommended soon.
SLE,694,2014,0.0,71.97,98.95,31.61,Universal Analysis Mode,Warning,Maintenance inspection recommended soon.
SGP,702,1932,49800.0,10.86,0.87,28.75,Universal Analysis Mode,Healthy,Machine is safe. Continue regular monitoring.
SGP,702,1933,49800.0,8.82,0.67,28.71,Universal Analysis Mode,Healthy,Machine is safe. Continue regular monitoring.
SGP,702,1934,49800.0,12.72,1.0,29.19,Universal Analysis Mode,Healthy,Machine is safe. Continue regular monitoring.
SGP,702,1935,49800.0,12.04,0.97,28.86,Universal Analysis Mode,Healthy,Machine is safe. Continue regular monitoring.
SGP,702,1936,49800.0,13.38,1.09,29.18,Universal Analysis Mode,Healthy,Machine is safe. Continue regular monitoring.
SGP,702,1937,49800.0,13.98,1.18,28.96,Universal Analysis Mode,Healthy,Machine is safe. Continue regular monitoring.
SGP,702,1938,49800.0,13.66,1.13,29.0,Universal Analysis Mode,Healthy,Machine is safe. Continue regular monitoring.
SGP,702,1939,49800.0,12.5,1.02,28.93,Universal Analysis Mode,Healthy,Machine is safe. Continue regular monitoring.
SGP,702,1940,49800.0,12.38,1.02,28.86,Universal Analysis Mode,Healthy,Machine is safe. Continue regular monitoring.
SGP,702,1941,49800.0,13.18,1.14,28.9,Universal Analysis Mode,Healthy,Machine is safe. Continue regular monitoring.
SGP,702,1942,49800.0,12.42,1.19,29.58,Universal Analysis Mode,Healthy,Machine is safe. Continue regular monitoring.
SGP,702,1943,49800.0,11.81,1.2,29.33,Universal Analysis Mode,Healthy,Machine is safe. Continue regular monitoring.
SGP,702,1944,49800.0,11.71,1.21,29.29,Universal Analysis Mode,Healthy,Machine is safe. Continue regular monitoring.
SGP,702,1945,49800.0,9.93,1.05,28.94,Universal Analysis Mode,Healthy,Machine is safe. Continue regular monitoring.
SGP,702,1946,49800.0,9.77,1.12,28.84,Universal Analysis Mode,Healthy,Machine is safe. Continue regular monitoring.
SGP,702,1947,49800.0,14.48,1.9,28.94,Universal Analysis Mode,Healthy,Machine is safe. Continue regular monitoring.
SGP,702,1948,49800.0,14.07,1.99,28.97,Universal Analysis Mode,Healthy,Machine is safe. Continue regular monitoring.
SGP,702,1949,49800.0,12.71,1.78,28.52,Universal Analysis Mode,Healthy,Machine is safe. Continue regular monitoring.
SGP,702,1950,49800.0,12.08,1.71,28.35,Universal Analysis Mode,Healthy,Machine is safe. Continue regular monitoring.
SGP,702,1951,49800.0,11.2,1.71,28.16,Universal Analysis Mode,Healthy,Machine is safe. Continue regular monitoring.
SGP,702,1952,49800.0,10.96,1.71,28.15,Universal Analysis Mode,Healthy,Machine is safe. Continue regular monitoring.
SGP,702,1953,49800.0,12.27,1.93,28.66,Universal Analysis Mode,Healthy,Machine is safe. Continue regular monitoring.
SGP,702,1954,49800.0,12.21,1.93,28.57,Universal Analysis Mode,Healthy,Machine is safe. Continue regular monitoring.
SGP,702,1955,49800.0,12.27,1.93,28.23,Universal Analysis Mode,Healthy,Machine is safe. Continue regular monitoring.
SGP,702,1956,49800.0,12.07,1.93,28.22,Universal Analysis Mode,Healthy,Machine is safe. Continue regular monitoring.
SGP,702,1957,49800.0,11.48,1.9,27.95,Universal Analysis Mode,Healthy,Machine is safe. Continue regular monitoring.
SGP,702,1958,49800.0,12.25,2.08,28.4,Universal Analysis Mode,Healthy,Machine is safe. Continue regular monitoring.
SGP,702,1959,49800.0,12.14,2.08,28.43,Universal Analysis Mode,Healthy,Machine is safe. Continue regular monitoring.
SGP,702,1960,49800.0,10.91,1.9,28.37,Universal Analysis Mode,Healthy,Machine is safe. Continue regular monitoring.
SGP,702,1961,49800.0,10.24,1.8,28.31,Universal Analysis Mode,Healthy,Machine is safe. Continue regular monitoring.
SGP,702,1962,49800.0,10.12,1.8,29.18,Universal Analysis Mode,Healthy,Machine is safe. Continue regular monitoring.
SGP,702,1963,49800.0,9.99,1.8,29.01,Universal Analysis Mode,Healthy,Machine is safe. Continue regular monitoring.
SGP,702,1964,0.0,9.86,1.8,23.75,Universal Analysis Mode,Healthy,Machine is safe. Continue regular monitoring.
SGP,702,1965,0.0,9.71,1.8,25.17,Universal Analysis Mode,Healthy,Machine is safe. Continue regular monitoring.
SGP,702,1966,0.0,9.41,1.8,24.52,Universal Analysis Mode,Healthy,Machine is safe. Continue regular monitoring.
SGP,702,1967,0.0,9.16,1.8,24.4,Universal Analysis Mode,Healthy,Machine is safe. Continue regular monitoring.
SGP,702,1968,0.0,8.8,1.8,24.17,Universal Analysis Mode,Healthy,Machine is safe. Continue regular monitoring.
SGP,702,1969,0.0,8.35,1.8,24.28,Universal Analysis Mode,Healthy,Machine is safe. Continue regular monitoring.
SGP,702,1970,0.0,7.88,1.8,24.03,Universal Analysis Mode,Healthy,Machine is safe. Continue regular monitoring.
SGP,702,1971,0.0,9.41,2.24,24.36,Universal Analysis Mode,Healthy,Machine is safe. Continue regular monitoring.
SGP,702,1972,0.0,10.09,2.48,24.38,Universal Analysis Mode,Healthy,Machine is safe. Continue regular monitoring.
SGP,702,1973,0.0,12.59,3.29,24.6,Universal Analysis Mode,Healthy,Machine is safe. Continue regular monitoring.
SGP,702,1974,0.0,39.93,11.58,26.48,Universal Analysis Mode,Healthy,Machine is safe. Continue regular monitoring.
SGP,702,1975,0.0,36.44,11.53,26.74,Universal Analysis Mode,Healthy,Machine is safe. Continue regular monitoring.
SGP,702,1976,0.0,38.23,12.8,28.32,Universal Analysis Mode,Healthy,Machine is safe. Continue regular monitoring.
SGP,702,1977,0.0,39.04,13.92,29.52,Universal Analysis Mode,Healthy,Machine is safe. Continue regular monitoring.
SGP,702,1978,0.0,36.54,14.02,29.19,Universal Analysis Mode,Healthy,Machine is safe. Continue regular monitoring.
SGP,702,1979,0.0,74.02,31.61,31.56,Universal Analysis Mode,Warning,Maintenance inspection recommended soon.
SGP,702,1980,0.0,75.97,36.83,32.79,Universal Analysis Mode,Warning,Maintenance inspection recommended soon.
SGP,702,1981,0.0,67.14,35.93,33.28,Universal Analysis Mode,Warning,Maintenance inspection recommended soon.
SGP,702,1982,0.0,58.02,32.97,33.38,Universal Analysis Mode,Warning,Maintenance inspection recommended soon.
SGP,702,1983,0.0,50.39,29.55,32.98,Universal Analysis Mode,Warning,Maintenance inspection recommended soon.
SGP,702,1984,0.0,45.82,28.78,32.61,Universal Analysis Mode,Warning,Maintenance inspection recommended soon.
SGP,702,1985,0.0,43.43,27.56,32.33,Universal Analysis Mode,Warning,Maintenance inspection recommended soon.
SGP,702,1986,0.0,22.22,14.43,27.37,Universal Analysis Mode,Healthy,Machine is safe. Continue regular monitoring.
SGP,702,1987,0.0,27.46,18.44,26.44,Universal Analysis Mode,Healthy,Machine is safe. Continue regular monitoring.
SGP,702,1988,0.0,21.42,14.92,24.13,Universal Analysis Mode,Healthy,Machine is safe. Continue regular monitoring.
SGP,702,1989,0.0,24.87,18.23,25.3,Universal Analysis Mode,Healthy,Machine is safe. Continue regular monitoring.
SGP,702,1990,0.0,30.88,23.73,26.43,Universal Analysis Mode,Healthy,Machine is safe. Continue regular monitoring.
SGP,702,1991,0.0,24.95,20.0,26.31,Universal Analysis Mode,Healthy,Machine is safe. Continue regular monitoring.
SGP,702,1992,0.0,23.39,19.32,21.78,Universal Analysis Mode,Healthy,Machine is safe. Continue regular monitoring.
SGP,702,1993,0.0,20.01,16.97,21.34,Universal Analysis Mode,Healthy,Machine is safe. Continue regular monitoring.
SGP,702,1994,0.0,18.26,15.82,20.8,Universal Analysis Mode,Healthy,Machine is safe. Continue regular monitoring.
SGP,702,1995,0.0,19.1,17.02,20.74,Universal Analysis Mode,Healthy,Machine is safe. Continue regular monitoring.
SGP,702,1996,0.0,22.48,20.67,21.52,Universal Analysis Mode,Healthy,Machine is safe. Continue regular monitoring.
SGP,702,1997,0.0,20.38,19.09,21.33,Universal Analysis Mode,Healthy,Machine is safe. Continue regular monitoring.
SGP,702,1998,0.0,13.62,12.72,20.33,Universal Analysis Mode,Healthy,Machine is safe. Continue regular monitoring.
SGP,702,1999,0.0,18.56,17.97,21.07,Universal Analysis Mode,Healthy,Machine is safe. Continue regular monitoring.
SGP,702,2000,0.0,28.5,28.5,23.49,Universal Analysis Mode,Healthy,Machine is safe. Continue regular monitoring.
SGP,702,2001,0.0,23.7,24.44,23.46,Universal Analysis Mode,Healthy,Machine is safe. Continue regular monitoring.
SGP,702,2002,0.0,23.72,25.02,23.05,Universal Analysis Mode,Healthy,Machine is safe. Continue regular monitoring.
SGP,702,2003,0.0,26.54,28.83,25.66,Universal Analysis Mode,Healthy,Machine is safe. Continue regular monitoring.
SGP,702,2004,0.0,34.3,38.26,26.13,Universal Analysis Mode,Healthy,Machine is safe. Continue regular monitoring.
SGP,702,2005,0.0,47.26,54.52,27.39,Universal Analysis Mode,Healthy,Machine is safe. Continue regular monitoring.
SGP,702,2006,0.0,55.37,65.14,26.82,Universal Analysis Mode,Healthy,Machine is safe. Continue regular monitoring.
SGP,702,2007,0.0,60.12,72.39,26.75,Universal Analysis Mode,Healthy,Machine is safe. Continue regular monitoring.
SGP,702,2008,0.0,77.79,97.26,27.4,Universal Analysis Mode,Healthy,Machine is safe. Continue regular monitoring.
SGP,702,2009,0.0,49.5,61.67,24.31,Universal Analysis Mode,Healthy,Machine is safe. Continue regular monitoring.
SGP,702,2010,0.0,62.78,79.5,25.34,Universal Analysis Mode,Healthy,Machine is safe. Continue regular monitoring.
SGP,702,2011,0.0,85.17,111.26,24.8,Universal Analysis Mode,Healthy,Machine is safe. Continue regular monitoring.
SGP,702,2012,0.0,83.75,111.67,23.63,Universal Analysis Mode,Healthy,Machine is safe. Continue regular monitoring.
SGP,702,2013,0.0,80.32,108.66,28.95,Universal Analysis Mode,Healthy,Machine is safe. Continue regular monitoring.
SGP,702,2014,0.0,71.97,98.95,31.61,Universal Analysis Mode,Warning,Maintenance inspection recommended soon.
SVK,703,1932,49800.0,10.86,0.87,29.69,Universal Analysis Mode,Healthy,Machine is safe. Continue regular monitoring.
SVK,703,1933,49800.0,8.82,0.67,29.67,Universal Analysis Mode,Healthy,Machine is safe. Continue regular monitoring.
SVK,703,1934,49800.0,12.72,1.0,30.15,Universal Analysis Mode,Warning,Maintenance inspection recommended soon.
SVK,703,1935,49800.0,12.04,0.97,29.8,Universal Analysis Mode,Healthy,Machine is safe. Continue regular monitoring.
SVK,703,1936,49800.0,13.38,1.09,30.1,Universal Analysis Mode,Warning,Maintenance inspection recommended soon.
SVK,703,1937,49800.0,13.98,1.18,29.87,Universal Analysis Mode,Healthy,Machine is safe. Continue regular monitoring.
SVK,703,1938,49800.0,13.66,1.13,29.9,Universal Analysis Mode,Healthy,Machine is safe. Continue regular monitoring.
SVK,703,1939,49800.0,12.5,1.02,29.82,Universal Analysis Mode,Healthy,Machine is safe. Continue regular monitoring.
SVK,703,1940,49800.0,12.38,1.02,29.75,Universal Analysis Mode,Healthy,Machine is safe. Continue regular monitoring.
SVK,703,1941,49800.0,13.18,1.14,29.78,Universal Analysis Mode,Healthy,Machine is safe. Continue regular monitoring.
SVK,703,1942,49800.0,12.42,1.19,29.59,Universal Analysis Mode,Healthy,Machine is safe. Continue regular monitoring.
SVK,703,1943,49800.0,11.81,1.2,29.34,Universal Analysis Mode,Healthy,Machine is safe. Continue regular monitoring.
SVK,703,1944,49800.0,11.71,1.21,29.29,Universal Analysis Mode,Healthy,Machine is safe. Continue regular monitoring.
SVK,703,1945,49800.0,9.93,1.05,28.95,Universal Analysis Mode,Healthy,Machine is safe. Continue regular monitoring.
SVK,703,1946,49800.0,9.77,1.12,28.85,Universal Analysis Mode,Healthy,Machine is safe. Continue regular monitoring.
SVK,703,1947,49800.0,14.48,1.9,29.8,Universal Analysis Mode,Healthy,Machine is safe. Continue regular monitoring.
SVK,703,1948,49800.0,14.07,1.99,29.82,Universal Analysis Mode,Healthy,Machine is safe. Continue regular monitoring.
SVK,703,1949,49800.0,12.71,1.78,29.37,Universal Analysis Mode,Healthy,Machine is safe. Continue regular monitoring.
SVK,703,1950,49800.0,12.08,1.71,28.68,Universal Analysis Mode,Healthy,Machine is safe. Continue regular monitoring.
SVK,703,1951,49800.0,11.2,1.71,28.49,Universal Analysis Mode,Healthy,Machine is safe. Continue regular monitoring.
SVK,703,1952,49800.0,10.96,1.71,28.47,Universal Analysis Mode,Healthy,Machine is safe. Continue regular monitoring.
SVK,703,1953,49800.0,12.27,1.93,28.98,Universal Analysis Mode,Healthy,Machine is safe. Continue regular monitoring.
SVK,703,1954,49800.0,12.21,1.93,28.88,Universal Analysis Mode,Healthy,Machine is safe. Continue regular monitoring.
SVK,703,1955,49800.0,12.27,1.93,28.54,Universal Analysis Mode,Healthy,Machine is safe. Continue regular monitoring.
SVK,703,1956,49800.0,12.07,1.93,28.52,Universal Analysis Mode,Healthy,Machine is safe. Continue regular monitoring.
SVK,703,1957,49800.0,11.48,1.9,28.25,Universal Analysis Mode,Healthy,Machine is safe. Continue regular monitoring.
SVK,703,1958,49800.0,12.25,2.08,28.69,Universal Analysis Mode,Healthy,Machine is safe. Continue regular monitoring.
SVK,703,1959,49800.0,12.14,2.08,28.72,Universal Analysis Mode,Healthy,Machine is safe. Continue regular monitoring.
SVK,703,1960,49800.0,10.91,1.9,28.65,Universal Analysis Mode,Healthy,Machine is safe. Continue regular monitoring.
SVK,703,1961,49800.0,10.24,1.8,28.61,Universal Analysis Mode,Healthy,Machine is safe. Continue regular monitoring.
SVK,703,1962,49800.0,10.12,1.8,29.47,Universal Analysis Mode,Healthy,Machine is safe. Continue regular monitoring.
SVK,703,1963,49800.0,9.99,1.8,29.3,Universal Analysis Mode,Healthy,Machine is safe. Continue regular monitoring.
SVK,703,1964,49800.0,9.86,1.8,28.38,Universal Analysis Mode,Healthy,Machine is safe. Continue regular monitoring.
SVK,703,1965,49800.0,9.71,1.8,28.99,Universal Analysis Mode,Healthy,Machine is safe. Continue regular monitoring.
SVK,703,1966,49800.0,9.41,1.8,28.34,Universal Analysis Mode,Healthy,Machine is safe. Continue regular monitoring.
SVK,703,1967,49800.0,9.16,1.8,28.23,Universal Analysis Mode,Healthy,Machine is safe. Continue regular monitoring.
SVK,703,1968,49800.0,8.8,1.8,27.98,Universal Analysis Mode,Healthy,Machine is safe. Continue regular monitoring.
SVK,703,1969,49800.0,8.35,1.8,28.1,Universal Analysis Mode,Healthy,Machine is safe. Continue regular monitoring.
SVK,703,1970,49800.0,7.88,1.8,27.85,Universal Analysis Mode,Healthy,Machine is safe. Continue regular monitoring.
SVK,703,1971,49800.0,9.41,2.24,37.41,Universal Analysis Mode,Warning,Maintenance inspection recommended soon.
SVK,703,1972,49800.0,10.09,2.48,37.15,Universal Analysis Mode,Warning,Maintenance inspection recommended soon.
SVK,703,1973,49800.0,12.59,3.29,36.87,Universal Analysis Mode,Warning,Maintenance inspection recommended soon.
SVK,703,1974,49800.0,39.93,11.58,37.62,Universal Analysis Mode,Warning,Maintenance inspection recommended soon.
SVK,703,1975,49800.0,36.44,11.53,39.71,Universal Analysis Mode,Warning,Maintenance inspection recommended soon.
SVK,703,1976,49800.0,38.23,12.8,40.69,Universal Analysis Mode,Warning,Maintenance inspection recommended soon.
SVK,703,1977,49800.0,39.04,13.92,42.88,Universal Analysis Mode,Warning,Maintenance inspection recommended soon.
SVK,703,1978,49800.0,36.54,14.02,43.34,Universal Analysis Mode,Warning,Maintenance inspection recommended soon.
SVK,703,1979,49800.0,74.02,31.61,42.0,Universal Analysis Mode,Warning,Maintenance inspection recommended soon.
SVK,703,1980,49800.0,75.97,36.83,44.64,Universal Analysis Mode,Warning,Maintenance inspection recommended soon.
SVK,703,1981,49800.0,67.14,35.93,45.96,Universal Analysis Mode,Warning,Maintenance inspection recommended soon.
SVK,703,1982,49800.0,58.02,32.97,46.48,Universal Analysis Mode,Warning,Maintenance inspection recommended soon.
SVK,703,1983,49800.0,50.39,29.55,46.46,Universal Analysis Mode,Warning,Maintenance inspection recommended soon.
SVK,703,1984,49800.0,45.82,28.78,47.07,Universal Analysis Mode,Warning,Maintenance inspection recommended soon.
SVK,703,1985,49800.0,43.43,27.56,46.62,Universal Analysis Mode,Warning,Maintenance inspection recommended soon.
SVK,703,1986,49800.0,22.22,14.43,44.11,Universal Analysis Mode,Warning,Maintenance inspection recommended soon.
SVK,703,1987,49800.0,27.46,18.44,42.63,Universal Analysis Mode,Warning,Maintenance inspection recommended soon.
SVK,703,1988,49800.0,21.42,14.92,41.52,Universal Analysis Mode,Warning,Maintenance inspection recommended soon.
SVK,703,1989,49800.0,24.87,18.23,41.7,Universal Analysis Mode,Warning,Maintenance inspection recommended soon.
SVK,703,1990,73000.0,30.88,23.73,44.97,Universal Analysis Mode,Warning,Maintenance inspection recommended soon.
SVK,703,1991,72000.0,24.95,20.0,44.5,Universal Analysis Mode,Warning,Maintenance inspection recommended soon.
SVK,703,1992,70000.0,23.39,19.32,43.41,Universal Analysis Mode,Warning,Maintenance inspection recommended soon.
SVK,703,1993,70000.0,20.01,16.97,36.73,Universal Analysis Mode,Warning,Maintenance inspection recommended soon.
SVK,703,1994,68000.0,18.26,15.82,34.98,Universal Analysis Mode,Warning,Maintenance inspection recommended soon.
SVK,703,1995,74000.0,19.1,17.02,34.32,Universal Analysis Mode,Warning,Maintenance inspection recommended soon.
SVK,703,1996,71000.0,22.48,20.67,35.36,Universal Analysis Mode,Warning,Maintenance inspection recommended soon.
SVK,703,1997,63000.0,20.38,19.09,34.75,Universal Analysis Mode,Warning,Maintenance inspection recommended soon.
SVK,703,1998,61000.0,13.62,12.72,31.68,Universal Analysis Mode,Warning,Maintenance inspection recommended soon.
SVK,703,1999,59000.0,18.56,17.97,34.64,Universal Analysis Mode,Warning,Maintenance inspection recommended soon.
SVK,703,2000,60000.0,28.5,28.5,39.56,Universal Analysis Mode,Warning,Maintenance inspection recommended soon.
SVK,703,2001,54000.0,23.7,24.44,39.43,Universal Analysis Mode,Warning,Maintenance inspection recommended soon.
SVK,703,2002,49800.0,23.72,25.02,38.15,Universal Analysis Mode,Warning,Maintenance inspection recommended soon.
SVK,703,2003,62499.0,26.54,28.83,43.62,Universal Analysis Mode,Warning,Maintenance inspection recommended soon.
SVK,703,2004,42728.4,34.3,38.26,42.95,Universal Analysis Mode,Warning,Maintenance inspection recommended soon.
SVK,703,2005,34860.0,47.26,54.52,44.88,Universal Analysis Mode,Warning,Maintenance inspection recommended soon.
SVK,703,2006,30876.0,55.37,65.14,44.22,Universal Analysis Mode,Warning,Maintenance inspection recommended soon.
SVK,703,2007,23904.0,60.12,72.39,42.97,Universal Analysis Mode,Warning,Maintenance inspection recommended soon.
SVK,703,2008,20916.0,77.79,97.26,43.87,Universal Analysis Mode,Warning,Maintenance inspection recommended soon.
SVK,703,2009,9960.0,49.5,61.67,34.97,Universal Analysis Mode,Warning,Maintenance inspection recommended soon.
SVK,703,2010,9960.0,62.78,79.5,36.79,Universal Analysis Mode,Warning,Maintenance inspection recommended soon.
SVK,703,2011,9960.0,85.17,111.26,37.29,Universal Analysis Mode,Warning,Maintenance inspection recommended soon.
SVK,703,2012,9960.0,83.75,111.67,35.97,Universal Analysis Mode,Warning,Maintenance inspection recommended soon.
SVK,703,2013,9960.0,80.32,108.66,36.17,Universal Analysis Mode,Warning,Maintenance inspection recommended soon.
SVK,703,2014,9960.0,71.97,98.95,42.65,Universal Analysis Mode,Warning,Maintenance inspection recommended soon.
SVN,705,1932,49800.0,10.86,0.87,29.71,Universal Analysis Mode,Healthy,Machine is safe. Continue regular monitoring.
SVN,705,1933,49800.0,8.82,0.67,29.69,Universal Analysis Mode,Healthy,Machine is safe. Continue regular monitoring.
SVN,705,1934,49800.0,12.72,1.0,30.17,Universal Analysis Mode,Warning,Maintenance inspection recommended soon.
SVN,705,1935,49800.0,12.04,0.97,29.82,Universal Analysis Mode,Healthy,Machine is safe. Continue regular monitoring.
SVN,705,1936,49800.0,13.38,1.09,30.12,Universal Analysis Mode,Warning,Maintenance inspection recommended soon.
SVN,705,1937,49800.0,13.98,1.18,29.89,Universal Analysis Mode,Healthy,Machine is safe. Continue regular monitoring.
SVN,705,1938,49800.0,13.66,1.13,29.92,Universal Analysis Mode,Healthy,Machine is safe. Continue regular monitoring.
SVN,705,1939,49800.0,12.5,1.02,29.84,Universal Analysis Mode,Healthy,Machine is safe. Continue regular monitoring.
SVN,705,1940,49800.0,12.38,1.02,29.77,Universal Analysis Mode,Healthy,Machine is safe. Continue regular monitoring.
SVN,705,1941,49800.0,13.18,1.14,29.8,Universal Analysis Mode,Healthy,Machine is safe. Continue regular monitoring.
SVN,705,1942,49800.0,12.42,1.19,29.61,Universal Analysis Mode,Healthy,Machine is safe. Continue regular monitoring.
SVN,705,1943,49800.0,11.81,1.2,29.36,Universal Analysis Mode,Healthy,Machine is safe. Continue regular monitoring.
SVN,705,1944,49800.0,11.71,1.21,29.31,Universal Analysis Mode,Healthy,Machine is safe. Continue regular monitoring.
SVN,705,1945,49800.0,9.93,1.05,28.97,Universal Analysis Mode,Healthy,Machine is safe. Continue regular monitoring.
SVN,705,1946,49800.0,9.77,1.12,28.86,Universal Analysis Mode,Healthy,Machine is safe. Continue regular monitoring.
SVN,705,1947,49800.0,14.48,1.9,29.81,Universal Analysis Mode,Healthy,Machine is safe. Continue regular monitoring.
SVN,705,1948,49800.0,14.07,1.99,29.84,Universal Analysis Mode,Healthy,Machine is safe. Continue regular monitoring.
SVN,705,1949,49800.0,12.71,1.78,29.39,Universal Analysis Mode,Healthy,Machine is safe. Continue regular monitoring.
SVN,705,1950,49800.0,12.08,1.71,28.45,Universal Analysis Mode,Healthy,Machine is safe. Continue regular monitoring.
SVN,705,1951,49800.0,11.2,1.71,28.26,Universal Analysis Mode,Healthy,Machine is safe. Continue regular monitoring.
SVN,705,1952,49800.0,10.96,1.71,28.23,Universal Analysis Mode,Healthy,Machine is safe. Continue regular monitoring.
SVN,705,1953,49800.0,12.27,1.93,28.74,Universal Analysis Mode,Healthy,Machine is safe. Continue regular monitoring.
SVN,705,1954,49800.0,12.21,1.93,28.64,Universal Analysis Mode,Healthy,Machine is safe. Continue regular monitoring.
SVN,705,1955,49800.0,12.27,1.93,28.29,Universal Analysis Mode,Healthy,Machine is safe. Continue regular monitoring.
SVN,705,1956,49800.0,12.07,1.93,28.27,Universal Analysis Mode,Healthy,Machine is safe. Continue regular monitoring.
SVN,705,1957,49800.0,11.48,1.9,27.99,Universal Analysis Mode,Healthy,Machine is safe. Continue regular monitoring.
SVN,705,1958,49800.0,12.25,2.08,28.44,Universal Analysis Mode,Healthy,Machine is safe. Continue regular monitoring.
SVN,705,1959,49800.0,12.14,2.08,28.45,Universal Analysis Mode,Healthy,Machine is safe. Continue regular monitoring.
SVN,705,1960,49800.0,10.91,1.9,28.39,Universal Analysis Mode,Healthy,Machine is safe. Continue regular monitoring.
SVN,705,1961,49800.0,10.24,1.8,28.33,Universal Analysis Mode,Healthy,Machine is safe. Continue regular monitoring.
SVN,705,1962,49800.0,10.12,1.8,29.19,Universal Analysis Mode,Healthy,Machine is safe. Continue regular monitoring.
SVN,705,1963,49800.0,9.99,1.8,29.01,Universal Analysis Mode,Healthy,Machine is safe. Continue regular monitoring.
SVN,705,1964,49800.0,9.86,1.8,28.09,Universal Analysis Mode,Healthy,Machine is safe. Continue regular monitoring.
SVN,705,1965,49800.0,9.71,1.8,28.7,Universal Analysis Mode,Healthy,Machine is safe. Continue regular monitoring.
SVN,705,1966,49800.0,9.41,1.8,28.05,Universal Analysis Mode,Healthy,Machine is safe. Continue regular monitoring.
SVN,705,1967,49800.0,9.16,1.8,27.93,Universal Analysis Mode,Healthy,Machine is safe. Continue regular monitoring.
SVN,705,1968,49800.0,8.8,1.8,27.68,Universal Analysis Mode,Healthy,Machine is safe. Continue regular monitoring.
SVN,705,1969,49800.0,8.35,1.8,27.8,Universal Analysis Mode,Healthy,Machine is safe. Continue regular monitoring.
SVN,705,1970,49800.0,7.88,1.8,27.54,Universal Analysis Mode,Healthy,Machine is safe. Continue regular monitoring.
SVN,705,1971,49800.0,9.41,2.24,27.87,Universal Analysis Mode,Healthy,Machine is safe. Continue regular monitoring.
SVN,705,1972,49800.0,10.09,2.48,27.88,Universal Analysis Mode,Healthy,Machine is safe. Continue regular monitoring.
SVN,705,1973,49800.0,12.59,3.29,28.11,Universal Analysis Mode,Healthy,Machine is safe. Continue regular monitoring.
SVN,705,1974,49800.0,39.93,11.58,29.98,Universal Analysis Mode,Healthy,Machine is safe. Continue regular monitoring.
SVN,705,1975,49800.0,36.44,11.53,30.23,Universal Analysis Mode,Warning,Maintenance inspection recommended soon.
SVN,705,1976,49800.0,38.23,12.8,31.82,Universal Analysis Mode,Warning,Maintenance inspection recommended soon.
SVN,705,1977,49800.0,39.04,13.92,33.02,Universal Analysis Mode,Warning,Maintenance inspection recommended soon.
SVN,705,1978,61000.0,36.54,14.02,39.78,Universal Analysis Mode,Warning,Maintenance inspection recommended soon.
SVN,705,1979,52000.0,74.02,31.61,43.83,Universal Analysis Mode,Warning,Maintenance inspection recommended soon.
SVN,705,1980,42000.0,75.97,36.83,44.07,Universal Analysis Mode,Warning,Maintenance inspection recommended soon.
SVN,705,1981,39000.0,67.14,35.93,44.12,Universal Analysis Mode,Warning,Maintenance inspection recommended soon.
SVN,705,1982,35000.0,58.02,32.97,42.15,Universal Analysis Mode,Warning,Maintenance inspection recommended soon.
SVN,705,1983,37000.0,50.39,29.55,41.47,Universal Analysis Mode,Warning,Maintenance inspection recommended soon.
SVN,705,1984,35000.0,45.82,28.78,40.72,Universal Analysis Mode,Warning,Maintenance inspection recommended soon.
SVN,705,1985,66000.0,43.43,27.56,44.25,Universal Analysis Mode,Warning,Maintenance inspection recommended soon.
SVN,705,1986,87000.0,22.22,14.43,39.28,Universal Analysis Mode,Warning,Maintenance inspection recommended soon.
SVN,705,1987,96000.0,27.46,18.44,40.84,Universal Analysis Mode,Warning,Maintenance inspection recommended soon.
SVN,705,1988,98000.0,21.42,14.92,37.15,Universal Analysis Mode,Warning,Maintenance inspection recommended soon.
SVN,705,1989,97000.0,24.87,18.23,39.46,Universal Analysis Mode,Warning,Maintenance inspection recommended soon.
SVN,705,1990,73000.0,30.88,23.73,41.06,Universal Analysis Mode,Warning,Maintenance inspection recommended soon.
SVN,705,1991,71000.0,24.95,20.0,39.72,Universal Analysis Mode,Warning,Maintenance inspection recommended soon.
SVN,705,1992,2000.0,23.39,19.32,24.0,Universal Analysis Mode,Healthy,Machine is safe. Continue regular monitoring.
SVN,705,1993,67000.0,20.01,16.97,30.48,Universal Analysis Mode,Warning,Maintenance inspection recommended soon.
SVN,705,1994,67000.0,18.26,15.82,29.73,Universal Analysis Mode,Healthy,Machine is safe. Continue regular monitoring.
SVN,705,1995,74000.0,19.1,17.02,30.03,Universal Analysis Mode,Warning,Maintenance inspection recommended soon.
SVN,705,1996,71000.0,22.48,20.67,31.19,Universal Analysis Mode,Warning,Maintenance inspection recommended soon.
SVN,705,1997,64000.0,20.38,19.09,30.4,Universal Analysis Mode,Warning,Maintenance inspection recommended soon.
SVN,705,1998,60000.0,13.62,12.72,27.32,Universal Analysis Mode,Healthy,Machine is safe. Continue regular monitoring.
SVN,705,1999,66000.0,18.56,17.97,30.04,Universal Analysis Mode,Warning,Maintenance inspection recommended soon.
SVN,705,2000,59000.0,28.5,28.5,34.17,Universal Analysis Mode,Warning,Maintenance inspection recommended soon.
SVN,705,2001,697.2,23.7,24.44,29.02,Universal Analysis Mode,Healthy,Machine is safe. Continue regular monitoring.
SVN,705,2002,697.2,23.72,25.02,28.62,Universal Analysis Mode,Healthy,Machine is safe. Continue regular monitoring.
SVN,705,2003,498.0,26.54,28.83,33.65,Universal Analysis Mode,Warning,Maintenance inspection recommended soon.
SVN,705,2004,298.8,34.3,38.26,34.14,Universal Analysis Mode,Warning,Maintenance inspection recommended soon.
SVN,705,2005,249.0,47.26,54.52,35.45,Universal Analysis Mode,Warning,Maintenance inspection recommended soon.
SVN,705,2006,249.0,55.37,65.14,34.77,Universal Analysis Mode,Warning,Maintenance inspection recommended soon.
SVN,705,2007,249.0,60.12,72.39,31.75,Universal Analysis Mode,Warning,Maintenance inspection recommended soon.
SVN,705,2008,249.0,77.79,97.26,32.4,Universal Analysis Mode,Warning,Maintenance inspection recommended soon.
SVN,705,2009,249.0,49.5,61.67,29.36,Universal Analysis Mode,Healthy,Machine is safe. Continue regular monitoring.
SVN,705,2010,249.0,62.78,79.5,33.46,Universal Analysis Mode,Warning,Maintenance inspection recommended soon.
SVN,705,2011,249.0,85.17,111.26,32.3,Universal Analysis Mode,Warning,Maintenance inspection recommended soon.
SVN,705,2012,249.0,83.75,111.67,31.22,Universal Analysis Mode,Warning,Maintenance inspection recommended soon.
SVN,705,2013,249.0,80.32,108.66,31.41,Universal Analysis Mode,Warning,Maintenance inspection recommended soon.
SVN,705,2014,249.0,71.97,98.95,36.16,Universal Analysis Mode,Warning,Maintenance inspection recommended soon.
SLB,90,1932,49800.0,10.86,0.87,28.67,Universal Analysis Mode,Healthy,Machine is safe. Continue regular monitoring.
SLB,90,1933,49800.0,8.82,0.67,28.65,Universal Analysis Mode,Healthy,Machine is safe. Continue regular monitoring.
SLB,90,1934,49800.0,12.72,1.0,29.12,Universal Analysis Mode,Healthy,Machine is safe. Continue regular monitoring.
SLB,90,1935,49800.0,12.04,0.97,28.77,Universal Analysis Mode,Healthy,Machine is safe. Continue regular monitoring.
SLB,90,1936,49800.0,13.38,1.09,29.08,Universal Analysis Mode,Healthy,Machine is safe. Continue regular monitoring.
SLB,90,1937,49800.0,13.98,1.18,28.84,Universal Analysis Mode,Healthy,Machine is safe. Continue regular monitoring.
SLB,90,1938,49800.0,13.66,1.13,28.87,Universal Analysis Mode,Healthy,Machine is safe. Continue regular monitoring.
SLB,90,1939,49800.0,12.5,1.02,28.8,Universal Analysis Mode,Healthy,Machine is safe. Continue regular monitoring.
SLB,90,1940,49800.0,12.38,1.02,28.72,Universal Analysis Mode,Healthy,Machine is safe. Continue regular monitoring.
SLB,90,1941,49800.0,13.18,1.14,28.75,Universal Analysis Mode,Healthy,Machine is safe. Continue regular monitoring.
SLB,90,1942,49800.0,12.42,1.19,28.56,Universal Analysis Mode,Healthy,Machine is safe. Continue regular monitoring.
SLB,90,1943,49800.0,11.81,1.2,28.31,Universal Analysis Mode,Healthy,Machine is safe. Continue regular monitoring.
SLB,90,1944,49800.0,11.71,1.21,28.27,Universal Analysis Mode,Healthy,Machine is safe. Continue regular monitoring.
SLB,90,1945,49800.0,9.93,1.05,27.93,Universal Analysis Mode,Healthy,Machine is safe. Continue regular monitoring.
SLB,90,1946,49800.0,9.77,1.12,27.82,Universal Analysis Mode,Healthy,Machine is safe. Continue regular monitoring.
SLB,90,1947,49800.0,14.48,1.9,28.77,Universal Analysis Mode,Healthy,Machine is safe. Continue regular monitoring.
SLB,90,1948,49800.0,14.07,1.99,28.79,Universal Analysis Mode,Healthy,Machine is safe. Continue regular monitoring.
SLB,90,1949,49800.0,12.71,1.78,28.35,Universal Analysis Mode,Healthy,Machine is safe. Continue regular monitoring.
SLB,90,1950,49800.0,12.08,1.71,27.03,Universal Analysis Mode,Healthy,Machine is safe. Continue regular monitoring.
SLB,90,1951,49800.0,11.2,1.71,26.83,Universal Analysis Mode,Healthy,Machine is safe. Continue regular monitoring.
SLB,90,1952,49800.0,10.96,1.71,26.81,Universal Analysis Mode,Healthy,Machine is safe. Continue regular monitoring.
SLB,90,1953,49800.0,12.27,1.93,27.32,Universal Analysis Mode,Healthy,Machine is safe. Continue regular monitoring.
SLB,90,1954,49800.0,12.21,1.93,27.21,Universal Analysis Mode,Healthy,Machine is safe. Continue regular monitoring.
SLB,90,1955,49800.0,12.27,1.93,26.86,Universal Analysis Mode,Healthy,Machine is safe. Continue regular monitoring.
SLB,90,1956,49800.0,12.07,1.93,26.84,Universal Analysis Mode,Healthy,Machine is safe. Continue regular monitoring.
SLB,90,1957,49800.0,11.48,1.9,26.57,Universal Analysis Mode,Healthy,Machine is safe. Continue regular monitoring.
SLB,90,1958,49800.0,12.25,2.08,27.01,Universal Analysis Mode,Healthy,Machine is safe. Continue regular monitoring.
SLB,90,1959,49800.0,12.14,2.08,27.03,Universal Analysis Mode,Healthy,Machine is safe. Continue regular monitoring.
SLB,90,1960,49800.0,10.91,1.9,26.96,Universal Analysis Mode,Healthy,Machine is safe. Continue regular monitoring.
SLB,90,1961,49800.0,10.24,1.8,26.9,Universal Analysis Mode,Healthy,Machine is safe. Continue regular monitoring.
SLB,90,1962,49800.0,10.12,1.8,27.76,Universal Analysis Mode,Healthy,Machine is safe. Continue regular monitoring.
SLB,90,1963,49800.0,9.99,1.8,27.58,Universal Analysis Mode,Healthy,Machine is safe. Continue regular monitoring.
SLB,90,1964,49800.0,9.86,1.8,26.66,Universal Analysis Mode,Healthy,Machine is safe. Continue regular monitoring.
SLB,90,1965,49800.0,9.71,1.8,27.27,Universal Analysis Mode,Healthy,Machine is safe. Continue regular monitoring.
SLB,90,1966,49800.0,9.41,1.8,26.62,Universal Analysis Mode,Healthy,Machine is safe. Continue regular monitoring.
SLB,90,1967,49800.0,9.16,1.8,26.5,Universal Analysis Mode,Healthy,Machine is safe. Continue regular monitoring.
SLB,90,1968,49800.0,8.8,1.8,26.25,Universal Analysis Mode,Healthy,Machine is safe. Continue regular monitoring.
SLB,90,1969,49800.0,8.35,1.8,26.36,Universal Analysis Mode,Healthy,Machine is safe. Continue regular monitoring.
SLB,90,1970,49800.0,7.88,1.8,26.11,Universal Analysis Mode,Healthy,Machine is safe. Continue regular monitoring.
SLB,90,1971,49800.0,9.41,2.24,26.44,Universal Analysis Mode,Healthy,Machine is safe. Continue regular monitoring.
SLB,90,1972,49800.0,10.09,2.48,26.45,Universal Analysis Mode,Healthy,Machine is safe. Continue regular monitoring.
SLB,90,1973,49800.0,12.59,3.29,26.68,Universal Analysis Mode,Healthy,Machine is safe. Continue regular monitoring.
SLB,90,1974,49800.0,39.93,11.58,28.55,Universal Analysis Mode,Healthy,Machine is safe. Continue regular monitoring.
SLB,90,1975,49800.0,36.44,11.53,28.81,Universal Analysis Mode,Healthy,Machine is safe. Continue regular monitoring.
SLB,90,1976,49800.0,38.23,12.8,30.4,Universal Analysis Mode,Warning,Maintenance inspection recommended soon.
SLB,90,1977,49800.0,39.04,13.92,31.6,Universal Analysis Mode,Warning,Maintenance inspection recommended soon.
SLB,90,1978,0.0,36.54,14.02,27.72,Universal Analysis Mode,Healthy,Machine is safe. Continue regular monitoring.
SLB,90,1979,0.0,74.02,31.61,30.1,Universal Analysis Mode,Warning,Maintenance inspection recommended soon.
SLB,90,1980,0.0,75.97,36.83,31.33,Universal Analysis Mode,Warning,Maintenance inspection recommended soon.
SLB,90,1981,0.0,67.14,35.93,31.82,Universal Analysis Mode,Warning,Maintenance inspection recommended soon.
SLB,90,1982,0.0,58.02,32.97,31.91,Universal Analysis Mode,Warning,Maintenance inspection recommended soon.
SLB,90,1983,0.0,50.39,29.55,31.51,Universal Analysis Mode,Warning,Maintenance inspection recommended soon.
SLB,90,1984,0.0,45.82,28.78,31.14,Universal Analysis Mode,Warning,Maintenance inspection recommended soon.
SLB,90,1985,0.0,43.43,27.56,30.87,Universal Analysis Mode,Warning,Maintenance inspection recommended soon.
SLB,90,1986,0.0,22.22,14.43,28.47,Universal Analysis Mode,Healthy,Machine is safe. Continue regular monitoring.
SLB,90,1987,0.0,27.46,18.44,27.54,Universal Analysis Mode,Healthy,Machine is safe. Continue regular monitoring.
SLB,90,1988,0.0,21.42,14.92,25.96,Universal Analysis Mode,Healthy,Machine is safe. Continue regular monitoring.
SLB,90,1989,0.0,24.87,18.23,26.42,Universal Analysis Mode,Healthy,Machine is safe. Continue regular monitoring.
SLB,90,1990,0.0,30.88,23.73,28.39,Universal Analysis Mode,Healthy,Machine is safe. Continue regular monitoring.
SLB,90,1991,0.0,24.95,20.0,28.27,Universal Analysis Mode,Healthy,Machine is safe. Continue regular monitoring.
SLB,90,1992,0.0,23.39,19.32,26.74,Universal Analysis Mode,Healthy,Machine is safe. Continue regular monitoring.
SLB,90,1993,0.0,20.01,16.97,26.33,Universal Analysis Mode,Healthy,Machine is safe. Continue regular monitoring.
SLB,90,1994,0.0,18.26,15.82,25.77,Universal Analysis Mode,Healthy,Machine is safe. Continue regular monitoring.
SLB,90,1995,0.0,19.1,17.02,25.7,Universal Analysis Mode,Healthy,Machine is safe. Continue regular monitoring.
SLB,90,1996,0.0,22.48,20.67,26.47,Universal Analysis Mode,Healthy,Machine is safe. Continue regular monitoring.
SLB,90,1997,0.0,20.38,19.09,26.29,Universal Analysis Mode,Healthy,Machine is safe. Continue regular monitoring.
SLB,90,1998,0.0,13.62,12.72,25.26,Universal Analysis Mode,Healthy,Machine is safe. Continue regular monitoring.
SLB,90,1999,0.0,18.56,17.97,26.0,Universal Analysis Mode,Healthy,Machine is safe. Continue regular monitoring.
SLB,90,2000,0.0,28.5,28.5,29.17,Universal Analysis Mode,Healthy,Machine is safe. Continue regular monitoring.
SLB,90,2001,0.0,23.7,24.44,29.11,Universal Analysis Mode,Healthy,Machine is safe. Continue regular monitoring.
SLB,90,2002,0.0,23.72,25.02,28.69,Universal Analysis Mode,Healthy,Machine is safe. Continue regular monitoring.
SLB,90,2003,0.0,26.54,28.83,30.8,Universal Analysis Mode,Warning,Maintenance inspection recommended soon.
SLB,90,2004,0.0,34.3,38.26,31.3,Universal Analysis Mode,Warning,Maintenance inspection recommended soon.
SLB,90,2005,0.0,47.26,54.52,32.55,Universal Analysis Mode,Warning,Maintenance inspection recommended soon.
SLB,90,2006,0.0,55.37,65.14,31.97,Universal Analysis Mode,Warning,Maintenance inspection recommended soon.
SLB,90,2007,0.0,60.12,72.39,31.92,Universal Analysis Mode,Warning,Maintenance inspection recommended soon.
SLB,90,2008,0.0,77.79,97.26,32.58,Universal Analysis Mode,Warning,Maintenance inspection recommended soon.
SLB,90,2009,0.0,49.5,61.67,29.46,Universal Analysis Mode,Healthy,Machine is safe. Continue regular monitoring.
SLB,90,2010,0.0,62.78,79.5,30.67,Universal Analysis Mode,Warning,Maintenance inspection recommended soon.
SLB,90,2011,0.0,85.17,111.26,30.13,Universal Analysis Mode,Warning,Maintenance inspection recommended soon.
SLB,90,2012,0.0,83.75,111.67,29.0,Universal Analysis Mode,Healthy,Machine is safe. Continue regular monitoring.
SLB,90,2013,0.0,80.32,108.66,29.23,Universal Analysis Mode,Healthy,Machine is safe. Continue regular monitoring.
SLB,90,2014,0.0,71.97,98.95,30.28,Universal Analysis Mode,Warning,Maintenance inspection recommended soon.
SOM,706,1932,49800.0,10.86,0.87,29.72,Universal Analysis Mode,Healthy,Machine is safe. Continue regular monitoring.
SOM,706,1933,49800.0,8.82,0.67,29.7,Universal Analysis Mode,Healthy,Machine is safe. Continue regular monitoring.
SOM,706,1934,49800.0,12.72,1.0,30.18,Universal Analysis Mode,Warning,Maintenance inspection recommended soon.
SOM,706,1935,49800.0,12.04,0.97,29.83,Universal Analysis Mode,Healthy,Machine is safe. Continue regular monitoring.
SOM,706,1936,49800.0,13.38,1.09,30.13,Universal Analysis Mode,Warning,Maintenance inspection recommended soon.
SOM,706,1937,49800.0,13.98,1.18,29.9,Universal Analysis Mode,Healthy,Machine is safe. Continue regular monitoring.
SOM,706,1938,49800.0,13.66,1.13,29.93,Universal Analysis Mode,Healthy,Machine is safe. Continue regular monitoring.
SOM,706,1939,49800.0,12.5,1.02,29.85,Universal Analysis Mode,Healthy,Machine is safe. Continue regular monitoring.
SOM,706,1940,49800.0,12.38,1.02,29.78,Universal Analysis Mode,Healthy,Machine is safe. Continue regular monitoring.
SOM,706,1941,49800.0,13.18,1.14,29.8,Universal Analysis Mode,Healthy,Machine is safe. Continue regular monitoring.
SOM,706,1942,49800.0,12.42,1.19,29.62,Universal Analysis Mode,Healthy,Machine is safe. Continue regular monitoring.
SOM,706,1943,49800.0,11.81,1.2,29.37,Universal Analysis Mode,Healthy,Machine is safe. Continue regular monitoring.
SOM,706,1944,49800.0,11.71,1.21,29.32,Universal Analysis Mode,Healthy,Machine is safe. Continue regular monitoring.
SOM,706,1945,49800.0,9.93,1.05,28.98,Universal Analysis Mode,Healthy,Machine is safe. Continue regular monitoring.
SOM,706,1946,49800.0,9.77,1.12,28.87,Universal Analysis Mode,Healthy,Machine is safe. Continue regular monitoring.
SOM,706,1947,49800.0,14.48,1.9,29.82,Universal Analysis Mode,Healthy,Machine is safe. Continue regular monitoring.
SOM,706,1948,49800.0,14.07,1.99,29.85,Universal Analysis Mode,Healthy,Machine is safe. Continue regular monitoring.
SOM,706,1949,49800.0,12.71,1.78,29.4,Universal Analysis Mode,Healthy,Machine is safe. Continue regular monitoring.
SOM,706,1950,49800.0,12.08,1.71,28.58,Universal Analysis Mode,Healthy,Machine is safe. Continue regular monitoring.
SOM,706,1951,49800.0,11.2,1.71,28.39,Universal Analysis Mode,Healthy,Machine is safe. Continue regular monitoring.
SOM,706,1952,49800.0,10.96,1.71,28.37,Universal Analysis Mode,Healthy,Machine is safe. Continue regular monitoring.
SOM,706,1953,49800.0,12.27,1.93,28.88,Universal Analysis Mode,Healthy,Machine is safe. Continue regular monitoring.
SOM,706,1954,49800.0,12.21,1.93,28.78,Universal Analysis Mode,Healthy,Machine is safe. Continue regular monitoring.
SOM,706,1955,49800.0,12.27,1.93,28.43,Universal Analysis Mode,Healthy,Machine is safe. Continue regular monitoring.
SOM,706,1956,49800.0,12.07,1.93,28.42,Universal Analysis Mode,Healthy,Machine is safe. Continue regular monitoring.
SOM,706,1957,49800.0,11.48,1.9,28.15,Universal Analysis Mode,Healthy,Machine is safe. Continue regular monitoring.
SOM,706,1958,49800.0,12.25,2.08,28.6,Universal Analysis Mode,Healthy,Machine is safe. Continue regular monitoring.
SOM,706,1959,49800.0,12.14,2.08,28.63,Universal Analysis Mode,Healthy,Machine is safe. Continue regular monitoring.
SOM,706,1960,0.0,10.91,1.9,25.03,Universal Analysis Mode,Healthy,Machine is safe. Continue regular monitoring.
SOM,706,1961,0.0,10.24,1.8,24.98,Universal Analysis Mode,Healthy,Machine is safe. Continue regular monitoring.
SOM,706,1962,0.0,10.12,1.8,25.85,Universal Analysis Mode,Healthy,Machine is safe. Continue regular monitoring.
SOM,706,1963,0.0,9.99,1.8,25.68,Universal Analysis Mode,Healthy,Machine is safe. Continue regular monitoring.
SOM,706,1964,0.0,9.86,1.8,24.77,Universal Analysis Mode,Healthy,Machine is safe. Continue regular monitoring.
SOM,706,1965,0.0,9.71,1.8,25.38,Universal Analysis Mode,Healthy,Machine is safe. Continue regular monitoring.
SOM,706,1966,0.0,9.41,1.8,24.73,Universal Analysis Mode,Healthy,Machine is safe. Continue regular monitoring.
SOM,706,1967,0.0,9.16,1.8,24.62,Universal Analysis Mode,Healthy,Machine is safe. Continue regular monitoring.
SOM,706,1968,0.0,8.8,1.8,24.38,Universal Analysis Mode,Healthy,Machine is safe. Continue regular monitoring.
SOM,706,1969,0.0,8.35,1.8,24.5,Universal Analysis Mode,Healthy,Machine is safe. Continue regular monitoring.
SOM,706,1970,0.0,7.88,1.8,24.25,Universal Analysis Mode,Healthy,Machine is safe. Continue regular monitoring.
SOM,706,1971,0.0,9.41,2.24,24.59,Universal Analysis Mode,Healthy,Machine is safe. Continue regular monitoring.
SOM,706,1972,0.0,10.09,2.48,24.61,Universal Analysis Mode,Healthy,Machine is safe. Continue regular monitoring.
SOM,706,1973,0.0,12.59,3.29,24.84,Universal Analysis Mode,Healthy,Machine is safe. Continue regular monitoring.
SOM,706,1974,0.0,39.93,11.58,26.72,Universal Analysis Mode,Healthy,Machine is safe. Continue regular monitoring.
SOM,706,1975,0.0,36.44,11.53,26.98,Universal Analysis Mode,Healthy,Machine is safe. Continue regular monitoring.
SOM,706,1976,0.0,38.23,12.8,28.58,Universal Analysis Mode,Healthy,Machine is safe. Continue regular monitoring.
SOM,706,1977,0.0,39.04,13.92,29.78,Universal Analysis Mode,Healthy,Machine is safe. Continue regular monitoring.
SOM,706,1978,0.0,36.54,14.02,29.48,Universal Analysis Mode,Healthy,Machine is safe. Continue regular monitoring.
SOM,706,1979,0.0,74.02,31.61,31.89,Universal Analysis Mode,Warning,Maintenance inspection recommended soon.
SOM,706,1980,0.0,75.97,36.83,33.13,Universal Analysis Mode,Warning,Maintenance inspection recommended soon.
SOM,706,1981,0.0,67.14,35.93,33.61,Universal Analysis Mode,Warning,Maintenance inspection recommended soon.
SOM,706,1982,0.0,58.02,32.97,33.69,Universal Analysis Mode,Warning,Maintenance inspection recommended soon.
SOM,706,1983,0.0,50.39,29.55,33.3,Universal Analysis Mode,Warning,Maintenance inspection recommended soon.
SOM,706,1984,0.0,45.82,28.78,33.31,Universal Analysis Mode,Warning,Maintenance inspection recommended soon.
SOM,706,1985,0.0,43.43,27.56,33.06,Universal Analysis Mode,Warning,Maintenance inspection recommended soon.
SOM,706,1986,0.0,22.22,14.43,28.31,Universal Analysis Mode,Healthy,Machine is safe. Continue regular monitoring.
SOM,706,1987,0.0,27.46,18.44,27.42,Universal Analysis Mode,Healthy,Machine is safe. Continue regular monitoring.
SOM,706,1988,0.0,21.42,14.92,25.83,Universal Analysis Mode,Healthy,Machine is safe. Continue regular monitoring.
SOM,706,1989,0.0,24.87,18.23,26.26,Universal Analysis Mode,Healthy,Machine is safe. Continue regular monitoring.
SOM,706,1990,0.0,30.88,23.73,27.54,Universal Analysis Mode,Healthy,Machine is safe. Continue regular monitoring.
SOM,706,1991,0.0,24.95,20.0,27.14,Universal Analysis Mode,Healthy,Machine is safe. Continue regular monitoring.
SOM,706,1992,0.0,23.39,19.32,25.18,Universal Analysis Mode,Healthy,Machine is safe. Continue regular monitoring.
SOM,706,1993,0.0,20.01,16.97,24.77,Universal Analysis Mode,Healthy,Machine is safe. Continue regular monitoring.
SOM,706,1994,0.0,18.26,15.82,24.6,Universal Analysis Mode,Healthy,Machine is safe. Continue regular monitoring.
SOM,706,1995,0.0,19.1,17.02,24.54,Universal Analysis Mode,Healthy,Machine is safe. Continue regular monitoring.
SOM,706,1996,0.0,22.48,20.67,25.6,Universal Analysis Mode,Healthy,Machine is safe. Continue regular monitoring.
SOM,706,1997,0.0,20.38,19.09,25.44,Universal Analysis Mode,Healthy,Machine is safe. Continue regular monitoring.
SOM,706,1998,0.0,13.62,12.72,24.46,Universal Analysis Mode,Healthy,Machine is safe. Continue regular monitoring.
SOM,706,1999,0.0,18.56,17.97,25.22,Universal Analysis Mode,Healthy,Machine is safe. Continue regular monitoring.
SOM,706,2000,0.0,28.5,28.5,31.7,Universal Analysis Mode,Warning,Maintenance inspection recommended soon.
SOM,706,2001,0.0,23.7,24.44,31.67,Universal Analysis Mode,Warning,Maintenance inspection recommended soon.
SOM,706,2002,0.0,23.72,25.02,31.29,Universal Analysis Mode,Warning,Maintenance inspection recommended soon.
SOM,706,2003,0.0,26.54,28.83,33.44,Universal Analysis Mode,Warning,Maintenance inspection recommended soon.
SOM,706,2004,0.0,34.3,38.26,33.98,Universal Analysis Mode,Warning,Maintenance inspection recommended soon.
SOM,706,2005,0.0,47.26,54.52,35.27,Universal Analysis Mode,Warning,Maintenance inspection recommended soon.
SOM,706,2006,0.0,55.37,65.14,31.39,Universal Analysis Mode,Warning,Maintenance inspection recommended soon.
SOM,706,2007,0.0,60.12,72.39,31.44,Universal Analysis Mode,Warning,Maintenance inspection recommended soon.
SOM,706,2008,0.0,77.79,97.26,32.13,Universal Analysis Mode,Warning,Maintenance inspection recommended soon.
SOM,706,2009,0.0,49.5,61.67,32.29,Universal Analysis Mode,Warning,Maintenance inspection recommended soon.
SOM,706,2010,0.0,62.78,79.5,32.57,Universal Analysis Mode,Warning,Maintenance inspection recommended soon.
SOM,706,2011,0.0,85.17,111.26,32.04,Universal Analysis Mode,Warning,Maintenance inspection recommended soon.
SOM,706,2012,0.0,83.75,111.67,30.96,Universal Analysis Mode,Warning,Maintenance inspection recommended soon.
SOM,706,2013,0.0,80.32,108.66,31.22,Universal Analysis Mode,Warning,Maintenance inspection recommended soon.
SOM,706,2014,0.0,71.97,98.95,32.28,Universal Analysis Mode,Warning,Maintenance inspection recommended soon.
ZAF,710,1932,49800.0,10.86,0.87,30.54,Universal Analysis Mode,Warning,Maintenance inspection recommended soon.
ZAF,710,1933,49800.0,8.82,0.67,30.52,Universal Analysis Mode,Warning,Maintenance inspection recommended soon.
ZAF,710,1934,49800.0,12.72,1.0,31.0,Universal Analysis Mode,Warning,Maintenance inspection recommended soon.
ZAF,710,1935,49800.0,12.04,0.97,30.65,Universal Analysis Mode,Warning,Maintenance inspection recommended soon.
ZAF,710,1936,49800.0,13.38,1.09,30.95,Universal Analysis Mode,Warning,Maintenance inspection recommended soon.
ZAF,710,1937,49800.0,13.98,1.18,30.72,Universal Analysis Mode,Warning,Maintenance inspection recommended soon.
ZAF,710,1938,49800.0,13.66,1.13,30.75,Universal Analysis Mode,Warning,Maintenance inspection recommended soon.
ZAF,710,1939,49800.0,12.5,1.02,30.67,Universal Analysis Mode,Warning,Maintenance inspection recommended soon.
ZAF,710,1940,49800.0,12.38,1.02,30.6,Universal Analysis Mode,Warning,Maintenance inspection recommended soon.
ZAF,710,1941,49800.0,13.18,1.14,30.63,Universal Analysis Mode,Warning,Maintenance inspection recommended soon.
ZAF,710,1942,49800.0,12.42,1.19,30.44,Universal Analysis Mode,Warning,Maintenance inspection recommended soon.
ZAF,710,1943,49800.0,11.81,1.2,30.19,Universal Analysis Mode,Warning,Maintenance inspection recommended soon.
ZAF,710,1944,49800.0,11.71,1.21,30.14,Universal Analysis Mode,Warning,Maintenance inspection recommended soon.
ZAF,710,1945,49800.0,9.93,1.05,29.8,Universal Analysis Mode,Healthy,Machine is safe. Continue regular monitoring.
ZAF,710,1946,49800.0,9.77,1.12,29.7,Universal Analysis Mode,Healthy,Machine is safe. Continue regular monitoring.
ZAF,710,1947,49800.0,14.48,1.9,30.65,Universal Analysis Mode,Warning,Maintenance inspection recommended soon.
ZAF,710,1948,49800.0,14.07,1.99,30.67,Universal Analysis Mode,Warning,Maintenance inspection recommended soon.
ZAF,710,1949,49800.0,12.71,1.78,30.22,Universal Analysis Mode,Warning,Maintenance inspection recommended soon.
ZAF,710,1950,49800.0,12.08,1.71,31.4,Universal Analysis Mode,Warning,Maintenance inspection recommended soon.
ZAF,710,1951,49800.0,11.2,1.71,31.24,Universal Analysis Mode,Warning,Maintenance inspection recommended soon.
ZAF,710,1952,49800.0,10.96,1.71,31.25,Universal Analysis Mode,Warning,Maintenance inspection recommended soon.
ZAF,710,1953,49800.0,12.27,1.93,31.8,Universal Analysis Mode,Warning,Maintenance inspection recommended soon.
ZAF,710,1954,49800.0,12.21,1.93,31.73,Universal Analysis Mode,Warning,Maintenance inspection recommended soon.
ZAF,710,1955,49800.0,12.27,1.93,31.42,Universal Analysis Mode,Warning,Maintenance inspection recommended soon.
ZAF,710,1956,49800.0,12.07,1.93,31.44,Universal Analysis Mode,Warning,Maintenance inspection recommended soon.
ZAF,710,1957,49800.0,11.48,1.9,31.21,Universal Analysis Mode,Warning,Maintenance inspection recommended soon.
ZAF,710,1958,49800.0,12.25,2.08,31.69,Universal Analysis Mode,Warning,Maintenance inspection recommended soon.
ZAF,710,1959,49800.0,12.14,2.08,31.75,Universal Analysis Mode,Warning,Maintenance inspection recommended soon.
ZAF,710,1960,0.0,10.91,1.9,27.38,Universal Analysis Mode,Healthy,Machine is safe. Continue regular monitoring.
ZAF,710,1961,0.0,10.24,1.8,27.36,Universal Analysis Mode,Healthy,Machine is safe. Continue regular monitoring.
ZAF,710,1962,0.0,10.12,1.8,28.27,Universal Analysis Mode,Healthy,Machine is safe. Continue regular monitoring.
ZAF,710,1963,0.0,9.99,1.8,28.14,Universal Analysis Mode,Healthy,Machine is safe. Continue regular monitoring.
ZAF,710,1964,0.0,9.86,1.8,27.27,Universal Analysis Mode,Healthy,Machine is safe. Continue regular monitoring.
ZAF,710,1965,0.0,9.71,1.8,27.92,Universal Analysis Mode,Healthy,Machine is safe. Continue regular monitoring.
ZAF,710,1966,0.0,9.41,1.8,27.32,Universal Analysis Mode,Healthy,Machine is safe. Continue regular monitoring.
ZAF,710,1967,0.0,9.16,1.8,27.25,Universal Analysis Mode,Healthy,Machine is safe. Continue regular monitoring.
ZAF,710,1968,0.0,8.8,1.8,27.06,Universal Analysis Mode,Healthy,Machine is safe. Continue regular monitoring.
ZAF,710,1969,0.0,8.35,1.8,27.23,Universal Analysis Mode,Healthy,Machine is safe. Continue regular monitoring.
ZAF,710,1970,0.0,7.88,1.8,27.03,Universal Analysis Mode,Healthy,Machine is safe. Continue regular monitoring.
ZAF,710,1971,0.0,9.41,2.24,27.42,Universal Analysis Mode,Healthy,Machine is safe. Continue regular monitoring.
ZAF,710,1972,0.0,10.09,2.48,27.48,Universal Analysis Mode,Healthy,Machine is safe. Continue regular monitoring.
ZAF,710,1973,0.0,12.59,3.29,27.76,Universal Analysis Mode,Healthy,Machine is safe. Continue regular monitoring.
ZAF,710,1974,0.0,39.93,11.58,29.69,Universal Analysis Mode,Healthy,Machine is safe. Continue regular monitoring.
ZAF,710,1975,0.0,36.44,11.53,30.0,Universal Analysis Mode,Warning,Maintenance inspection recommended soon.
ZAF,710,1976,0.0,38.23,12.8,31.64,Universal Analysis Mode,Warning,Maintenance inspection recommended soon.
ZAF,710,1977,0.0,39.04,13.92,32.89,Universal Analysis Mode,Warning,Maintenance inspection recommended soon.
ZAF,710,1978,0.0,36.54,14.02,32.61,Universal Analysis Mode,Warning,Maintenance inspection recommended soon.
ZAF,710,1979,0.0,74.02,31.61,35.04,Universal Analysis Mode,Warning,Maintenance inspection recommended soon.
ZAF,710,1980,0.0,75.97,36.83,36.33,Universal Analysis Mode,Warning,Maintenance inspection recommended soon.
ZAF,710,1981,0.0,67.14,35.93,36.89,Universal Analysis Mode,Warning,Maintenance inspection recommended soon.
ZAF,710,1982,0.0,58.02,32.97,37.06,Universal Analysis Mode,Warning,Maintenance inspection recommended soon.
ZAF,710,1983,0.0,50.39,29.55,36.74,Universal Analysis Mode,Warning,Maintenance inspection recommended soon.
ZAF,710,1984,0.0,45.82,28.78,36.44,Universal Analysis Mode,Warning,Maintenance inspection recommended soon.
ZAF,710,1985,0.0,43.43,27.56,36.21,Universal Analysis Mode,Warning,Maintenance inspection recommended soon.
ZAF,710,1986,0.0,22.22,14.43,30.77,Universal Analysis Mode,Warning,Maintenance inspection recommended soon.
ZAF,710,1987,0.0,27.46,18.44,29.84,Universal Analysis Mode,Healthy,Machine is safe. Continue regular monitoring.
ZAF,710,1988,0.0,21.42,14.92,28.3,Universal Analysis Mode,Healthy,Machine is safe. Continue regular monitoring.
ZAF,710,1989,0.0,24.87,18.23,29.52,Universal Analysis Mode,Healthy,Machine is safe. Continue regular monitoring.
ZAF,710,1990,0.0,30.88,23.73,30.0,Universal Analysis Mode,Warning,Maintenance inspection recommended soon.
ZAF,710,1991,0.0,24.95,20.0,29.91,Universal Analysis Mode,Healthy,Machine is safe. Continue regular monitoring.
ZAF,710,1992,0.0,23.39,19.32,28.38,Universal Analysis Mode,Healthy,Machine is safe. Continue regular monitoring.
ZAF,710,1993,0.0,20.01,16.97,28.06,Universal Analysis Mode,Healthy,Machine is safe. Continue regular monitoring.
ZAF,710,1994,0.0,18.26,15.82,27.5,Universal Analysis Mode,Healthy,Machine is safe. Continue regular monitoring.
ZAF,710,1995,0.0,19.1,17.02,28.11,Universal Analysis Mode,Healthy,Machine is safe. Continue regular monitoring.
ZAF,710,1996,0.0,22.48,20.67,38.82,Universal Analysis Mode,Warning,Maintenance inspection recommended soon.
ZAF,710,1997,510681.6,20.38,19.09,49.05,Universal Analysis Mode,Warning,Maintenance inspection recommended soon.
ZAF,710,1998,893283.6,13.62,12.72,48.62,Universal Analysis Mode,Warning,Maintenance inspection recommended soon.
ZAF,710,1999,749245.2,18.56,17.97,49.75,Universal Analysis Mode,Warning,Maintenance inspection recommended soon.
ZAF,710,2000,901058.4,28.5,28.5,54.31,Universal Analysis Mode,Warning,Maintenance inspection recommended soon.
ZAF,710,2001,1891868.0,23.7,24.44,54.62,Universal Analysis Mode,Warning,Maintenance inspection recommended soon.
ZAF,710,2002,1493580.0,23.72,25.02,54.07,Universal Analysis Mode,Warning,Maintenance inspection recommended soon.
ZAF,710,2003,554875.2,26.54,28.83,55.3,Universal Analysis Mode,Warning,Maintenance inspection recommended soon.
ZAF,710,2004,923291.6,34.3,38.26,56.74,Universal Analysis Mode,Warning,Maintenance inspection recommended soon.
ZAF,710,2005,992582.8,47.26,54.52,58.29,Universal Analysis Mode,Warning,Maintenance inspection recommended soon.
ZAF,710,2006,605752.4,55.37,65.14,54.51,Universal Analysis Mode,Warning,Maintenance inspection recommended soon.
ZAF,710,2007,799664.99,60.12,72.39,54.62,Universal Analysis Mode,Warning,Maintenance inspection recommended soon.
ZAF,710,2008,726182.11,77.79,97.26,54.99,Universal Analysis Mode,Warning,Maintenance inspection recommended soon.
ZAF,710,2009,647400.0,49.5,61.67,51.33,Universal Analysis Mode,Warning,Maintenance inspection recommended soon.
ZAF,710,2010,173958.87,62.78,79.5,46.83,Universal Analysis Mode,Warning,Maintenance inspection recommended soon.
ZAF,710,2011,199200.0,85.17,111.26,46.83,Universal Analysis Mode,Warning,Maintenance inspection recommended soon.
ZAF,710,2012,194845.99,83.75,111.67,45.91,Universal Analysis Mode,Warning,Maintenance inspection recommended soon.
ZAF,710,2013,178324.84,80.32,108.66,51.0,Universal Analysis Mode,Warning,Maintenance inspection recommended soon.
ZAF,710,2014,149400.0,71.97,98.95,53.5,Universal Analysis Mode,Warning,Maintenance inspection recommended soon.
SSD,728,1932,49800.0,10.86,0.87,29.78,Universal Analysis Mode,Healthy,Machine is safe. Continue regular monitoring.
SSD,728,1933,49800.0,8.82,0.67,29.77,Universal Analysis Mode,Healthy,Machine is safe. Continue regular monitoring.
SSD,728,1934,49800.0,12.72,1.0,30.24,Universal Analysis Mode,Warning,Maintenance inspection recommended soon.
SSD,728,1935,49800.0,12.04,0.97,29.89,Universal Analysis Mode,Healthy,Machine is safe. Continue regular monitoring.
SSD,728,1936,49800.0,13.38,1.09,30.2,Universal Analysis Mode,Warning,Maintenance inspection recommended soon.
SSD,728,1937,49800.0,13.98,1.18,29.96,Universal Analysis Mode,Healthy,Machine is safe. Continue regular monitoring.
SSD,728,1938,49800.0,13.66,1.13,29.99,Universal Analysis Mode,Healthy,Machine is safe. Continue regular monitoring.
SSD,728,1939,49800.0,12.5,1.02,29.92,Universal Analysis Mode,Healthy,Machine is safe. Continue regular monitoring.
SSD,728,1940,49800.0,12.38,1.02,29.84,Universal Analysis Mode,Healthy,Machine is safe. Continue regular monitoring.
SSD,728,1941,49800.0,13.18,1.14,29.87,Universal Analysis Mode,Healthy,Machine is safe. Continue regular monitoring.
SSD,728,1942,49800.0,12.42,1.19,29.68,Universal Analysis Mode,Healthy,Machine is safe. Continue regular monitoring.
SSD,728,1943,49800.0,11.81,1.2,29.43,Universal Analysis Mode,Healthy,Machine is safe. Continue regular monitoring.
SSD,728,1944,49800.0,11.71,1.21,29.39,Universal Analysis Mode,Healthy,Machine is safe. Continue regular monitoring.
SSD,728,1945,49800.0,9.93,1.05,29.05,Universal Analysis Mode,Healthy,Machine is safe. Continue regular monitoring.
SSD,728,1946,49800.0,9.77,1.12,28.94,Universal Analysis Mode,Healthy,Machine is safe. Continue regular monitoring.
SSD,728,1947,49800.0,14.48,1.9,29.89,Universal Analysis Mode,Healthy,Machine is safe. Continue regular monitoring.
SSD,728,1948,49800.0,14.07,1.99,29.91,Universal Analysis Mode,Healthy,Machine is safe. Continue regular monitoring.
SSD,728,1949,49800.0,12.71,1.78,29.47,Universal Analysis Mode,Healthy,Machine is safe. Continue regular monitoring.
SSD,728,1950,49800.0,12.08,1.71,29.29,Universal Analysis Mode,Healthy,Machine is safe. Continue regular monitoring.
SSD,728,1951,49800.0,11.2,1.71,29.09,Universal Analysis Mode,Healthy,Machine is safe. Continue regular monitoring.
SSD,728,1952,49800.0,10.96,1.71,29.07,Universal Analysis Mode,Healthy,Machine is safe. Continue regular monitoring.
SSD,728,1953,49800.0,12.27,1.93,29.57,Universal Analysis Mode,Healthy,Machine is safe. Continue regular monitoring.
SSD,728,1954,49800.0,12.21,1.93,29.47,Universal Analysis Mode,Healthy,Machine is safe. Continue regular monitoring.
SSD,728,1955,49800.0,12.27,1.93,29.12,Universal Analysis Mode,Healthy,Machine is safe. Continue regular monitoring.
SSD,728,1956,49800.0,12.07,1.93,29.1,Universal Analysis Mode,Healthy,Machine is safe. Continue regular monitoring.
SSD,728,1957,49800.0,11.48,1.9,28.82,Universal Analysis Mode,Healthy,Machine is safe. Continue regular monitoring.
SSD,728,1958,49800.0,12.25,2.08,29.26,Universal Analysis Mode,Healthy,Machine is safe. Continue regular monitoring.
SSD,728,1959,49800.0,12.14,2.08,29.28,Universal Analysis Mode,Healthy,Machine is safe. Continue regular monitoring.
SSD,728,1960,49800.0,10.91,1.9,26.3,Universal Analysis Mode,Healthy,Machine is safe. Continue regular monitoring.
SSD,728,1961,49800.0,10.24,1.8,26.24,Universal Analysis Mode,Healthy,Machine is safe. Continue regular monitoring.
SSD,728,1962,49800.0,10.12,1.8,27.11,Universal Analysis Mode,Healthy,Machine is safe. Continue regular monitoring.
SSD,728,1963,49800.0,9.99,1.8,26.94,Universal Analysis Mode,Healthy,Machine is safe. Continue regular monitoring.
SSD,728,1964,49800.0,9.86,1.8,26.02,Universal Analysis Mode,Healthy,Machine is safe. Continue regular monitoring.
SSD,728,1965,49800.0,9.71,1.8,26.63,Universal Analysis Mode,Healthy,Machine is safe. Continue regular monitoring.
SSD,728,1966,49800.0,9.41,1.8,25.98,Universal Analysis Mode,Healthy,Machine is safe. Continue regular monitoring.
SSD,728,1967,49800.0,9.16,1.8,25.86,Universal Analysis Mode,Healthy,Machine is safe. Continue regular monitoring.
SSD,728,1968,49800.0,8.8,1.8,25.62,Universal Analysis Mode,Healthy,Machine is safe. Continue regular monitoring.
SSD,728,1969,49800.0,8.35,1.8,25.73,Universal Analysis Mode,Healthy,Machine is safe. Continue regular monitoring.
SSD,728,1970,49800.0,7.88,1.8,25.48,Universal Analysis Mode,Healthy,Machine is safe. Continue regular monitoring.
SSD,728,1971,49800.0,9.41,2.24,25.82,Universal Analysis Mode,Healthy,Machine is safe. Continue regular monitoring.
SSD,728,1972,49800.0,10.09,2.48,25.83,Universal Analysis Mode,Healthy,Machine is safe. Continue regular monitoring.
SSD,728,1973,49800.0,12.59,3.29,26.06,Universal Analysis Mode,Healthy,Machine is safe. Continue regular monitoring.
SSD,728,1974,49800.0,39.93,11.58,27.94,Universal Analysis Mode,Healthy,Machine is safe. Continue regular monitoring.
SSD,728,1975,49800.0,36.44,11.53,28.19,Universal Analysis Mode,Healthy,Machine is safe. Continue regular monitoring.
SSD,728,1976,49800.0,38.23,12.8,29.78,Universal Analysis Mode,Healthy,Machine is safe. Continue regular monitoring.
SSD,728,1977,49800.0,39.04,13.92,30.98,Universal Analysis Mode,Warning,Maintenance inspection recommended soon.
SSD,728,1978,49800.0,36.54,14.02,30.65,Universal Analysis Mode,Warning,Maintenance inspection recommended soon.
SSD,728,1979,49800.0,74.02,31.61,33.03,Universal Analysis Mode,Warning,Maintenance inspection recommended soon.
SSD,728,1980,49800.0,75.97,36.83,34.27,Universal Analysis Mode,Warning,Maintenance inspection recommended soon.
SSD,728,1981,49800.0,67.14,35.93,34.75,Universal Analysis Mode,Warning,Maintenance inspection recommended soon.
SSD,728,1982,49800.0,58.02,32.97,34.84,Universal Analysis Mode,Warning,Maintenance inspection recommended soon.
SSD,728,1983,49800.0,50.39,29.55,34.45,Universal Analysis Mode,Warning,Maintenance inspection recommended soon.
SSD,728,1984,49800.0,45.82,28.78,34.07,Universal Analysis Mode,Warning,Maintenance inspection recommended soon.
SSD,728,1985,49800.0,43.43,27.56,33.8,Universal Analysis Mode,Warning,Maintenance inspection recommended soon.
SSD,728,1986,49800.0,22.22,14.43,31.4,Universal Analysis Mode,Warning,Maintenance inspection recommended soon.
SSD,728,1987,49800.0,27.46,18.44,30.46,Universal Analysis Mode,Warning,Maintenance inspection recommended soon.
SSD,728,1988,49800.0,21.42,14.92,28.87,Universal Analysis Mode,Healthy,Machine is safe. Continue regular monitoring.
SSD,728,1989,49800.0,24.87,18.23,29.33,Universal Analysis Mode,Healthy,Machine is safe. Continue regular monitoring.
SSD,728,1990,49800.0,30.88,23.73,31.3,Universal Analysis Mode,Warning,Maintenance inspection recommended soon.
SSD,728,1991,49800.0,24.95,20.0,31.17,Universal Analysis Mode,Warning,Maintenance inspection recommended soon.
SSD,728,1992,49800.0,23.39,19.32,29.63,Universal Analysis Mode,Healthy,Machine is safe. Continue regular monitoring.
SSD,728,1993,49800.0,20.01,16.97,29.21,Universal Analysis Mode,Healthy,Machine is safe. Continue regular monitoring.
SSD,728,1994,49800.0,18.26,15.82,28.65,Universal Analysis Mode,Healthy,Machine is safe. Continue regular monitoring.
SSD,728,1995,49800.0,19.1,17.02,28.57,Universal Analysis Mode,Healthy,Machine is safe. Continue regular monitoring.
SSD,728,1996,49800.0,22.48,20.67,29.34,Universal Analysis Mode,Healthy,Machine is safe. Continue regular monitoring.
SSD,728,1997,49800.0,20.38,19.09,29.15,Universal Analysis Mode,Healthy,Machine is safe. Continue regular monitoring.
SSD,728,1998,49800.0,13.62,12.72,28.12,Universal Analysis Mode,Healthy,Machine is safe. Continue regular monitoring.
SSD,728,1999,49800.0,18.56,17.97,28.86,Universal Analysis Mode,Healthy,Machine is safe. Continue regular monitoring.
SSD,728,2000,49800.0,28.5,28.5,32.32,Universal Analysis Mode,Warning,Maintenance inspection recommended soon.
SSD,728,2001,49800.0,23.7,24.44,32.27,Universal Analysis Mode,Warning,Maintenance inspection recommended soon.
SSD,728,2002,49800.0,23.72,25.02,31.87,Universal Analysis Mode,Warning,Maintenance inspection recommended soon.
SSD,728,2003,49800.0,26.54,28.83,33.99,Universal Analysis Mode,Warning,Maintenance inspection recommended soon.
SSD,728,2004,49800.0,34.3,38.26,34.51,Universal Analysis Mode,Warning,Maintenance inspection recommended soon.
SSD,728,2005,49800.0,47.26,54.52,35.78,Universal Analysis Mode,Warning,Maintenance inspection recommended soon.
SSD,728,2006,49800.0,55.37,65.14,35.22,Universal Analysis Mode,Warning,Maintenance inspection recommended soon.
SSD,728,2007,49800.0,60.12,72.39,35.2,Universal Analysis Mode,Warning,Maintenance inspection recommended soon.
SSD,728,2008,49800.0,77.79,97.26,35.89,Universal Analysis Mode,Warning,Maintenance inspection recommended soon.
SSD,728,2009,49800.0,49.5,61.67,32.8,Universal Analysis Mode,Warning,Maintenance inspection recommended soon.
SSD,728,2010,49800.0,62.78,79.5,33.59,Universal Analysis Mode,Warning,Maintenance inspection recommended soon.
SSD,728,2011,7774800.0,85.17,111.26,53.22,Universal Analysis Mode,Warning,Maintenance inspection recommended soon.
SSD,728,2012,1227600.0,83.75,111.67,51.65,Universal Analysis Mode,Warning,Maintenance inspection recommended soon.
SSD,728,2013,6001600.0,80.32,108.66,52.97,Universal Analysis Mode,Warning,Maintenance inspection recommended soon.
SSD,728,2014,49800.0,71.97,98.95,36.75,Universal Analysis Mode,Warning,Maintenance inspection recommended soon.
VSO,714,1932,0.0,10.86,0.87,25.39,Universal Analysis Mode,Healthy,Machine is safe. Continue regular monitoring.
VSO,714,1933,0.0,8.82,0.67,25.37,Universal Analysis Mode,Healthy,Machine is safe. Continue regular monitoring.
VSO,714,1934,0.0,12.72,1.0,25.85,Universal Analysis Mode,Healthy,Machine is safe. Continue regular monitoring.
VSO,714,1935,0.0,12.04,0.97,25.5,Universal Analysis Mode,Healthy,Machine is safe. Continue regular monitoring.
VSO,714,1936,0.0,13.38,1.09,25.81,Universal Analysis Mode,Healthy,Machine is safe. Continue regular monitoring.
VSO,714,1937,0.0,13.98,1.18,25.57,Universal Analysis Mode,Healthy,Machine is safe. Continue regular monitoring.
VSO,714,1938,0.0,13.66,1.13,25.6,Universal Analysis Mode,Healthy,Machine is safe. Continue regular monitoring.
VSO,714,1939,0.0,12.5,1.02,25.53,Universal Analysis Mode,Healthy,Machine is safe. Continue regular monitoring.
VSO,714,1940,0.0,12.38,1.02,25.45,Universal Analysis Mode,Healthy,Machine is safe. Continue regular monitoring.
VSO,714,1941,0.0,13.18,1.14,25.48,Universal Analysis Mode,Healthy,Machine is safe. Continue regular monitoring.
VSO,714,1942,0.0,12.42,1.19,25.29,Universal Analysis Mode,Healthy,Machine is safe. Continue regular monitoring.
VSO,714,1943,0.0,11.81,1.2,25.04,Universal Analysis Mode,Healthy,Machine is safe. Continue regular monitoring.
VSO,714,1944,0.0,11.71,1.21,25.0,Universal Analysis Mode,Healthy,Machine is safe. Continue regular monitoring.
VSO,714,1945,0.0,9.93,1.05,25.47,Universal Analysis Mode,Healthy,Machine is safe. Continue regular monitoring.
VSO,714,1946,0.0,9.77,1.12,25.36,Universal Analysis Mode,Healthy,Machine is safe. Continue regular monitoring.
VSO,714,1947,0.0,14.48,1.9,26.31,Universal Analysis Mode,Healthy,Machine is safe. Continue regular monitoring.
VSO,714,1948,0.0,14.07,1.99,26.33,Universal Analysis Mode,Healthy,Machine is safe. Continue regular monitoring.
VSO,714,1949,0.0,12.71,1.78,25.88,Universal Analysis Mode,Healthy,Machine is safe. Continue regular monitoring.
VSO,714,1950,0.0,12.08,1.71,28.22,Universal Analysis Mode,Healthy,Machine is safe. Continue regular monitoring.
VSO,714,1951,0.0,11.2,1.71,28.06,Universal Analysis Mode,Healthy,Machine is safe. Continue regular monitoring.
VSO,714,1952,0.0,10.96,1.71,28.08,Universal Analysis Mode,Healthy,Machine is safe. Continue regular monitoring.
VSO,714,1953,0.0,12.27,1.93,28.63,Universal Analysis Mode,Healthy,Machine is safe. Continue regular monitoring.
VSO,714,1954,0.0,12.21,1.93,28.56,Universal Analysis Mode,Healthy,Machine is safe. Continue regular monitoring.
VSO,714,1955,0.0,12.27,1.93,28.26,Universal Analysis Mode,Healthy,Machine is safe. Continue regular monitoring.
VSO,714,1956,0.0,12.07,1.93,28.28,Universal Analysis Mode,Healthy,Machine is safe. Continue regular monitoring.
VSO,714,1957,0.0,11.48,1.9,28.07,Universal Analysis Mode,Healthy,Machine is safe. Continue regular monitoring.
VSO,714,1958,0.0,12.25,2.08,28.57,Universal Analysis Mode,Healthy,Machine is safe. Continue regular monitoring.
VSO,714,1959,0.0,12.14,2.08,28.67,Universal Analysis Mode,Healthy,Machine is safe. Continue regular monitoring.
VSO,714,1960,0.0,10.91,1.9,28.68,Universal Analysis Mode,Healthy,Machine is safe. Continue regular monitoring.
VSO,714,1961,0.0,10.24,1.8,28.71,Universal Analysis Mode,Healthy,Machine is safe. Continue regular monitoring.
VSO,714,1962,0.0,10.12,1.8,29.63,Universal Analysis Mode,Healthy,Machine is safe. Continue regular monitoring.
VSO,714,1963,0.0,9.99,1.8,29.5,Universal Analysis Mode,Healthy,Machine is safe. Continue regular monitoring.
VSO,714,1964,0.0,9.86,1.8,28.63,Universal Analysis Mode,Healthy,Machine is safe. Continue regular monitoring.
VSO,714,1965,0.0,9.71,1.8,29.28,Universal Analysis Mode,Healthy,Machine is safe. Continue regular monitoring.
VSO,714,1966,0.0,9.41,1.8,28.68,Universal Analysis Mode,Healthy,Machine is safe. Continue regular monitoring.
VSO,714,1967,0.0,9.16,1.8,28.57,Universal Analysis Mode,Healthy,Machine is safe. Continue regular monitoring.
VSO,714,1968,0.0,8.8,1.8,28.34,Universal Analysis Mode,Healthy,Machine is safe. Continue regular monitoring.
VSO,714,1969,0.0,8.35,1.8,28.45,Universal Analysis Mode,Healthy,Machine is safe. Continue regular monitoring.
VSO,714,1970,0.0,7.88,1.8,28.2,Universal Analysis Mode,Healthy,Machine is safe. Continue regular monitoring.
VSO,714,1971,0.0,9.41,2.24,28.54,Universal Analysis Mode,Healthy,Machine is safe. Continue regular monitoring.
VSO,714,1972,0.0,10.09,2.48,28.56,Universal Analysis Mode,Healthy,Machine is safe. Continue regular monitoring.
VSO,714,1973,0.0,12.59,3.29,28.79,Universal Analysis Mode,Healthy,Machine is safe. Continue regular monitoring.
VSO,714,1974,0.0,39.93,11.58,30.67,Universal Analysis Mode,Warning,Maintenance inspection recommended soon.
VSO,714,1975,0.0,36.44,11.53,30.93,Universal Analysis Mode,Warning,Maintenance inspection recommended soon.
VSO,714,1976,0.0,38.23,12.8,31.72,Universal Analysis Mode,Warning,Maintenance inspection recommended soon.
VSO,714,1977,49800.0,39.04,13.92,37.27,Universal Analysis Mode,Warning,Maintenance inspection recommended soon.
VSO,714,1978,49800.0,36.54,14.02,36.94,Universal Analysis Mode,Warning,Maintenance inspection recommended soon.
VSO,714,1979,49800.0,74.02,31.61,39.32,Universal Analysis Mode,Warning,Maintenance inspection recommended soon.
VSO,714,1980,49800.0,75.97,36.83,40.55,Universal Analysis Mode,Warning,Maintenance inspection recommended soon.
VSO,714,1981,49800.0,67.14,35.93,41.04,Universal Analysis Mode,Warning,Maintenance inspection recommended soon.
VSO,714,1982,49800.0,58.02,32.97,41.12,Universal Analysis Mode,Warning,Maintenance inspection recommended soon.
VSO,714,1983,49800.0,50.39,29.55,40.74,Universal Analysis Mode,Warning,Maintenance inspection recommended soon.
VSO,714,1984,49800.0,45.82,28.78,40.36,Universal Analysis Mode,Warning,Maintenance inspection recommended soon.
VSO,714,1985,49800.0,43.43,27.56,40.09,Universal Analysis Mode,Warning,Maintenance inspection recommended soon.
VSO,714,1986,49800.0,22.22,14.43,37.69,Universal Analysis Mode,Warning,Maintenance inspection recommended soon.
VSO,714,1987,49800.0,27.46,18.44,36.76,Universal Analysis Mode,Warning,Maintenance inspection recommended soon.
VSO,714,1988,49800.0,21.42,14.92,35.18,Universal Analysis Mode,Warning,Maintenance inspection recommended soon.
VSO,714,1989,49800.0,24.87,18.23,35.64,Universal Analysis Mode,Warning,Maintenance inspection recommended soon.
VSO,714,1990,49800.0,30.88,23.73,37.61,Universal Analysis Mode,Warning,Maintenance inspection recommended soon.
VSO,714,1991,49800.0,24.95,20.0,37.49,Universal Analysis Mode,Warning,Maintenance inspection recommended soon.
VSO,714,1992,49800.0,23.39,19.32,35.96,Universal Analysis Mode,Warning,Maintenance inspection recommended soon.
VSO,714,1993,49800.0,20.01,16.97,35.55,Universal Analysis Mode,Warning,Maintenance inspection recommended soon.
VSO,714,1994,49800.0,18.26,15.82,34.99,Universal Analysis Mode,Warning,Maintenance inspection recommended soon.
VSO,714,1995,49800.0,19.1,17.02,34.91,Universal Analysis Mode,Warning,Maintenance inspection recommended soon.
VSO,714,1996,49800.0,22.48,20.67,35.68,Universal Analysis Mode,Warning,Maintenance inspection recommended soon.
VSO,714,1997,49800.0,20.38,19.09,35.5,Universal Analysis Mode,Warning,Maintenance inspection recommended soon.
VSO,714,1998,49800.0,13.62,12.72,34.47,Universal Analysis Mode,Warning,Maintenance inspection recommended soon.
VSO,714,1999,49800.0,18.56,17.97,35.21,Universal Analysis Mode,Warning,Maintenance inspection recommended soon.
VSO,714,2000,49800.0,28.5,28.5,38.38,Universal Analysis Mode,Warning,Maintenance inspection recommended soon.
VSO,714,2001,49800.0,23.7,24.44,38.31,Universal Analysis Mode,Warning,Maintenance inspection recommended soon.
VSO,714,2002,49800.0,23.72,25.02,37.89,Universal Analysis Mode,Warning,Maintenance inspection recommended soon.
VSO,714,2003,49800.0,26.54,28.83,39.99,Universal Analysis Mode,Warning,Maintenance inspection recommended soon.
VSO,714,2004,49800.0,34.3,38.26,40.49,Universal Analysis Mode,Warning,Maintenance inspection recommended soon.
VSO,714,2005,49800.0,47.26,54.52,41.74,Universal Analysis Mode,Warning,Maintenance inspection recommended soon.
VSO,714,2006,49800.0,55.37,65.14,41.16,Universal Analysis Mode,Warning,Maintenance inspection recommended soon.
VSO,714,2007,49800.0,60.12,72.39,41.11,Universal Analysis Mode,Warning,Maintenance inspection recommended soon.
VSO,714,2008,49800.0,77.79,97.26,41.77,Universal Analysis Mode,Warning,Maintenance inspection recommended soon.
VSO,714,2009,49800.0,49.5,61.67,38.65,Universal Analysis Mode,Warning,Maintenance inspection recommended soon.
VSO,714,2010,49800.0,62.78,79.5,37.58,Universal Analysis Mode,Warning,Maintenance inspection recommended soon.
VSO,714,2011,49800.0,85.17,111.26,37.04,Universal Analysis Mode,Warning,Maintenance inspection recommended soon.
VSO,714,2012,49800.0,83.75,111.67,35.91,Universal Analysis Mode,Warning,Maintenance inspection recommended soon.
VSO,714,2013,49800.0,80.32,108.66,36.15,Universal Analysis Mode,Warning,Maintenance inspection recommended soon.
VSO,714,2014,49800.0,71.97,98.95,35.36,Universal Analysis Mode,Warning,Maintenance inspection recommended soon.
SUN,810,1932,21400000.0,10.86,0.87,42.32,Universal Analysis Mode,Warning,Maintenance inspection recommended soon.
SUN,810,1933,21500000.0,8.82,0.67,42.22,Universal Analysis Mode,Warning,Maintenance inspection recommended soon.
SUN,810,1934,24200000.0,12.72,1.0,42.9,Universal Analysis Mode,Warning,Maintenance inspection recommended soon.
SUN,810,1935,25200000.0,12.04,0.97,42.55,Universal Analysis Mode,Warning,Maintenance inspection recommended soon.
SUN,810,1936,27400000.0,13.38,1.09,42.94,Universal Analysis Mode,Warning,Maintenance inspection recommended soon.
SUN,810,1937,28500000.0,13.98,1.18,42.75,Universal Analysis Mode,Warning,Maintenance inspection recommended soon.
SUN,810,1938,30200000.0,13.66,1.13,42.79,Universal Analysis Mode,Warning,Maintenance inspection recommended soon.
SUN,810,1939,30300000.0,12.5,1.02,42.68,Universal Analysis Mode,Warning,Maintenance inspection recommended soon.
SUN,810,1940,31100000.0,12.38,1.02,42.62,Universal Analysis Mode,Warning,Maintenance inspection recommended soon.
SUN,810,1941,49800.0,13.18,1.14,30.9,Universal Analysis Mode,Warning,Maintenance inspection recommended soon.
SUN,810,1942,49800.0,12.42,1.19,30.71,Universal Analysis Mode,Warning,Maintenance inspection recommended soon.
SUN,810,1943,49800.0,11.81,1.2,30.46,Universal Analysis Mode,Warning,Maintenance inspection recommended soon.
SUN,810,1944,49800.0,11.71,1.21,30.42,Universal Analysis Mode,Warning,Maintenance inspection recommended soon.
SUN,810,1945,19400000.0,9.93,1.05,41.54,Universal Analysis Mode,Warning,Maintenance inspection recommended soon.
SUN,810,1946,21700000.0,9.77,1.12,41.49,Universal Analysis Mode,Warning,Maintenance inspection recommended soon.
SUN,810,1947,26000000.0,14.48,1.9,42.7,Universal Analysis Mode,Warning,Maintenance inspection recommended soon.
SUN,810,1948,29200000.0,14.07,1.99,42.78,Universal Analysis Mode,Warning,Maintenance inspection recommended soon.
SUN,810,1949,33400000.0,12.71,1.78,42.35,Universal Analysis Mode,Warning,Maintenance inspection recommended soon.
SUN,810,1950,37900000.0,12.08,1.71,50.07,Universal Analysis Mode,Warning,Maintenance inspection recommended soon.
SUN,810,1951,42300000.0,11.2,1.71,50.03,Universal Analysis Mode,Warning,Maintenance inspection recommended soon.
SUN,810,1952,47300000.0,10.96,1.71,50.2,Universal Analysis Mode,Warning,Maintenance inspection recommended soon.
SUN,810,1953,52800000.0,12.27,1.93,50.9,Universal Analysis Mode,Warning,Maintenance inspection recommended soon.
SUN,810,1954,59300000.0,12.21,1.93,50.88,Universal Analysis Mode,Warning,Maintenance inspection recommended soon.
SUN,810,1955,70800000.0,12.27,1.93,50.64,Universal Analysis Mode,Warning,Maintenance inspection recommended soon.
SUN,810,1956,83800000.0,12.07,1.93,50.74,Universal Analysis Mode,Warning,Maintenance inspection recommended soon.
SUN,810,1957,98300000.0,11.48,1.9,50.54,Universal Analysis Mode,Warning,Maintenance inspection recommended soon.
SUN,810,1958,113000000.0,12.25,2.08,51.11,Universal Analysis Mode,Warning,Maintenance inspection recommended soon.
SUN,810,1959,130000000.0,12.14,2.08,51.22,Universal Analysis Mode,Warning,Maintenance inspection recommended soon.
SUN,810,1960,148000000.0,10.91,1.9,55.2,Universal Analysis Mode,Warning,Maintenance inspection recommended soon.
SUN,810,1961,166000000.0,10.24,1.8,55.26,Universal Analysis Mode,Warning,Maintenance inspection recommended soon.
SUN,810,1962,186000000.0,10.12,1.8,56.26,Universal Analysis Mode,Warning,Maintenance inspection recommended soon.
SUN,810,1963,206000000.0,9.99,1.8,56.17,Universal Analysis Mode,Warning,Maintenance inspection recommended soon.
SUN,810,1964,224000000.0,9.86,1.8,55.32,Universal Analysis Mode,Warning,Maintenance inspection recommended soon.
SUN,810,1965,243000000.0,9.71,1.8,56.0,Universal Analysis Mode,Warning,Maintenance inspection recommended soon.
SUN,810,1966,265000000.0,9.41,1.8,55.4,Universal Analysis Mode,Warning,Maintenance inspection recommended soon.
SUN,810,1967,288000000.0,9.16,1.8,55.32,Universal Analysis Mode,Warning,Maintenance inspection recommended soon.
SUN,810,1968,309000000.0,8.8,1.8,55.1,Universal Analysis Mode,Warning,Maintenance inspection recommended soon.
SUN,810,1969,328000000.0,8.35,1.8,55.26,Universal Analysis Mode,Warning,Maintenance inspection recommended soon.
SUN,810,1970,353000000.0,7.88,1.8,55.03,Universal Analysis Mode,Warning,Maintenance inspection recommended soon.
SUN,810,1971,377000000.0,9.41,2.24,55.46,Universal Analysis Mode,Warning,Maintenance inspection recommended soon.
SUN,810,1972,400000000.0,10.09,2.48,55.53,Universal Analysis Mode,Warning,Maintenance inspection recommended soon.
SUN,810,1973,429000000.0,12.59,3.29,55.86,Universal Analysis Mode,Warning,Maintenance inspection recommended soon.
SUN,810,1974,459000000.0,39.93,11.58,58.09,Universal Analysis Mode,Warning,Maintenance inspection recommended soon.
SUN,810,1975,491000000.0,36.44,11.53,58.37,Universal Analysis Mode,Warning,Maintenance inspection recommended soon.
SUN,810,1976,520000000.0,38.23,12.8,60.0,Universal Analysis Mode,Warning,Maintenance inspection recommended soon.
SUN,810,1977,546000000.0,39.04,13.92,61.24,Universal Analysis Mode,Warning,Maintenance inspection recommended soon.
SUN,810,1978,572000000.0,36.54,14.02,60.91,Universal Analysis Mode,Warning,Maintenance inspection recommended soon.
SUN,810,1979,586000000.0,74.02,31.61,63.42,Universal Analysis Mode,Warning,Maintenance inspection recommended soon.
SUN,810,1980,603000000.0,75.97,36.83,64.68,Universal Analysis Mode,Warning,Maintenance inspection recommended soon.
SUN,810,1981,609000000.0,67.14,35.93,65.16,Universal Analysis Mode,Warning,Maintenance inspection recommended soon.
SUN,810,1982,613000000.0,58.02,32.97,65.24,Universal Analysis Mode,Warning,Maintenance inspection recommended soon.
SUN,810,1983,616000000.0,50.39,29.55,64.82,Universal Analysis Mode,Warning,Maintenance inspection recommended soon.
SUN,810,1984,613000000.0,45.82,28.78,64.44,Universal Analysis Mode,Warning,Maintenance inspection recommended soon.
SUN,810,1985,595000000.0,43.43,27.56,64.16,Universal Analysis Mode,Warning,Maintenance inspection recommended soon.
SUN,810,1986,615000000.0,22.22,14.43,61.68,Universal Analysis Mode,Warning,Maintenance inspection recommended soon.
SUN,810,1987,569000000.0,27.46,18.44,60.68,Universal Analysis Mode,Warning,Maintenance inspection recommended soon.
SUN,810,1988,569000000.0,21.42,14.92,59.05,Universal Analysis Mode,Warning,Maintenance inspection recommended soon.
SUN,810,1989,552000000.0,24.87,18.23,59.53,Universal Analysis Mode,Warning,Maintenance inspection recommended soon.
SUN,810,1990,516000000.0,30.88,23.73,61.55,Universal Analysis Mode,Warning,Maintenance inspection recommended soon.
SUN,810,1991,49800.0,24.95,20.0,34.16,Universal Analysis Mode,Warning,Maintenance inspection recommended soon.
SUN,810,1992,49800.0,23.39,19.32,32.62,Universal Analysis Mode,Warning,Maintenance inspection recommended soon.
SUN,810,1993,49800.0,20.01,16.97,32.21,Universal Analysis Mode,Warning,Maintenance inspection recommended soon.
SUN,810,1994,49800.0,18.26,15.82,31.65,Universal Analysis Mode,Warning,Maintenance inspection recommended soon.
SUN,810,1995,49800.0,19.1,17.02,31.57,Universal Analysis Mode,Warning,Maintenance inspection recommended soon.
SUN,810,1996,49800.0,22.48,20.67,32.33,Universal Analysis Mode,Warning,Maintenance inspection recommended soon.
SUN,810,1997,49800.0,20.38,19.09,32.15,Universal Analysis Mode,Warning,Maintenance inspection recommended soon.
SUN,810,1998,49800.0,13.62,12.72,31.11,Universal Analysis Mode,Warning,Maintenance inspection recommended soon.
SUN,810,1999,49800.0,18.56,17.97,31.85,Universal Analysis Mode,Warning,Maintenance inspection recommended soon.
SUN,810,2000,49800.0,28.5,28.5,35.01,Universal Analysis Mode,Warning,Maintenance inspection recommended soon.
SUN,810,2001,49800.0,23.7,24.44,34.94,Universal Analysis Mode,Warning,Maintenance inspection recommended soon.
SUN,810,2002,49800.0,23.72,25.02,34.52,Universal Analysis Mode,Warning,Maintenance inspection recommended soon.
SUN,810,2003,49800.0,26.54,28.83,36.62,Universal Analysis Mode,Warning,Maintenance inspection recommended soon.
SUN,810,2004,49800.0,34.3,38.26,37.12,Universal Analysis Mode,Warning,Maintenance inspection recommended soon.
SUN,810,2005,49800.0,47.26,54.52,38.36,Universal Analysis Mode,Warning,Maintenance inspection recommended soon.
SUN,810,2006,49800.0,55.37,65.14,37.78,Universal Analysis Mode,Warning,Maintenance inspection recommended soon.
SUN,810,2007,49800.0,60.12,72.39,37.73,Universal Analysis Mode,Warning,Maintenance inspection recommended soon.
SUN,810,2008,49800.0,77.79,97.26,38.38,Universal Analysis Mode,Warning,Maintenance inspection recommended soon.
SUN,810,2009,49800.0,49.5,61.67,35.27,Universal Analysis Mode,Warning,Maintenance inspection recommended soon.
SUN,810,2010,49800.0,62.78,79.5,36.02,Universal Analysis Mode,Warning,Maintenance inspection recommended soon.
SUN,810,2011,49800.0,85.17,111.26,35.48,Universal Analysis Mode,Warning,Maintenance inspection recommended soon.
SUN,810,2012,49800.0,83.75,111.67,34.35,Universal Analysis Mode,Warning,Maintenance inspection recommended soon.
SUN,810,2013,49800.0,80.32,108.66,34.58,Universal Analysis Mode,Warning,Maintenance inspection recommended soon.
SUN,810,2014,49800.0,71.97,98.95,35.62,Universal Analysis Mode,Warning,Maintenance inspection recommended soon.
ESP,724,1932,49800.0,10.86,0.87,32.97,Universal Analysis Mode,Warning,Maintenance inspection recommended soon.
ESP,724,1933,49800.0,8.82,0.67,32.97,Universal Analysis Mode,Warning,Maintenance inspection recommended soon.
ESP,724,1934,49800.0,12.72,1.0,33.47,Universal Analysis Mode,Warning,Maintenance inspection recommended soon.
ESP,724,1935,49800.0,12.04,0.97,33.14,Universal Analysis Mode,Warning,Maintenance inspection recommended soon.
ESP,724,1936,49800.0,13.38,1.09,33.46,Universal Analysis Mode,Warning,Maintenance inspection recommended soon.
ESP,724,1937,49800.0,13.98,1.18,33.25,Universal Analysis Mode,Warning,Maintenance inspection recommended soon.
ESP,724,1938,49800.0,13.66,1.13,33.3,Universal Analysis Mode,Warning,Maintenance inspection recommended soon.
ESP,724,1939,49800.0,12.5,1.02,33.25,Universal Analysis Mode,Warning,Maintenance inspection recommended soon.
ESP,724,1940,49800.0,12.38,1.02,33.19,Universal Analysis Mode,Warning,Maintenance inspection recommended soon.
ESP,724,1941,49800.0,13.18,1.14,33.24,Universal Analysis Mode,Warning,Maintenance inspection recommended soon.
ESP,724,1942,49800.0,12.42,1.19,33.07,Universal Analysis Mode,Warning,Maintenance inspection recommended soon.
ESP,724,1943,49800.0,11.81,1.2,32.83,Universal Analysis Mode,Warning,Maintenance inspection recommended soon.
ESP,724,1944,49800.0,11.71,1.21,32.81,Universal Analysis Mode,Warning,Maintenance inspection recommended soon.
ESP,724,1945,49800.0,9.93,1.05,32.49,Universal Analysis Mode,Warning,Maintenance inspection recommended soon.
ESP,724,1946,49800.0,9.77,1.12,32.4,Universal Analysis Mode,Warning,Maintenance inspection recommended soon.
ESP,724,1947,49800.0,14.48,1.9,33.36,Universal Analysis Mode,Warning,Maintenance inspection recommended soon.
ESP,724,1948,49800.0,14.07,1.99,33.41,Universal Analysis Mode,Warning,Maintenance inspection recommended soon.
ESP,724,1949,49800.0,12.71,1.78,32.98,Universal Analysis Mode,Warning,Maintenance inspection recommended soon.
ESP,724,1950,49800.0,12.08,1.71,32.84,Universal Analysis Mode,Warning,Maintenance inspection recommended soon.
ESP,724,1951,49800.0,11.2,1.71,32.66,Universal Analysis Mode,Warning,Maintenance inspection recommended soon.
ESP,724,1952,49800.0,10.96,1.71,32.66,Universal Analysis Mode,Warning,Maintenance inspection recommended soon.
ESP,724,1953,49800.0,12.27,1.93,33.19,Universal Analysis Mode,Warning,Maintenance inspection recommended soon.
ESP,724,1954,49800.0,12.21,1.93,33.1,Universal Analysis Mode,Warning,Maintenance inspection recommended soon.
ESP,724,1955,49800.0,12.27,1.93,32.77,Universal Analysis Mode,Warning,Maintenance inspection recommended soon.
ESP,724,1956,49800.0,12.07,1.93,32.77,Universal Analysis Mode,Warning,Maintenance inspection recommended soon.
ESP,724,1957,49800.0,11.48,1.9,32.52,Universal Analysis Mode,Warning,Maintenance inspection recommended soon.
ESP,724,1958,49800.0,12.25,2.08,32.98,Universal Analysis Mode,Warning,Maintenance inspection recommended soon.
ESP,724,1959,49800.0,12.14,2.08,33.03,Universal Analysis Mode,Warning,Maintenance inspection recommended soon.
ESP,724,1960,0.0,10.91,1.9,28.63,Universal Analysis Mode,Healthy,Machine is safe. Continue regular monitoring.
ESP,724,1961,0.0,10.24,1.8,28.59,Universal Analysis Mode,Healthy,Machine is safe. Continue regular monitoring.
ESP,724,1962,0.0,10.12,1.8,29.47,Universal Analysis Mode,Healthy,Machine is safe. Continue regular monitoring.
ESP,724,1963,0.0,9.99,1.8,29.32,Universal Analysis Mode,Healthy,Machine is safe. Continue regular monitoring.
ESP,724,1964,0.0,9.86,1.8,28.42,Universal Analysis Mode,Healthy,Machine is safe. Continue regular monitoring.
ESP,724,1965,0.0,9.71,1.8,29.05,Universal Analysis Mode,Healthy,Machine is safe. Continue regular monitoring.
ESP,724,1966,28000.0,9.41,1.8,30.73,Universal Analysis Mode,Warning,Maintenance inspection recommended soon.
ESP,724,1967,84000.0,9.16,1.8,31.12,Universal Analysis Mode,Warning,Maintenance inspection recommended soon.
ESP,724,1968,150000.0,8.8,1.8,32.2,Universal Analysis Mode,Warning,Maintenance inspection recommended soon.
ESP,724,1969,189344.0,8.35,1.8,33.1,Universal Analysis Mode,Warning,Maintenance inspection recommended soon.
ESP,724,1970,151000.0,7.88,1.8,34.47,Universal Analysis Mode,Warning,Maintenance inspection recommended soon.
ESP,724,1971,123000.0,9.41,2.24,34.71,Universal Analysis Mode,Warning,Maintenance inspection recommended soon.
ESP,724,1972,138000.0,10.09,2.48,35.38,Universal Analysis Mode,Warning,Maintenance inspection recommended soon.
ESP,724,1973,764000.0,12.59,3.29,44.89,Universal Analysis Mode,Warning,Maintenance inspection recommended soon.
ESP,724,1974,1976000.0,39.93,11.58,52.74,Universal Analysis Mode,Warning,Maintenance inspection recommended soon.
ESP,724,1975,2028000.0,36.44,11.53,52.98,Universal Analysis Mode,Warning,Maintenance inspection recommended soon.
ESP,724,1976,1772000.0,38.23,12.8,54.51,Universal Analysis Mode,Warning,Maintenance inspection recommended soon.
ESP,724,1977,844000.0,39.04,13.92,54.27,Universal Analysis Mode,Warning,Maintenance inspection recommended soon.
ESP,724,1978,980000.0,36.54,14.02,54.3,Universal Analysis Mode,Warning,Maintenance inspection recommended soon.
ESP,724,1979,1158000.0,74.02,31.61,57.96,Universal Analysis Mode,Warning,Maintenance inspection recommended soon.
ESP,724,1980,1602000.0,75.97,36.83,59.49,Universal Analysis Mode,Warning,Maintenance inspection recommended soon.
ESP,724,1981,1229000.0,67.14,35.93,59.72,Universal Analysis Mode,Warning,Maintenance inspection recommended soon.
ESP,724,1982,1531000.0,58.02,32.97,59.93,Universal Analysis Mode,Warning,Maintenance inspection recommended soon.
ESP,724,1983,2977000.0,50.39,29.55,60.19,Universal Analysis Mode,Warning,Maintenance inspection recommended soon.
ESP,724,1984,2315000.0,45.82,28.78,56.41,Universal Analysis Mode,Warning,Maintenance inspection recommended soon.
ESP,724,1985,2183000.0,43.43,27.56,56.85,Universal Analysis Mode,Warning,Maintenance inspection recommended soon.
ESP,724,1986,1861000.0,22.22,14.43,54.01,Universal Analysis Mode,Warning,Maintenance inspection recommended soon.
ESP,724,1987,1640000.0,27.46,18.44,53.2,Universal Analysis Mode,Warning,Maintenance inspection recommended soon.
ESP,724,1988,1480000.0,21.42,14.92,50.51,Universal Analysis Mode,Warning,Maintenance inspection recommended soon.
ESP,724,1989,1038000.0,24.87,18.23,51.1,Universal Analysis Mode,Warning,Maintenance inspection recommended soon.
ESP,724,1990,795000.0,30.88,23.73,48.84,Universal Analysis Mode,Warning,Maintenance inspection recommended soon.
ESP,724,1991,1067000.0,24.95,20.0,48.99,Universal Analysis Mode,Warning,Maintenance inspection recommended soon.
ESP,724,1992,1073000.0,23.39,19.32,46.98,Universal Analysis Mode,Warning,Maintenance inspection recommended soon.
ESP,724,1993,900000.0,20.01,16.97,45.52,Universal Analysis Mode,Warning,Maintenance inspection recommended soon.
ESP,724,1994,800000.0,18.26,15.82,43.86,Universal Analysis Mode,Warning,Maintenance inspection recommended soon.
ESP,724,1995,700000.0,19.1,17.02,44.15,Universal Analysis Mode,Warning,Maintenance inspection recommended soon.
ESP,724,1996,600000.0,22.48,20.67,44.81,Universal Analysis Mode,Warning,Maintenance inspection recommended soon.
ESP,724,1997,400000.0,20.38,19.09,42.27,Universal Analysis Mode,Warning,Maintenance inspection recommended soon.
ESP,724,1998,600000.0,13.62,12.72,42.44,Universal Analysis Mode,Warning,Maintenance inspection recommended soon.
ESP,724,1999,300000.0,18.56,17.97,41.14,Universal Analysis Mode,Warning,Maintenance inspection recommended soon.
ESP,724,2000,200000.0,28.5,28.5,43.48,Universal Analysis Mode,Warning,Maintenance inspection recommended soon.
ESP,724,2001,353511.77,23.7,24.44,47.27,Universal Analysis Mode,Warning,Maintenance inspection recommended soon.
ESP,724,2002,319218.0,23.72,25.02,46.24,Universal Analysis Mode,Warning,Maintenance inspection recommended soon.
ESP,724,2003,328530.6,26.54,28.83,48.09,Universal Analysis Mode,Warning,Maintenance inspection recommended soon.
ESP,724,2004,298664.05,34.3,38.26,49.31,Universal Analysis Mode,Warning,Maintenance inspection recommended soon.
ESP,724,2005,154038.87,47.26,54.52,48.74,Universal Analysis Mode,Warning,Maintenance inspection recommended soon.
ESP,724,2006,149127.1,55.37,65.14,47.14,Universal Analysis Mode,Warning,Maintenance inspection recommended soon.
ESP,724,2007,136847.91,60.12,72.39,46.45,Universal Analysis Mode,Warning,Maintenance inspection recommended soon.
ESP,724,2008,132800.17,77.79,97.26,48.55,Universal Analysis Mode,Warning,Maintenance inspection recommended soon.
ESP,724,2009,116382.1,49.5,61.67,42.06,Universal Analysis Mode,Warning,Maintenance inspection recommended soon.
ESP,724,2010,128115.48,62.78,79.5,43.9,Universal Analysis Mode,Warning,Maintenance inspection recommended soon.
ESP,724,2011,107922.58,85.17,111.26,43.7,Universal Analysis Mode,Warning,Maintenance inspection recommended soon.
ESP,724,2012,149535.95,83.75,111.67,44.48,Universal Analysis Mode,Warning,Maintenance inspection recommended soon.
ESP,724,2013,365382.1,80.32,108.66,47.26,Universal Analysis Mode,Warning,Maintenance inspection recommended soon.
ESP,724,2014,319675.16,71.97,98.95,53.49,Universal Analysis Mode,Warning,Maintenance inspection recommended soon.
LKA,144,1932,49800.0,10.86,0.87,28.38,Universal Analysis Mode,Healthy,Machine is safe. Continue regular monitoring.
LKA,144,1933,49800.0,8.82,0.67,28.37,Universal Analysis Mode,Healthy,Machine is safe. Continue regular monitoring.
LKA,144,1934,49800.0,12.72,1.0,28.85,Universal Analysis Mode,Healthy,Machine is safe. Continue regular monitoring.
LKA,144,1935,49800.0,12.04,0.97,28.5,Universal Analysis Mode,Healthy,Machine is safe. Continue regular monitoring.
LKA,144,1936,49800.0,13.38,1.09,28.8,Universal Analysis Mode,Healthy,Machine is safe. Continue regular monitoring.
LKA,144,1937,49800.0,13.98,1.18,28.57,Universal Analysis Mode,Healthy,Machine is safe. Continue regular monitoring.
LKA,144,1938,49800.0,13.66,1.13,28.6,Universal Analysis Mode,Healthy,Machine is safe. Continue regular monitoring.
LKA,144,1939,49800.0,12.5,1.02,28.52,Universal Analysis Mode,Healthy,Machine is safe. Continue regular monitoring.
LKA,144,1940,49800.0,12.38,1.02,28.45,Universal Analysis Mode,Healthy,Machine is safe. Continue regular monitoring.
LKA,144,1941,49800.0,13.18,1.14,28.47,Universal Analysis Mode,Healthy,Machine is safe. Continue regular monitoring.
LKA,144,1942,49800.0,12.42,1.19,28.68,Universal Analysis Mode,Healthy,Machine is safe. Continue regular monitoring.
LKA,144,1943,49800.0,11.81,1.2,28.44,Universal Analysis Mode,Healthy,Machine is safe. Continue regular monitoring.
LKA,144,1944,49800.0,11.71,1.21,28.41,Universal Analysis Mode,Healthy,Machine is safe. Continue regular monitoring.
LKA,144,1945,49800.0,9.93,1.05,28.37,Universal Analysis Mode,Healthy,Machine is safe. Continue regular monitoring.
LKA,144,1946,49800.0,9.77,1.12,28.3,Universal Analysis Mode,Healthy,Machine is safe. Continue regular monitoring.
LKA,144,1947,49800.0,14.48,1.9,29.28,Universal Analysis Mode,Healthy,Machine is safe. Continue regular monitoring.
LKA,144,1948,49800.0,14.07,1.99,30.15,Universal Analysis Mode,Warning,Maintenance inspection recommended soon.
LKA,144,1949,49800.0,12.71,1.78,29.74,Universal Analysis Mode,Healthy,Machine is safe. Continue regular monitoring.
LKA,144,1950,49800.0,12.08,1.71,29.57,Universal Analysis Mode,Healthy,Machine is safe. Continue regular monitoring.
LKA,144,1951,49800.0,11.2,1.71,29.42,Universal Analysis Mode,Healthy,Machine is safe. Continue regular monitoring.
LKA,144,1952,49800.0,10.96,1.71,29.43,Universal Analysis Mode,Healthy,Machine is safe. Continue regular monitoring.
LKA,144,1953,49800.0,12.27,1.93,29.97,Universal Analysis Mode,Healthy,Machine is safe. Continue regular monitoring.
LKA,144,1954,49800.0,12.21,1.93,29.91,Universal Analysis Mode,Healthy,Machine is safe. Continue regular monitoring.
LKA,144,1955,49800.0,12.27,1.93,29.59,Universal Analysis Mode,Healthy,Machine is safe. Continue regular monitoring.
LKA,144,1956,49800.0,12.07,1.93,29.6,Universal Analysis Mode,Healthy,Machine is safe. Continue regular monitoring.
LKA,144,1957,49800.0,11.48,1.9,29.37,Universal Analysis Mode,Healthy,Machine is safe. Continue regular monitoring.
LKA,144,1958,49800.0,12.25,2.08,29.84,Universal Analysis Mode,Healthy,Machine is safe. Continue regular monitoring.
LKA,144,1959,49800.0,12.14,2.08,29.9,Universal Analysis Mode,Healthy,Machine is safe. Continue regular monitoring.
LKA,144,1960,0.0,10.91,1.9,25.52,Universal Analysis Mode,Healthy,Machine is safe. Continue regular monitoring.
LKA,144,1961,0.0,10.24,1.8,25.51,Universal Analysis Mode,Healthy,Machine is safe. Continue regular monitoring.
LKA,144,1962,0.0,10.12,1.8,26.42,Universal Analysis Mode,Healthy,Machine is safe. Continue regular monitoring.
LKA,144,1963,0.0,9.99,1.8,26.28,Universal Analysis Mode,Healthy,Machine is safe. Continue regular monitoring.
LKA,144,1964,0.0,9.86,1.8,25.39,Universal Analysis Mode,Healthy,Machine is safe. Continue regular monitoring.
LKA,144,1965,0.0,9.71,1.8,26.02,Universal Analysis Mode,Healthy,Machine is safe. Continue regular monitoring.
LKA,144,1966,0.0,9.41,1.8,25.4,Universal Analysis Mode,Healthy,Machine is safe. Continue regular monitoring.
LKA,144,1967,0.0,9.16,1.8,25.31,Universal Analysis Mode,Healthy,Machine is safe. Continue regular monitoring.
LKA,144,1968,0.0,8.8,1.8,25.09,Universal Analysis Mode,Healthy,Machine is safe. Continue regular monitoring.
LKA,144,1969,0.0,8.35,1.8,25.23,Universal Analysis Mode,Healthy,Machine is safe. Continue regular monitoring.
LKA,144,1970,0.0,7.88,1.8,25.0,Universal Analysis Mode,Healthy,Machine is safe. Continue regular monitoring.
LKA,144,1971,0.0,9.41,2.24,25.36,Universal Analysis Mode,Healthy,Machine is safe. Continue regular monitoring.
LKA,144,1972,0.0,10.09,2.48,25.4,Universal Analysis Mode,Healthy,Machine is safe. Continue regular monitoring.
LKA,144,1973,0.0,12.59,3.29,25.64,Universal Analysis Mode,Healthy,Machine is safe. Continue regular monitoring.
LKA,144,1974,0.0,39.93,11.58,27.54,Universal Analysis Mode,Healthy,Machine is safe. Continue regular monitoring.
LKA,144,1975,0.0,36.44,11.53,27.81,Universal Analysis Mode,Healthy,Machine is safe. Continue regular monitoring.
LKA,144,1976,0.0,38.23,12.8,29.42,Universal Analysis Mode,Healthy,Machine is safe. Continue regular monitoring.
LKA,144,1977,0.0,39.04,13.92,30.64,Universal Analysis Mode,Warning,Maintenance inspection recommended soon.
LKA,144,1978,0.0,36.54,14.02,30.33,Universal Analysis Mode,Warning,Maintenance inspection recommended soon.
LKA,144,1979,0.0,74.02,31.61,32.74,Universal Analysis Mode,Warning,Maintenance inspection recommended soon.
LKA,144,1980,0.0,75.97,36.83,33.99,Universal Analysis Mode,Warning,Maintenance inspection recommended soon.
LKA,144,1981,0.0,67.14,35.93,34.5,Universal Analysis Mode,Warning,Maintenance inspection recommended soon.
LKA,144,1982,0.0,58.02,32.97,34.61,Universal Analysis Mode,Warning,Maintenance inspection recommended soon.
LKA,144,1983,0.0,50.39,29.55,34.24,Universal Analysis Mode,Warning,Maintenance inspection recommended soon.
LKA,144,1984,0.0,45.82,28.78,33.88,Universal Analysis Mode,Warning,Maintenance inspection recommended soon.
LKA,144,1985,0.0,43.43,27.56,33.62,Universal Analysis Mode,Warning,Maintenance inspection recommended soon.
LKA,144,1986,0.0,22.22,14.43,28.43,Universal Analysis Mode,Healthy,Machine is safe. Continue regular monitoring.
LKA,144,1987,0.0,27.46,18.44,27.5,Universal Analysis Mode,Healthy,Machine is safe. Continue regular monitoring.
LKA,144,1988,0.0,21.42,14.92,25.94,Universal Analysis Mode,Healthy,Machine is safe. Continue regular monitoring.
LKA,144,1989,0.0,24.87,18.23,26.46,Universal Analysis Mode,Healthy,Machine is safe. Continue regular monitoring.
LKA,144,1990,0.0,30.88,23.73,27.69,Universal Analysis Mode,Healthy,Machine is safe. Continue regular monitoring.
LKA,144,1991,0.0,24.95,20.0,27.62,Universal Analysis Mode,Healthy,Machine is safe. Continue regular monitoring.
LKA,144,1992,0.0,23.39,19.32,26.13,Universal Analysis Mode,Healthy,Machine is safe. Continue regular monitoring.
LKA,144,1993,0.0,20.01,16.97,25.71,Universal Analysis Mode,Healthy,Machine is safe. Continue regular monitoring.
LKA,144,1994,0.0,18.26,15.82,25.17,Universal Analysis Mode,Healthy,Machine is safe. Continue regular monitoring.
LKA,144,1995,0.0,19.1,17.02,25.12,Universal Analysis Mode,Healthy,Machine is safe. Continue regular monitoring.
LKA,144,1996,0.0,22.48,20.67,25.88,Universal Analysis Mode,Healthy,Machine is safe. Continue regular monitoring.
LKA,144,1997,0.0,20.38,19.09,25.74,Universal Analysis Mode,Healthy,Machine is safe. Continue regular monitoring.
LKA,144,1998,0.0,13.62,12.72,24.72,Universal Analysis Mode,Healthy,Machine is safe. Continue regular monitoring.
LKA,144,1999,0.0,18.56,17.97,25.48,Universal Analysis Mode,Healthy,Machine is safe. Continue regular monitoring.
LKA,144,2000,0.0,28.5,28.5,28.59,Universal Analysis Mode,Healthy,Machine is safe. Continue regular monitoring.
LKA,144,2001,0.0,23.7,24.44,28.58,Universal Analysis Mode,Healthy,Machine is safe. Continue regular monitoring.
LKA,144,2002,0.0,23.72,25.02,28.16,Universal Analysis Mode,Healthy,Machine is safe. Continue regular monitoring.
LKA,144,2003,0.0,26.54,28.83,30.29,Universal Analysis Mode,Warning,Maintenance inspection recommended soon.
LKA,144,2004,0.0,34.3,38.26,30.77,Universal Analysis Mode,Warning,Maintenance inspection recommended soon.
LKA,144,2005,0.0,47.26,54.52,32.0,Universal Analysis Mode,Warning,Maintenance inspection recommended soon.
LKA,144,2006,0.0,55.37,65.14,31.41,Universal Analysis Mode,Warning,Maintenance inspection recommended soon.
LKA,144,2007,0.0,60.12,72.39,31.41,Universal Analysis Mode,Warning,Maintenance inspection recommended soon.
LKA,144,2008,0.0,77.79,97.26,32.06,Universal Analysis Mode,Warning,Maintenance inspection recommended soon.
LKA,144,2009,0.0,49.5,61.67,28.95,Universal Analysis Mode,Healthy,Machine is safe. Continue regular monitoring.
LKA,144,2010,0.0,62.78,79.5,28.58,Universal Analysis Mode,Healthy,Machine is safe. Continue regular monitoring.
LKA,144,2011,0.0,85.17,111.26,27.99,Universal Analysis Mode,Healthy,Machine is safe. Continue regular monitoring.
LKA,144,2012,0.0,83.75,111.67,26.84,Universal Analysis Mode,Healthy,Machine is safe. Continue regular monitoring.
LKA,144,2013,0.0,80.32,108.66,30.73,Universal Analysis Mode,Warning,Maintenance inspection recommended soon.
LKA,144,2014,0.0,71.97,98.95,31.78,Universal Analysis Mode,Warning,Maintenance inspection recommended soon.
SDN,729,1932,49800.0,10.86,0.87,29.79,Universal Analysis Mode,Healthy,Machine is safe. Continue regular monitoring.
SDN,729,1933,49800.0,8.82,0.67,29.77,Universal Analysis Mode,Healthy,Machine is safe. Continue regular monitoring.
SDN,729,1934,49800.0,12.72,1.0,30.25,Universal Analysis Mode,Warning,Maintenance inspection recommended soon.
SDN,729,1935,49800.0,12.04,0.97,29.9,Universal Analysis Mode,Healthy,Machine is safe. Continue regular monitoring.
SDN,729,1936,49800.0,13.38,1.09,30.21,Universal Analysis Mode,Warning,Maintenance inspection recommended soon.
SDN,729,1937,49800.0,13.98,1.18,29.97,Universal Analysis Mode,Healthy,Machine is safe. Continue regular monitoring.
SDN,729,1938,49800.0,13.66,1.13,30.0,Universal Analysis Mode,Warning,Maintenance inspection recommended soon.
SDN,729,1939,49800.0,12.5,1.02,29.93,Universal Analysis Mode,Healthy,Machine is safe. Continue regular monitoring.
SDN,729,1940,49800.0,12.38,1.02,29.85,Universal Analysis Mode,Healthy,Machine is safe. Continue regular monitoring.
SDN,729,1941,49800.0,13.18,1.14,29.88,Universal Analysis Mode,Healthy,Machine is safe. Continue regular monitoring.
SDN,729,1942,49800.0,12.42,1.19,29.69,Universal Analysis Mode,Healthy,Machine is safe. Continue regular monitoring.
SDN,729,1943,49800.0,11.81,1.2,29.44,Universal Analysis Mode,Healthy,Machine is safe. Continue regular monitoring.
SDN,729,1944,49800.0,11.71,1.21,29.4,Universal Analysis Mode,Healthy,Machine is safe. Continue regular monitoring.
SDN,729,1945,49800.0,9.93,1.05,29.06,Universal Analysis Mode,Healthy,Machine is safe. Continue regular monitoring.
SDN,729,1946,49800.0,9.77,1.12,28.95,Universal Analysis Mode,Healthy,Machine is safe. Continue regular monitoring.
SDN,729,1947,49800.0,14.48,1.9,29.9,Universal Analysis Mode,Healthy,Machine is safe. Continue regular monitoring.
SDN,729,1948,49800.0,14.07,1.99,29.92,Universal Analysis Mode,Healthy,Machine is safe. Continue regular monitoring.
SDN,729,1949,49800.0,12.71,1.78,29.47,Universal Analysis Mode,Healthy,Machine is safe. Continue regular monitoring.
SDN,729,1950,49800.0,12.08,1.71,29.91,Universal Analysis Mode,Healthy,Machine is safe. Continue regular monitoring.
SDN,729,1951,49800.0,11.2,1.71,29.75,Universal Analysis Mode,Healthy,Machine is safe. Continue regular monitoring.
SDN,729,1952,49800.0,10.96,1.71,29.77,Universal Analysis Mode,Healthy,Machine is safe. Continue regular monitoring.
SDN,729,1953,49800.0,12.27,1.93,30.31,Universal Analysis Mode,Warning,Maintenance inspection recommended soon.
SDN,729,1954,49800.0,12.21,1.93,30.24,Universal Analysis Mode,Warning,Maintenance inspection recommended soon.
SDN,729,1955,49800.0,12.27,1.93,29.93,Universal Analysis Mode,Healthy,Machine is safe. Continue regular monitoring.
SDN,729,1956,49800.0,12.07,1.93,29.94,Universal Analysis Mode,Healthy,Machine is safe. Continue regular monitoring.
SDN,729,1957,49800.0,11.48,1.9,29.71,Universal Analysis Mode,Healthy,Machine is safe. Continue regular monitoring.
SDN,729,1958,49800.0,12.25,2.08,30.2,Universal Analysis Mode,Warning,Maintenance inspection recommended soon.
SDN,729,1959,49800.0,12.14,2.08,30.26,Universal Analysis Mode,Warning,Maintenance inspection recommended soon.
SDN,729,1960,0.0,10.91,1.9,25.89,Universal Analysis Mode,Healthy,Machine is safe. Continue regular monitoring.
SDN,729,1961,0.0,10.24,1.8,25.87,Universal Analysis Mode,Healthy,Machine is safe. Continue regular monitoring.
SDN,729,1962,0.0,10.12,1.8,26.76,Universal Analysis Mode,Healthy,Machine is safe. Continue regular monitoring.
SDN,729,1963,0.0,9.99,1.8,26.63,Universal Analysis Mode,Healthy,Machine is safe. Continue regular monitoring.
SDN,729,1964,0.0,9.86,1.8,25.74,Universal Analysis Mode,Healthy,Machine is safe. Continue regular monitoring.
SDN,729,1965,0.0,9.71,1.8,26.37,Universal Analysis Mode,Healthy,Machine is safe. Continue regular monitoring.
SDN,729,1966,0.0,9.41,1.8,25.75,Universal Analysis Mode,Healthy,Machine is safe. Continue regular monitoring.
SDN,729,1967,0.0,9.16,1.8,25.66,Universal Analysis Mode,Healthy,Machine is safe. Continue regular monitoring.
SDN,729,1968,0.0,8.8,1.8,25.45,Universal Analysis Mode,Healthy,Machine is safe. Continue regular monitoring.
SDN,729,1969,0.0,8.35,1.8,25.6,Universal Analysis Mode,Healthy,Machine is safe. Continue regular monitoring.
SDN,729,1970,0.0,7.88,1.8,25.38,Universal Analysis Mode,Healthy,Machine is safe. Continue regular monitoring.
SDN,729,1971,0.0,9.41,2.24,25.75,Universal Analysis Mode,Healthy,Machine is safe. Continue regular monitoring.
SDN,729,1972,0.0,10.09,2.48,25.81,Universal Analysis Mode,Healthy,Machine is safe. Continue regular monitoring.
SDN,729,1973,0.0,12.59,3.29,26.09,Universal Analysis Mode,Healthy,Machine is safe. Continue regular monitoring.
SDN,729,1974,0.0,39.93,11.58,28.01,Universal Analysis Mode,Healthy,Machine is safe. Continue regular monitoring.
SDN,729,1975,0.0,36.44,11.53,28.32,Universal Analysis Mode,Healthy,Machine is safe. Continue regular monitoring.
SDN,729,1976,0.0,38.23,12.8,29.96,Universal Analysis Mode,Healthy,Machine is safe. Continue regular monitoring.
SDN,729,1977,0.0,39.04,13.92,31.21,Universal Analysis Mode,Warning,Maintenance inspection recommended soon.
SDN,729,1978,0.0,36.54,14.02,30.93,Universal Analysis Mode,Warning,Maintenance inspection recommended soon.
SDN,729,1979,0.0,74.02,31.61,33.36,Universal Analysis Mode,Warning,Maintenance inspection recommended soon.
SDN,729,1980,0.0,75.97,36.83,34.66,Universal Analysis Mode,Warning,Maintenance inspection recommended soon.
SDN,729,1981,0.0,67.14,35.93,35.2,Universal Analysis Mode,Warning,Maintenance inspection recommended soon.
SDN,729,1982,0.0,58.02,32.97,35.34,Universal Analysis Mode,Warning,Maintenance inspection recommended soon.
SDN,729,1983,0.0,50.39,29.55,35.08,Universal Analysis Mode,Warning,Maintenance inspection recommended soon.
SDN,729,1984,0.0,45.82,28.78,34.77,Universal Analysis Mode,Warning,Maintenance inspection recommended soon.
SDN,729,1985,0.0,43.43,27.56,34.57,Universal Analysis Mode,Warning,Maintenance inspection recommended soon.
SDN,729,1986,0.0,22.22,14.43,32.22,Universal Analysis Mode,Warning,Maintenance inspection recommended soon.
SDN,729,1987,0.0,27.46,18.44,31.33,Universal Analysis Mode,Warning,Maintenance inspection recommended soon.
SDN,729,1988,0.0,21.42,14.92,29.78,Universal Analysis Mode,Healthy,Machine is safe. Continue regular monitoring.
SDN,729,1989,0.0,24.87,18.23,30.28,Universal Analysis Mode,Warning,Maintenance inspection recommended soon.
SDN,729,1990,0.0,30.88,23.73,32.31,Universal Analysis Mode,Warning,Maintenance inspection recommended soon.
SDN,729,1991,0.0,24.95,20.0,32.26,Universal Analysis Mode,Warning,Maintenance inspection recommended soon.
SDN,729,1992,15004.0,23.39,19.32,33.57,Universal Analysis Mode,Warning,Maintenance inspection recommended soon.
SDN,729,1993,49104.0,20.01,16.97,34.89,Universal Analysis Mode,Warning,Maintenance inspection recommended soon.
SDN,729,1994,98515.52,18.26,15.82,36.46,Universal Analysis Mode,Warning,Maintenance inspection recommended soon.
SDN,729,1995,98515.52,19.1,17.02,36.57,Universal Analysis Mode,Warning,Maintenance inspection recommended soon.
SDN,729,1996,246963.6,22.48,20.67,43.39,Universal Analysis Mode,Warning,Maintenance inspection recommended soon.
SDN,729,1997,443319.8,20.38,19.09,45.9,Universal Analysis Mode,Warning,Maintenance inspection recommended soon.
SDN,729,1998,591093.1,13.62,12.72,44.46,Universal Analysis Mode,Warning,Maintenance inspection recommended soon.
SDN,729,1999,3103239.0,18.56,17.97,50.38,Universal Analysis Mode,Warning,Maintenance inspection recommended soon.
SDN,729,2000,8594332.0,28.5,28.5,54.61,Universal Analysis Mode,Warning,Maintenance inspection recommended soon.
SDN,729,2001,10400000.0,23.7,24.44,54.59,Universal Analysis Mode,Warning,Maintenance inspection recommended soon.
SDN,729,2002,11900000.0,23.72,25.02,54.28,Universal Analysis Mode,Warning,Maintenance inspection recommended soon.
SDN,729,2003,13400000.0,26.54,28.83,56.57,Universal Analysis Mode,Warning,Maintenance inspection recommended soon.
SDN,729,2004,17100000.0,34.3,38.26,57.41,Universal Analysis Mode,Warning,Maintenance inspection recommended soon.
SDN,729,2005,17400000.0,47.26,54.52,58.88,Universal Analysis Mode,Warning,Maintenance inspection recommended soon.
SDN,729,2006,18800000.0,55.37,65.14,58.44,Universal Analysis Mode,Warning,Maintenance inspection recommended soon.
SDN,729,2007,23095875.48,60.12,72.39,58.63,Universal Analysis Mode,Warning,Maintenance inspection recommended soon.
SDN,729,2008,23794467.39,77.79,97.26,59.44,Universal Analysis Mode,Warning,Maintenance inspection recommended soon.
SDN,729,2009,24075912.09,49.5,61.67,55.93,Universal Analysis Mode,Warning,Maintenance inspection recommended soon.
SDN,729,2010,25464172.75,62.78,79.5,55.14,Universal Analysis Mode,Warning,Maintenance inspection recommended soon.
SDN,729,2011,22510282.26,85.17,111.26,54.71,Universal Analysis Mode,Warning,Maintenance inspection recommended soon.
SDN,729,2012,5599914.88,83.75,111.67,53.62,Universal Analysis Mode,Warning,Maintenance inspection recommended soon.
SDN,729,2013,12309331.93,80.32,108.66,54.36,Universal Analysis Mode,Warning,Maintenance inspection recommended soon.
SDN,736,2014,12901474.35,71.97,98.95,55.4,Universal Analysis Mode,Warning,Maintenance inspection recommended soon.
SDN,736,1932,49800.0,10.86,0.87,29.81,Universal Analysis Mode,Healthy,Machine is safe. Continue regular monitoring.
SDN,736,1933,49800.0,8.82,0.67,29.79,Universal Analysis Mode,Healthy,Machine is safe. Continue regular monitoring.
SDN,736,1934,49800.0,12.72,1.0,30.27,Universal Analysis Mode,Warning,Maintenance inspection recommended soon.
SDN,736,1935,49800.0,12.04,0.97,29.91,Universal Analysis Mode,Healthy,Machine is safe. Continue regular monitoring.
SDN,736,1936,49800.0,13.38,1.09,30.22,Universal Analysis Mode,Warning,Maintenance inspection recommended soon.
SDN,736,1937,49800.0,13.98,1.18,29.99,Universal Analysis Mode,Healthy,Machine is safe. Continue regular monitoring.
SDN,736,1938,49800.0,13.66,1.13,30.02,Universal Analysis Mode,Warning,Maintenance inspection recommended soon.
SDN,736,1939,49800.0,12.5,1.02,29.94,Universal Analysis Mode,Healthy,Machine is safe. Continue regular monitoring.
SDN,736,1940,49800.0,12.38,1.02,29.87,Universal Analysis Mode,Healthy,Machine is safe. Continue regular monitoring.
SDN,736,1941,49800.0,13.18,1.14,29.89,Universal Analysis Mode,Healthy,Machine is safe. Continue regular monitoring.
SDN,736,1942,49800.0,12.42,1.19,29.7,Universal Analysis Mode,Healthy,Machine is safe. Continue regular monitoring.
SDN,736,1943,49800.0,11.81,1.2,29.45,Universal Analysis Mode,Healthy,Machine is safe. Continue regular monitoring.
SDN,736,1944,49800.0,11.71,1.21,29.41,Universal Analysis Mode,Healthy,Machine is safe. Continue regular monitoring.
SDN,736,1945,49800.0,9.93,1.05,29.07,Universal Analysis Mode,Healthy,Machine is safe. Continue regular monitoring.
SDN,736,1946,49800.0,9.77,1.12,28.96,Universal Analysis Mode,Healthy,Machine is safe. Continue regular monitoring.
SDN,736,1947,49800.0,14.48,1.9,29.91,Universal Analysis Mode,Healthy,Machine is safe. Continue regular monitoring.
SDN,736,1948,49800.0,14.07,1.99,29.94,Universal Analysis Mode,Healthy,Machine is safe. Continue regular monitoring.
SDN,736,1949,49800.0,12.71,1.78,29.49,Universal Analysis Mode,Healthy,Machine is safe. Continue regular monitoring.
SDN,736,1950,49800.0,12.08,1.71,29.92,Universal Analysis Mode,Healthy,Machine is safe. Continue regular monitoring.
SDN,736,1951,49800.0,11.2,1.71,29.77,Universal Analysis Mode,Healthy,Machine is safe. Continue regular monitoring.
SDN,736,1952,49800.0,10.96,1.71,29.78,Universal Analysis Mode,Healthy,Machine is safe. Continue regular monitoring.
SDN,736,1953,49800.0,12.27,1.93,30.32,Universal Analysis Mode,Warning,Maintenance inspection recommended soon.
SDN,736,1954,49800.0,12.21,1.93,30.26,Universal Analysis Mode,Warning,Maintenance inspection recommended soon.
SDN,736,1955,49800.0,12.27,1.93,29.94,Universal Analysis Mode,Healthy,Machine is safe. Continue regular monitoring.
SDN,736,1956,49800.0,12.07,1.93,30.77,Universal Analysis Mode,Warning,Maintenance inspection recommended soon.
SDN,736,1957,49800.0,11.48,1.9,30.53,Universal Analysis Mode,Warning,Maintenance inspection recommended soon.
SDN,736,1958,49800.0,12.25,2.08,31.02,Universal Analysis Mode,Warning,Maintenance inspection recommended soon.
SDN,736,1959,49800.0,12.14,2.08,31.09,Universal Analysis Mode,Warning,Maintenance inspection recommended soon.
SDN,736,1960,0.0,10.91,1.9,26.72,Universal Analysis Mode,Healthy,Machine is safe. Continue regular monitoring.
SDN,736,1961,0.0,10.24,1.8,26.69,Universal Analysis Mode,Healthy,Machine is safe. Continue regular monitoring.
SDN,736,1962,0.0,10.12,1.8,27.59,Universal Analysis Mode,Healthy,Machine is safe. Continue regular monitoring.
SDN,736,1963,0.0,9.99,1.8,27.45,Universal Analysis Mode,Healthy,Machine is safe. Continue regular monitoring.
SDN,736,1964,0.0,9.86,1.8,26.56,Universal Analysis Mode,Healthy,Machine is safe. Continue regular monitoring.
SDN,736,1965,0.0,9.71,1.8,27.2,Universal Analysis Mode,Healthy,Machine is safe. Continue regular monitoring.
SDN,736,1966,0.0,9.41,1.8,26.57,Universal Analysis Mode,Healthy,Machine is safe. Continue regular monitoring.
SDN,736,1967,0.0,9.16,1.8,26.49,Universal Analysis Mode,Healthy,Machine is safe. Continue regular monitoring.
SDN,736,1968,0.0,8.8,1.8,26.28,Universal Analysis Mode,Healthy,Machine is safe. Continue regular monitoring.
SDN,736,1969,0.0,8.35,1.8,26.42,Universal Analysis Mode,Healthy,Machine is safe. Continue regular monitoring.
SDN,736,1970,0.0,7.88,1.8,26.21,Universal Analysis Mode,Healthy,Machine is safe. Continue regular monitoring.
SDN,736,1971,0.0,9.41,2.24,26.58,Universal Analysis Mode,Healthy,Machine is safe. Continue regular monitoring.
SDN,736,1972,0.0,10.09,2.48,26.63,Universal Analysis Mode,Healthy,Machine is safe. Continue regular monitoring.
SDN,736,1973,0.0,12.59,3.29,26.91,Universal Analysis Mode,Healthy,Machine is safe. Continue regular monitoring.
SDN,736,1974,0.0,39.93,11.58,28.84,Universal Analysis Mode,Healthy,Machine is safe. Continue regular monitoring.
SDN,736,1975,0.0,36.44,11.53,29.14,Universal Analysis Mode,Healthy,Machine is safe. Continue regular monitoring.
SDN,736,1976,0.0,38.23,12.8,30.78,Universal Analysis Mode,Warning,Maintenance inspection recommended soon.
SDN,736,1977,0.0,39.04,13.92,32.03,Universal Analysis Mode,Warning,Maintenance inspection recommended soon.
SDN,736,1978,0.0,36.54,14.02,31.75,Universal Analysis Mode,Warning,Maintenance inspection recommended soon.
SDN,736,1979,0.0,74.02,31.61,34.19,Universal Analysis Mode,Warning,Maintenance inspection recommended soon.
SDN,736,1980,0.0,75.97,36.83,35.48,Universal Analysis Mode,Warning,Maintenance inspection recommended soon.
SDN,736,1981,0.0,67.14,35.93,36.02,Universal Analysis Mode,Warning,Maintenance inspection recommended soon.
SDN,736,1982,0.0,58.02,32.97,36.17,Universal Analysis Mode,Warning,Maintenance inspection recommended soon.
SDN,736,1983,0.0,50.39,29.55,35.9,Universal Analysis Mode,Warning,Maintenance inspection recommended soon.
SDN,736,1984,0.0,45.82,28.78,35.59,Universal Analysis Mode,Warning,Maintenance inspection recommended soon.
SDN,736,1985,0.0,43.43,27.56,35.39,Universal Analysis Mode,Warning,Maintenance inspection recommended soon.
SDN,736,1986,0.0,22.22,14.43,33.04,Universal Analysis Mode,Warning,Maintenance inspection recommended soon.
SDN,736,1987,0.0,27.46,18.44,32.15,Universal Analysis Mode,Warning,Maintenance inspection recommended soon.
SDN,736,1988,0.0,21.42,14.92,30.6,Universal Analysis Mode,Warning,Maintenance inspection recommended soon.
SDN,736,1989,0.0,24.87,18.23,31.1,Universal Analysis Mode,Warning,Maintenance inspection recommended soon.
SDN,736,1990,0.0,30.88,23.73,33.13,Universal Analysis Mode,Warning,Maintenance inspection recommended soon.
SDN,736,1991,0.0,24.95,20.0,33.08,Universal Analysis Mode,Warning,Maintenance inspection recommended soon.
SDN,736,1992,15004.0,23.39,19.32,34.39,Universal Analysis Mode,Warning,Maintenance inspection recommended soon.
SDN,736,1993,49104.0,20.01,16.97,35.71,Universal Analysis Mode,Warning,Maintenance inspection recommended soon.
SDN,736,1994,98515.52,18.26,15.82,37.28,Universal Analysis Mode,Warning,Maintenance inspection recommended soon.
SDN,736,1995,98515.52,19.1,17.02,37.39,Universal Analysis Mode,Warning,Maintenance inspection recommended soon.
SDN,736,1996,246963.6,22.48,20.67,44.22,Universal Analysis Mode,Warning,Maintenance inspection recommended soon.
SDN,736,1997,443319.8,20.38,19.09,46.73,Universal Analysis Mode,Warning,Maintenance inspection recommended soon.
SDN,736,1998,591093.1,13.62,12.72,45.28,Universal Analysis Mode,Warning,Maintenance inspection recommended soon.
SDN,736,1999,3103239.0,18.56,17.97,51.2,Universal Analysis Mode,Warning,Maintenance inspection recommended soon.
SDN,736,2000,8594332.0,28.5,28.5,55.43,Universal Analysis Mode,Warning,Maintenance inspection recommended soon.
SDN,736,2001,10400000.0,23.7,24.44,55.41,Universal Analysis Mode,Warning,Maintenance inspection recommended soon.
SDN,736,2002,11900000.0,23.72,25.02,55.11,Universal Analysis Mode,Warning,Maintenance inspection recommended soon.
SDN,736,2003,13400000.0,26.54,28.83,57.4,Universal Analysis Mode,Warning,Maintenance inspection recommended soon.
SDN,736,2004,17100000.0,34.3,38.26,58.23,Universal Analysis Mode,Warning,Maintenance inspection recommended soon.
SDN,736,2005,17400000.0,47.26,54.52,59.7,Universal Analysis Mode,Warning,Maintenance inspection recommended soon.
SDN,736,2006,18800000.0,55.37,65.14,59.26,Universal Analysis Mode,Warning,Maintenance inspection recommended soon.
SDN,736,2007,23095875.48,60.12,72.39,59.45,Universal Analysis Mode,Warning,Maintenance inspection recommended soon.
SDN,736,2008,23794467.39,77.79,97.26,60.27,Universal Analysis Mode,Warning,Maintenance inspection recommended soon.
SDN,736,2009,24075912.09,49.5,61.67,56.75,Universal Analysis Mode,Warning,Maintenance inspection recommended soon.
SDN,736,2010,25464172.75,62.78,79.5,60.43,Universal Analysis Mode,Warning,Maintenance inspection recommended soon.
SDN,736,2011,22510282.26,85.17,111.26,60.01,Universal Analysis Mode,Warning,Maintenance inspection recommended soon.
SDN,736,2012,5599914.88,83.75,111.67,57.3,Universal Analysis Mode,Warning,Maintenance inspection recommended soon.
SDN,736,2013,12309331.93,80.32,108.66,53.56,Universal Analysis Mode,Warning,Maintenance inspection recommended soon.
SDN,736,2014,49800.0,71.97,98.95,35.43,Universal Analysis Mode,Warning,Maintenance inspection recommended soon.
SUR,740,1932,49800.0,10.86,0.87,29.82,Universal Analysis Mode,Healthy,Machine is safe. Continue regular monitoring.
SUR,740,1933,49800.0,8.82,0.67,29.8,Universal Analysis Mode,Healthy,Machine is safe. Continue regular monitoring.
SUR,740,1934,49800.0,12.72,1.0,30.28,Universal Analysis Mode,Warning,Maintenance inspection recommended soon.
SUR,740,1935,49800.0,12.04,0.97,29.93,Universal Analysis Mode,Healthy,Machine is safe. Continue regular monitoring.
SUR,740,1936,49800.0,13.38,1.09,30.23,Universal Analysis Mode,Warning,Maintenance inspection recommended soon.
SUR,740,1937,49800.0,13.98,1.18,30.0,Universal Analysis Mode,Warning,Maintenance inspection recommended soon.
SUR,740,1938,49800.0,13.66,1.13,30.03,Universal Analysis Mode,Warning,Maintenance inspection recommended soon.
SUR,740,1939,49800.0,12.5,1.02,29.95,Universal Analysis Mode,Healthy,Machine is safe. Continue regular monitoring.
SUR,740,1940,49800.0,12.38,1.02,29.88,Universal Analysis Mode,Healthy,Machine is safe. Continue regular monitoring.
SUR,740,1941,49800.0,13.18,1.14,29.9,Universal Analysis Mode,Healthy,Machine is safe. Continue regular monitoring.
SUR,740,1942,49800.0,12.42,1.19,29.72,Universal Analysis Mode,Healthy,Machine is safe. Continue regular monitoring.
SUR,740,1943,49800.0,11.81,1.2,29.47,Universal Analysis Mode,Healthy,Machine is safe. Continue regular monitoring.
SUR,740,1944,49800.0,11.71,1.21,29.42,Universal Analysis Mode,Healthy,Machine is safe. Continue regular monitoring.
SUR,740,1945,49800.0,9.93,1.05,29.08,Universal Analysis Mode,Healthy,Machine is safe. Continue regular monitoring.
SUR,740,1946,49800.0,9.77,1.12,28.97,Universal Analysis Mode,Healthy,Machine is safe. Continue regular monitoring.
SUR,740,1947,49800.0,14.48,1.9,29.92,Universal Analysis Mode,Healthy,Machine is safe. Continue regular monitoring.
SUR,740,1948,49800.0,14.07,1.99,29.95,Universal Analysis Mode,Healthy,Machine is safe. Continue regular monitoring.
SUR,740,1949,49800.0,12.71,1.78,29.5,Universal Analysis Mode,Healthy,Machine is safe. Continue regular monitoring.
SUR,740,1950,49800.0,12.08,1.71,28.22,Universal Analysis Mode,Healthy,Machine is safe. Continue regular monitoring.
SUR,740,1951,49800.0,11.2,1.71,28.03,Universal Analysis Mode,Healthy,Machine is safe. Continue regular monitoring.
SUR,740,1952,49800.0,10.96,1.71,28.01,Universal Analysis Mode,Healthy,Machine is safe. Continue regular monitoring.
SUR,740,1953,49800.0,12.27,1.93,28.52,Universal Analysis Mode,Healthy,Machine is safe. Continue regular monitoring.
SUR,740,1954,49800.0,12.21,1.93,28.42,Universal Analysis Mode,Healthy,Machine is safe. Continue regular monitoring.
SUR,740,1955,49800.0,12.27,1.93,28.07,Universal Analysis Mode,Healthy,Machine is safe. Continue regular monitoring.
SUR,740,1956,49800.0,12.07,1.93,28.05,Universal Analysis Mode,Healthy,Machine is safe. Continue regular monitoring.
SUR,740,1957,49800.0,11.48,1.9,27.78,Universal Analysis Mode,Healthy,Machine is safe. Continue regular monitoring.
SUR,740,1958,49800.0,12.25,2.08,28.23,Universal Analysis Mode,Healthy,Machine is safe. Continue regular monitoring.
SUR,740,1959,49800.0,12.14,2.08,28.26,Universal Analysis Mode,Healthy,Machine is safe. Continue regular monitoring.
SUR,740,1960,49800.0,10.91,1.9,28.19,Universal Analysis Mode,Healthy,Machine is safe. Continue regular monitoring.
SUR,740,1961,49800.0,10.24,1.8,28.13,Universal Analysis Mode,Healthy,Machine is safe. Continue regular monitoring.
SUR,740,1962,49800.0,10.12,1.8,29.0,Universal Analysis Mode,Healthy,Machine is safe. Continue regular monitoring.
SUR,740,1963,49800.0,9.99,1.8,28.83,Universal Analysis Mode,Healthy,Machine is safe. Continue regular monitoring.
SUR,740,1964,49800.0,9.86,1.8,27.92,Universal Analysis Mode,Healthy,Machine is safe. Continue regular monitoring.
SUR,740,1965,49800.0,9.71,1.8,28.52,Universal Analysis Mode,Healthy,Machine is safe. Continue regular monitoring.
SUR,740,1966,49800.0,9.41,1.8,27.87,Universal Analysis Mode,Healthy,Machine is safe. Continue regular monitoring.
SUR,740,1967,49800.0,9.16,1.8,27.76,Universal Analysis Mode,Healthy,Machine is safe. Continue regular monitoring.
SUR,740,1968,49800.0,8.8,1.8,27.51,Universal Analysis Mode,Healthy,Machine is safe. Continue regular monitoring.
SUR,740,1969,49800.0,8.35,1.8,27.63,Universal Analysis Mode,Healthy,Machine is safe. Continue regular monitoring.
SUR,740,1970,49800.0,7.88,1.8,27.37,Universal Analysis Mode,Healthy,Machine is safe. Continue regular monitoring.
SUR,740,1971,49800.0,9.41,2.24,27.71,Universal Analysis Mode,Healthy,Machine is safe. Continue regular monitoring.
SUR,740,1972,49800.0,10.09,2.48,27.72,Universal Analysis Mode,Healthy,Machine is safe. Continue regular monitoring.
SUR,740,1973,49800.0,12.59,3.29,27.94,Universal Analysis Mode,Healthy,Machine is safe. Continue regular monitoring.
SUR,740,1974,49800.0,39.93,11.58,29.81,Universal Analysis Mode,Healthy,Machine is safe. Continue regular monitoring.
SUR,740,1975,0.0,36.44,11.53,26.52,Universal Analysis Mode,Healthy,Machine is safe. Continue regular monitoring.
SUR,740,1976,0.0,38.23,12.8,28.1,Universal Analysis Mode,Healthy,Machine is safe. Continue regular monitoring.
SUR,740,1977,0.0,39.04,13.92,29.3,Universal Analysis Mode,Healthy,Machine is safe. Continue regular monitoring.
SUR,740,1978,0.0,36.54,14.02,28.96,Universal Analysis Mode,Healthy,Machine is safe. Continue regular monitoring.
SUR,740,1979,0.0,74.02,31.61,31.33,Universal Analysis Mode,Warning,Maintenance inspection recommended soon.
SUR,740,1980,0.0,75.97,36.83,32.55,Universal Analysis Mode,Warning,Maintenance inspection recommended soon.
SUR,740,1981,0.0,67.14,35.93,33.03,Universal Analysis Mode,Warning,Maintenance inspection recommended soon.
SUR,740,1982,0.0,58.02,32.97,33.12,Universal Analysis Mode,Warning,Maintenance inspection recommended soon.
SUR,740,1983,0.0,50.39,29.55,32.73,Universal Analysis Mode,Warning,Maintenance inspection recommended soon.
SUR,740,1984,49786.0,45.82,28.78,44.26,Universal Analysis Mode,Warning,Maintenance inspection recommended soon.
SUR,740,1985,49786.0,43.43,27.56,43.83,Universal Analysis Mode,Warning,Maintenance inspection recommended soon.
SUR,740,1986,81967.21,22.22,14.43,40.71,Universal Analysis Mode,Warning,Maintenance inspection recommended soon.
SUR,740,1987,130601.1,27.46,18.44,46.25,Universal Analysis Mode,Warning,Maintenance inspection recommended soon.
SUR,740,1988,191256.8,21.42,14.92,45.26,Universal Analysis Mode,Warning,Maintenance inspection recommended soon.
SUR,740,1989,191256.8,24.87,18.23,46.26,Universal Analysis Mode,Warning,Maintenance inspection recommended soon.
SUR,740,1990,191256.8,30.88,23.73,49.76,Universal Analysis Mode,Warning,Maintenance inspection recommended soon.
SUR,740,1991,204918.0,24.95,20.0,49.23,Universal Analysis Mode,Warning,Maintenance inspection recommended soon.
SUR,740,1992,204918.0,23.39,19.32,47.52,Universal Analysis Mode,Warning,Maintenance inspection recommended soon.
SUR,740,1993,204918.0,20.01,16.97,46.6,Universal Analysis Mode,Warning,Maintenance inspection recommended soon.
SUR,740,1994,204918.0,18.26,15.82,45.78,Universal Analysis Mode,Warning,Maintenance inspection recommended soon.
SUR,740,1995,204918.0,19.1,17.02,45.87,Universal Analysis Mode,Warning,Maintenance inspection recommended soon.
SUR,740,1996,249316.9,22.48,20.67,48.09,Universal Analysis Mode,Warning,Maintenance inspection recommended soon.
SUR,740,1997,273224.0,20.38,19.09,47.93,Universal Analysis Mode,Warning,Maintenance inspection recommended soon.
SUR,740,1998,523497.3,13.62,12.72,48.18,Universal Analysis Mode,Warning,Maintenance inspection recommended soon.
SUR,740,1999,519125.7,18.56,17.97,49.85,Universal Analysis Mode,Warning,Maintenance inspection recommended soon.
SUR,740,2000,614754.1,28.5,28.5,54.32,Universal Analysis Mode,Warning,Maintenance inspection recommended soon.
SUR,740,2001,498000.0,23.7,24.44,53.23,Universal Analysis Mode,Warning,Maintenance inspection recommended soon.
SUR,740,2002,498000.0,23.72,25.02,52.83,Universal Analysis Mode,Warning,Maintenance inspection recommended soon.
SUR,740,2003,498000.0,26.54,28.83,55.22,Universal Analysis Mode,Warning,Maintenance inspection recommended soon.
SUR,740,2004,498000.0,34.3,38.26,56.41,Universal Analysis Mode,Warning,Maintenance inspection recommended soon.
SUR,740,2005,597432.0,47.26,54.52,58.04,Universal Analysis Mode,Warning,Maintenance inspection recommended soon.
SUR,740,2006,654720.0,55.37,65.14,57.66,Universal Analysis Mode,Warning,Maintenance inspection recommended soon.
SUR,740,2007,674079.35,60.12,72.39,53.54,Universal Analysis Mode,Warning,Maintenance inspection recommended soon.
SUR,740,2008,788936.58,77.79,97.26,54.46,Universal Analysis Mode,Warning,Maintenance inspection recommended soon.
SUR,740,2009,785381.86,49.5,61.67,55.26,Universal Analysis Mode,Warning,Maintenance inspection recommended soon.
SUR,740,2010,796800.0,62.78,79.5,49.2,Universal Analysis Mode,Warning,Maintenance inspection recommended soon.
SUR,740,2011,796800.0,85.17,111.26,52.1,Universal Analysis Mode,Warning,Maintenance inspection recommended soon.
SUR,740,2012,788499.83,83.75,111.67,55.16,Universal Analysis Mode,Warning,Maintenance inspection recommended soon.
SUR,740,2013,747000.0,80.32,108.66,51.13,Universal Analysis Mode,Warning,Maintenance inspection recommended soon.
SUR,740,2014,747000.0,71.97,98.95,52.1,Universal Analysis Mode,Warning,Maintenance inspection recommended soon.
SWZ,748,1932,49800.0,10.86,0.87,29.83,Universal Analysis Mode,Healthy,Machine is safe. Continue regular monitoring.
SWZ,748,1933,49800.0,8.82,0.67,29.81,Universal Analysis Mode,Healthy,Machine is safe. Continue regular monitoring.
SWZ,748,1934,49800.0,12.72,1.0,30.29,Universal Analysis Mode,Warning,Maintenance inspection recommended soon.
SWZ,748,1935,49800.0,12.04,0.97,29.94,Universal Analysis Mode,Healthy,Machine is safe. Continue regular monitoring.
SWZ,748,1936,49800.0,13.38,1.09,30.25,Universal Analysis Mode,Warning,Maintenance inspection recommended soon.
SWZ,748,1937,49800.0,13.98,1.18,30.01,Universal Analysis Mode,Warning,Maintenance inspection recommended soon.
SWZ,748,1938,49800.0,13.66,1.13,30.04,Universal Analysis Mode,Warning,Maintenance inspection recommended soon.
SWZ,748,1939,49800.0,12.5,1.02,29.97,Universal Analysis Mode,Healthy,Machine is safe. Continue regular monitoring.
SWZ,748,1940,49800.0,12.38,1.02,29.89,Universal Analysis Mode,Healthy,Machine is safe. Continue regular monitoring.
SWZ,748,1941,49800.0,13.18,1.14,29.92,Universal Analysis Mode,Healthy,Machine is safe. Continue regular monitoring.
SWZ,748,1942,49800.0,12.42,1.19,29.73,Universal Analysis Mode,Healthy,Machine is safe. Continue regular monitoring.
SWZ,748,1943,49800.0,11.81,1.2,29.48,Universal Analysis Mode,Healthy,Machine is safe. Continue regular monitoring.
SWZ,748,1944,49800.0,11.71,1.21,29.44,Universal Analysis Mode,Healthy,Machine is safe. Continue regular monitoring.
SWZ,748,1945,49800.0,9.93,1.05,29.1,Universal Analysis Mode,Healthy,Machine is safe. Continue regular monitoring.
SWZ,748,1946,49800.0,9.77,1.12,28.99,Universal Analysis Mode,Healthy,Machine is safe. Continue regular monitoring.
SWZ,748,1947,49800.0,14.48,1.9,29.94,Universal Analysis Mode,Healthy,Machine is safe. Continue regular monitoring.
SWZ,748,1948,49800.0,14.07,1.99,29.96,Universal Analysis Mode,Healthy,Machine is safe. Continue regular monitoring.
SWZ,748,1949,49800.0,12.71,1.78,29.51,Universal Analysis Mode,Healthy,Machine is safe. Continue regular monitoring.
SWZ,748,1950,49800.0,12.08,1.71,28.28,Universal Analysis Mode,Healthy,Machine is safe. Continue regular monitoring.
SWZ,748,1951,49800.0,11.2,1.71,28.09,Universal Analysis Mode,Healthy,Machine is safe. Continue regular monitoring.
SWZ,748,1952,49800.0,10.96,1.71,28.07,Universal Analysis Mode,Healthy,Machine is safe. Continue regular monitoring.
SWZ,748,1953,49800.0,12.27,1.93,28.58,Universal Analysis Mode,Healthy,Machine is safe. Continue regular monitoring.
SWZ,748,1954,49800.0,12.21,1.93,28.47,Universal Analysis Mode,Healthy,Machine is safe. Continue regular monitoring.
SWZ,748,1955,49800.0,12.27,1.93,28.13,Universal Analysis Mode,Healthy,Machine is safe. Continue regular monitoring.
SWZ,748,1956,49800.0,12.07,1.93,28.11,Universal Analysis Mode,Healthy,Machine is safe. Continue regular monitoring.
SWZ,748,1957,49800.0,11.48,1.9,27.84,Universal Analysis Mode,Healthy,Machine is safe. Continue regular monitoring.
SWZ,748,1958,49800.0,12.25,2.08,28.29,Universal Analysis Mode,Healthy,Machine is safe. Continue regular monitoring.
SWZ,748,1959,49800.0,12.14,2.08,28.31,Universal Analysis Mode,Healthy,Machine is safe. Continue regular monitoring.
SWZ,748,1960,49800.0,10.91,1.9,28.24,Universal Analysis Mode,Healthy,Machine is safe. Continue regular monitoring.
SWZ,748,1961,49800.0,10.24,1.8,28.18,Universal Analysis Mode,Healthy,Machine is safe. Continue regular monitoring.
SWZ,748,1962,49800.0,10.12,1.8,29.05,Universal Analysis Mode,Healthy,Machine is safe. Continue regular monitoring.
SWZ,748,1963,49800.0,9.99,1.8,28.88,Universal Analysis Mode,Healthy,Machine is safe. Continue regular monitoring.
SWZ,748,1964,49800.0,9.86,1.8,27.96,Universal Analysis Mode,Healthy,Machine is safe. Continue regular monitoring.
SWZ,748,1965,49800.0,9.71,1.8,28.57,Universal Analysis Mode,Healthy,Machine is safe. Continue regular monitoring.
SWZ,748,1966,49800.0,9.41,1.8,27.92,Universal Analysis Mode,Healthy,Machine is safe. Continue regular monitoring.
SWZ,748,1967,0.0,9.16,1.8,23.45,Universal Analysis Mode,Healthy,Machine is safe. Continue regular monitoring.
SWZ,748,1968,0.0,8.8,1.8,24.02,Universal Analysis Mode,Healthy,Machine is safe. Continue regular monitoring.
SWZ,748,1969,0.0,8.35,1.8,24.14,Universal Analysis Mode,Healthy,Machine is safe. Continue regular monitoring.
SWZ,748,1970,0.0,7.88,1.8,23.89,Universal Analysis Mode,Healthy,Machine is safe. Continue regular monitoring.
SWZ,748,1971,0.0,9.41,2.24,24.22,Universal Analysis Mode,Healthy,Machine is safe. Continue regular monitoring.
SWZ,748,1972,0.0,10.09,2.48,24.24,Universal Analysis Mode,Healthy,Machine is safe. Continue regular monitoring.
SWZ,748,1973,0.0,12.59,3.29,24.46,Universal Analysis Mode,Healthy,Machine is safe. Continue regular monitoring.
SWZ,748,1974,0.0,39.93,11.58,26.34,Universal Analysis Mode,Healthy,Machine is safe. Continue regular monitoring.
SWZ,748,1975,0.0,36.44,11.53,26.6,Universal Analysis Mode,Healthy,Machine is safe. Continue regular monitoring.
SWZ,748,1976,0.0,38.23,12.8,28.19,Universal Analysis Mode,Healthy,Machine is safe. Continue regular monitoring.
SWZ,748,1977,0.0,39.04,13.92,29.39,Universal Analysis Mode,Healthy,Machine is safe. Continue regular monitoring.
SWZ,748,1978,0.0,36.54,14.02,29.05,Universal Analysis Mode,Healthy,Machine is safe. Continue regular monitoring.
SWZ,748,1979,0.0,74.02,31.61,31.43,Universal Analysis Mode,Warning,Maintenance inspection recommended soon.
SWZ,748,1980,0.0,75.97,36.83,32.67,Universal Analysis Mode,Warning,Maintenance inspection recommended soon.
SWZ,748,1981,0.0,67.14,35.93,33.16,Universal Analysis Mode,Warning,Maintenance inspection recommended soon.
SWZ,748,1982,0.0,58.02,32.97,33.25,Universal Analysis Mode,Warning,Maintenance inspection recommended soon.
SWZ,748,1983,0.0,50.39,29.55,32.85,Universal Analysis Mode,Warning,Maintenance inspection recommended soon.
SWZ,748,1984,0.0,45.82,28.78,32.48,Universal Analysis Mode,Warning,Maintenance inspection recommended soon.
SWZ,748,1985,0.0,43.43,27.56,32.2,Universal Analysis Mode,Warning,Maintenance inspection recommended soon.
SWZ,748,1986,0.0,22.22,14.43,29.81,Universal Analysis Mode,Healthy,Machine is safe. Continue regular monitoring.
SWZ,748,1987,0.0,27.46,18.44,28.88,Universal Analysis Mode,Healthy,Machine is safe. Continue regular monitoring.
SWZ,748,1988,0.0,21.42,14.92,27.3,Universal Analysis Mode,Healthy,Machine is safe. Continue regular monitoring.
SWZ,748,1989,0.0,24.87,18.23,27.76,Universal Analysis Mode,Healthy,Machine is safe. Continue regular monitoring.
SWZ,748,1990,0.0,30.88,23.73,29.73,Universal Analysis Mode,Healthy,Machine is safe. Continue regular monitoring.
SWZ,748,1991,0.0,24.95,20.0,29.61,Universal Analysis Mode,Healthy,Machine is safe. Continue regular monitoring.
SWZ,748,1992,0.0,23.39,19.32,28.08,Universal Analysis Mode,Healthy,Machine is safe. Continue regular monitoring.
SWZ,748,1993,0.0,20.01,16.97,27.66,Universal Analysis Mode,Healthy,Machine is safe. Continue regular monitoring.
SWZ,748,1994,0.0,18.26,15.82,27.1,Universal Analysis Mode,Healthy,Machine is safe. Continue regular monitoring.
SWZ,748,1995,0.0,19.1,17.02,27.02,Universal Analysis Mode,Healthy,Machine is safe. Continue regular monitoring.
SWZ,748,1996,0.0,22.48,20.67,27.79,Universal Analysis Mode,Healthy,Machine is safe. Continue regular monitoring.
SWZ,748,1997,0.0,20.38,19.09,27.61,Universal Analysis Mode,Healthy,Machine is safe. Continue regular monitoring.
SWZ,748,1998,0.0,13.62,12.72,26.58,Universal Analysis Mode,Healthy,Machine is safe. Continue regular monitoring.
SWZ,748,1999,0.0,18.56,17.97,27.32,Universal Analysis Mode,Healthy,Machine is safe. Continue regular monitoring.
SWZ,748,2000,0.0,28.5,28.5,30.48,Universal Analysis Mode,Warning,Maintenance inspection recommended soon.
SWZ,748,2001,0.0,23.7,24.44,30.42,Universal Analysis Mode,Warning,Maintenance inspection recommended soon.
SWZ,748,2002,0.0,23.72,25.02,30.0,Universal Analysis Mode,Warning,Maintenance inspection recommended soon.
SWZ,748,2003,0.0,26.54,28.83,32.1,Universal Analysis Mode,Warning,Maintenance inspection recommended soon.
SWZ,748,2004,0.0,34.3,38.26,32.59,Universal Analysis Mode,Warning,Maintenance inspection recommended soon.
SWZ,748,2005,0.0,47.26,54.52,33.84,Universal Analysis Mode,Warning,Maintenance inspection recommended soon.
SWZ,748,2006,0.0,55.37,65.14,33.25,Universal Analysis Mode,Warning,Maintenance inspection recommended soon.
SWZ,748,2007,0.0,60.12,72.39,33.2,Universal Analysis Mode,Warning,Maintenance inspection recommended soon.
SWZ,748,2008,0.0,77.79,97.26,33.86,Universal Analysis Mode,Warning,Maintenance inspection recommended soon.
SWZ,748,2009,0.0,49.5,61.67,30.75,Universal Analysis Mode,Warning,Maintenance inspection recommended soon.
SWZ,748,2010,0.0,62.78,79.5,31.9,Universal Analysis Mode,Warning,Maintenance inspection recommended soon.
SWZ,748,2011,0.0,85.17,111.26,31.36,Universal Analysis Mode,Warning,Maintenance inspection recommended soon.
SWZ,748,2012,0.0,83.75,111.67,30.24,Universal Analysis Mode,Warning,Maintenance inspection recommended soon.
SWZ,748,2013,0.0,80.32,108.66,30.48,Universal Analysis Mode,Warning,Maintenance inspection recommended soon.
SWZ,748,2014,0.0,71.97,98.95,31.52,Universal Analysis Mode,Warning,Maintenance inspection recommended soon.
SWE,752,1932,49800.0,10.86,0.87,30.32,Universal Analysis Mode,Warning,Maintenance inspection recommended soon.
SWE,752,1933,49800.0,8.82,0.67,30.69,Universal Analysis Mode,Warning,Maintenance inspection recommended soon.
SWE,752,1934,49800.0,12.72,1.0,31.17,Universal Analysis Mode,Warning,Maintenance inspection recommended soon.
SWE,752,1935,49800.0,12.04,0.97,30.82,Universal Analysis Mode,Warning,Maintenance inspection recommended soon.
SWE,752,1936,49800.0,13.38,1.09,31.13,Universal Analysis Mode,Warning,Maintenance inspection recommended soon.
SWE,752,1937,49800.0,13.98,1.18,30.9,Universal Analysis Mode,Warning,Maintenance inspection recommended soon.
SWE,752,1938,49800.0,13.66,1.13,30.93,Universal Analysis Mode,Warning,Maintenance inspection recommended soon.
SWE,752,1939,49800.0,12.5,1.02,30.86,Universal Analysis Mode,Warning,Maintenance inspection recommended soon.
SWE,752,1940,49800.0,12.38,1.02,30.78,Universal Analysis Mode,Warning,Maintenance inspection recommended soon.
SWE,752,1941,49800.0,13.18,1.14,30.81,Universal Analysis Mode,Warning,Maintenance inspection recommended soon.
SWE,752,1942,49800.0,12.42,1.19,30.63,Universal Analysis Mode,Warning,Maintenance inspection recommended soon.
SWE,752,1943,49800.0,11.81,1.2,30.66,Universal Analysis Mode,Warning,Maintenance inspection recommended soon.
SWE,752,1944,49800.0,11.71,1.21,30.63,Universal Analysis Mode,Warning,Maintenance inspection recommended soon.
SWE,752,1945,49800.0,9.93,1.05,30.3,Universal Analysis Mode,Warning,Maintenance inspection recommended soon.
SWE,752,1946,49800.0,9.77,1.12,30.21,Universal Analysis Mode,Warning,Maintenance inspection recommended soon.
SWE,752,1947,49800.0,14.48,1.9,31.17,Universal Analysis Mode,Warning,Maintenance inspection recommended soon.
SWE,752,1948,49800.0,14.07,1.99,31.21,Universal Analysis Mode,Warning,Maintenance inspection recommended soon.
SWE,752,1949,49800.0,12.71,1.78,30.77,Universal Analysis Mode,Warning,Maintenance inspection recommended soon.
SWE,752,1950,49800.0,12.08,1.71,30.61,Universal Analysis Mode,Warning,Maintenance inspection recommended soon.
SWE,752,1951,49800.0,11.2,1.71,30.42,Universal Analysis Mode,Warning,Maintenance inspection recommended soon.
SWE,752,1952,49800.0,10.96,1.71,30.41,Universal Analysis Mode,Warning,Maintenance inspection recommended soon.
SWE,752,1953,49800.0,12.27,1.93,30.92,Universal Analysis Mode,Warning,Maintenance inspection recommended soon.
SWE,752,1954,49800.0,12.21,1.93,30.82,Universal Analysis Mode,Warning,Maintenance inspection recommended soon.
SWE,752,1955,49800.0,12.27,1.93,27.85,Universal Analysis Mode,Healthy,Machine is safe. Continue regular monitoring.
SWE,752,1956,49800.0,12.07,1.93,27.83,Universal Analysis Mode,Healthy,Machine is safe. Continue regular monitoring.
SWE,752,1957,49800.0,11.48,1.9,27.57,Universal Analysis Mode,Healthy,Machine is safe. Continue regular monitoring.
SWE,752,1958,49800.0,12.25,2.08,28.01,Universal Analysis Mode,Healthy,Machine is safe. Continue regular monitoring.
SWE,752,1959,49800.0,12.14,2.08,28.04,Universal Analysis Mode,Healthy,Machine is safe. Continue regular monitoring.
SWE,752,1960,0.0,10.91,1.9,26.26,Universal Analysis Mode,Healthy,Machine is safe. Continue regular monitoring.
SWE,752,1961,0.0,10.24,1.8,26.2,Universal Analysis Mode,Healthy,Machine is safe. Continue regular monitoring.
SWE,752,1962,0.0,10.12,1.8,27.07,Universal Analysis Mode,Healthy,Machine is safe. Continue regular monitoring.
SWE,752,1963,0.0,9.99,1.8,26.9,Universal Analysis Mode,Healthy,Machine is safe. Continue regular monitoring.
SWE,752,1964,0.0,9.86,1.8,25.99,Universal Analysis Mode,Healthy,Machine is safe. Continue regular monitoring.
SWE,752,1965,0.0,9.71,1.8,26.6,Universal Analysis Mode,Healthy,Machine is safe. Continue regular monitoring.
SWE,752,1966,0.0,9.41,1.8,25.96,Universal Analysis Mode,Healthy,Machine is safe. Continue regular monitoring.
SWE,752,1967,0.0,9.16,1.8,25.85,Universal Analysis Mode,Healthy,Machine is safe. Continue regular monitoring.
SWE,752,1968,0.0,8.8,1.8,25.61,Universal Analysis Mode,Healthy,Machine is safe. Continue regular monitoring.
SWE,752,1969,0.0,8.35,1.8,25.73,Universal Analysis Mode,Healthy,Machine is safe. Continue regular monitoring.
SWE,752,1970,0.0,7.88,1.8,25.48,Universal Analysis Mode,Healthy,Machine is safe. Continue regular monitoring.
SWE,752,1971,0.0,9.41,2.24,25.82,Universal Analysis Mode,Healthy,Machine is safe. Continue regular monitoring.
SWE,752,1972,0.0,10.09,2.48,25.83,Universal Analysis Mode,Healthy,Machine is safe. Continue regular monitoring.
SWE,752,1973,0.0,12.59,3.29,26.06,Universal Analysis Mode,Healthy,Machine is safe. Continue regular monitoring.
SWE,752,1974,0.0,39.93,11.58,27.94,Universal Analysis Mode,Healthy,Machine is safe. Continue regular monitoring.
SWE,752,1975,0.0,36.44,11.53,28.2,Universal Analysis Mode,Healthy,Machine is safe. Continue regular monitoring.
SWE,752,1976,0.0,38.23,12.8,29.78,Universal Analysis Mode,Healthy,Machine is safe. Continue regular monitoring.
SWE,752,1977,0.0,39.04,13.92,30.98,Universal Analysis Mode,Warning,Maintenance inspection recommended soon.
SWE,752,1978,1000.0,36.54,14.02,33.04,Universal Analysis Mode,Warning,Maintenance inspection recommended soon.
SWE,752,1979,1000.0,74.02,31.61,35.42,Universal Analysis Mode,Warning,Maintenance inspection recommended soon.
SWE,752,1980,25000.0,75.97,36.83,41.0,Universal Analysis Mode,Warning,Maintenance inspection recommended soon.
SWE,752,1981,6000.0,67.14,35.93,36.91,Universal Analysis Mode,Warning,Maintenance inspection recommended soon.
SWE,752,1982,14000.0,58.02,32.97,37.97,Universal Analysis Mode,Warning,Maintenance inspection recommended soon.
SWE,752,1983,23000.0,50.39,29.55,39.38,Universal Analysis Mode,Warning,Maintenance inspection recommended soon.
SWE,752,1984,13000.0,45.82,28.78,33.45,Universal Analysis Mode,Warning,Maintenance inspection recommended soon.
SWE,752,1985,8000.0,43.43,27.56,33.49,Universal Analysis Mode,Warning,Maintenance inspection recommended soon.
SWE,752,1986,4000.0,22.22,14.43,31.33,Universal Analysis Mode,Warning,Maintenance inspection recommended soon.
SWE,752,1987,3000.0,27.46,18.44,30.39,Universal Analysis Mode,Warning,Maintenance inspection recommended soon.
SWE,752,1988,3000.0,21.42,14.92,28.85,Universal Analysis Mode,Healthy,Machine is safe. Continue regular monitoring.
SWE,752,1989,3000.0,24.87,18.23,29.27,Universal Analysis Mode,Healthy,Machine is safe. Continue regular monitoring.
SWE,752,1990,3000.0,30.88,23.73,27.45,Universal Analysis Mode,Healthy,Machine is safe. Continue regular monitoring.
SWE,752,1991,3000.0,24.95,20.0,27.37,Universal Analysis Mode,Healthy,Machine is safe. Continue regular monitoring.
SWE,752,1992,1000.0,23.39,19.32,25.83,Universal Analysis Mode,Healthy,Machine is safe. Continue regular monitoring.
SWE,752,1993,2728.0,20.01,16.97,25.44,Universal Analysis Mode,Healthy,Machine is safe. Continue regular monitoring.
SWE,752,1994,2728.0,18.26,15.82,24.89,Universal Analysis Mode,Healthy,Machine is safe. Continue regular monitoring.
SWE,752,1995,1364.0,19.1,17.02,24.82,Universal Analysis Mode,Healthy,Machine is safe. Continue regular monitoring.
SWE,752,1996,0.0,22.48,20.67,23.16,Universal Analysis Mode,Healthy,Machine is safe. Continue regular monitoring.
SWE,752,1997,0.0,20.38,19.09,22.98,Universal Analysis Mode,Healthy,Machine is safe. Continue regular monitoring.
SWE,752,1998,0.0,13.62,12.72,22.01,Universal Analysis Mode,Healthy,Machine is safe. Continue regular monitoring.
SWE,752,1999,0.0,18.56,17.97,22.7,Universal Analysis Mode,Healthy,Machine is safe. Continue regular monitoring.
SWE,752,2000,0.0,28.5,28.5,25.8,Universal Analysis Mode,Healthy,Machine is safe. Continue regular monitoring.
SWE,752,2001,0.0,23.7,24.44,25.75,Universal Analysis Mode,Healthy,Machine is safe. Continue regular monitoring.
SWE,752,2002,0.0,23.72,25.02,25.35,Universal Analysis Mode,Healthy,Machine is safe. Continue regular monitoring.
SWE,752,2003,0.0,26.54,28.83,27.39,Universal Analysis Mode,Healthy,Machine is safe. Continue regular monitoring.
SWE,752,2004,0.0,34.3,38.26,27.86,Universal Analysis Mode,Healthy,Machine is safe. Continue regular monitoring.
SWE,752,2005,0.0,47.26,54.52,29.08,Universal Analysis Mode,Healthy,Machine is safe. Continue regular monitoring.
SWE,752,2006,0.0,55.37,65.14,28.52,Universal Analysis Mode,Healthy,Machine is safe. Continue regular monitoring.
SWE,752,2007,0.0,60.12,72.39,28.48,Universal Analysis Mode,Healthy,Machine is safe. Continue regular monitoring.
SWE,752,2008,0.0,77.79,97.26,29.1,Universal Analysis Mode,Healthy,Machine is safe. Continue regular monitoring.
SWE,752,2009,0.0,49.5,61.67,26.04,Universal Analysis Mode,Healthy,Machine is safe. Continue regular monitoring.
SWE,752,2010,0.0,62.78,79.5,26.33,Universal Analysis Mode,Healthy,Machine is safe. Continue regular monitoring.
SWE,752,2011,0.0,85.17,111.26,25.81,Universal Analysis Mode,Healthy,Machine is safe. Continue regular monitoring.
SWE,752,2012,0.0,83.75,111.67,24.7,Universal Analysis Mode,Healthy,Machine is safe. Continue regular monitoring.
SWE,752,2013,0.0,80.32,108.66,24.97,Universal Analysis Mode,Healthy,Machine is safe. Continue regular monitoring.
SWE,752,2014,0.0,71.97,98.95,32.32,Universal Analysis Mode,Warning,Maintenance inspection recommended soon.
CHE,756,1932,49800.0,10.86,0.87,30.21,Universal Analysis Mode,Warning,Maintenance inspection recommended soon.
CHE,756,1933,49800.0,8.82,0.67,30.19,Universal Analysis Mode,Warning,Maintenance inspection recommended soon.
CHE,756,1934,49800.0,12.72,1.0,30.67,Universal Analysis Mode,Warning,Maintenance inspection recommended soon.
CHE,756,1935,49800.0,12.04,0.97,30.32,Universal Analysis Mode,Warning,Maintenance inspection recommended soon.
CHE,756,1936,49800.0,13.38,1.09,30.63,Universal Analysis Mode,Warning,Maintenance inspection recommended soon.
CHE,756,1937,49800.0,13.98,1.18,30.4,Universal Analysis Mode,Warning,Maintenance inspection recommended soon.
CHE,756,1938,49800.0,13.66,1.13,30.43,Universal Analysis Mode,Warning,Maintenance inspection recommended soon.
CHE,756,1939,49800.0,12.5,1.02,30.35,Universal Analysis Mode,Warning,Maintenance inspection recommended soon.
CHE,756,1940,49800.0,12.38,1.02,30.28,Universal Analysis Mode,Warning,Maintenance inspection recommended soon.
CHE,756,1941,49800.0,13.18,1.14,30.31,Universal Analysis Mode,Warning,Maintenance inspection recommended soon.
CHE,756,1942,49800.0,12.42,1.19,30.13,Universal Analysis Mode,Warning,Maintenance inspection recommended soon.
CHE,756,1943,49800.0,11.81,1.2,29.88,Universal Analysis Mode,Healthy,Machine is safe. Continue regular monitoring.
CHE,756,1944,49800.0,11.71,1.21,29.84,Universal Analysis Mode,Healthy,Machine is safe. Continue regular monitoring.
CHE,756,1945,49800.0,9.93,1.05,29.5,Universal Analysis Mode,Healthy,Machine is safe. Continue regular monitoring.
CHE,756,1946,49800.0,9.77,1.12,29.41,Universal Analysis Mode,Healthy,Machine is safe. Continue regular monitoring.
CHE,756,1947,49800.0,14.48,1.9,30.36,Universal Analysis Mode,Warning,Maintenance inspection recommended soon.
CHE,756,1948,49800.0,14.07,1.99,30.39,Universal Analysis Mode,Warning,Maintenance inspection recommended soon.
CHE,756,1949,49800.0,12.71,1.78,29.95,Universal Analysis Mode,Healthy,Machine is safe. Continue regular monitoring.
CHE,756,1950,49800.0,12.08,1.71,29.78,Universal Analysis Mode,Healthy,Machine is safe. Continue regular monitoring.
CHE,756,1951,49800.0,11.2,1.71,29.58,Universal Analysis Mode,Healthy,Machine is safe. Continue regular monitoring.
CHE,756,1952,49800.0,10.96,1.71,29.56,Universal Analysis Mode,Healthy,Machine is safe. Continue regular monitoring.
CHE,756,1953,49800.0,12.27,1.93,30.07,Universal Analysis Mode,Warning,Maintenance inspection recommended soon.
CHE,756,1954,49800.0,12.21,1.93,29.97,Universal Analysis Mode,Healthy,Machine is safe. Continue regular monitoring.
CHE,756,1955,49800.0,12.27,1.93,29.62,Universal Analysis Mode,Healthy,Machine is safe. Continue regular monitoring.
CHE,756,1956,49800.0,12.07,1.93,29.6,Universal Analysis Mode,Healthy,Machine is safe. Continue regular monitoring.
CHE,756,1957,49800.0,11.48,1.9,29.33,Universal Analysis Mode,Healthy,Machine is safe. Continue regular monitoring.
CHE,756,1958,49800.0,12.25,2.08,29.78,Universal Analysis Mode,Healthy,Machine is safe. Continue regular monitoring.
CHE,756,1959,49800.0,12.14,2.08,29.8,Universal Analysis Mode,Healthy,Machine is safe. Continue regular monitoring.
CHE,756,1960,0.0,10.91,1.9,25.39,Universal Analysis Mode,Healthy,Machine is safe. Continue regular monitoring.
CHE,756,1961,0.0,10.24,1.8,25.33,Universal Analysis Mode,Healthy,Machine is safe. Continue regular monitoring.
CHE,756,1962,0.0,10.12,1.8,26.2,Universal Analysis Mode,Healthy,Machine is safe. Continue regular monitoring.
CHE,756,1963,0.0,9.99,1.8,26.02,Universal Analysis Mode,Healthy,Machine is safe. Continue regular monitoring.
CHE,756,1964,0.0,9.86,1.8,25.11,Universal Analysis Mode,Healthy,Machine is safe. Continue regular monitoring.
CHE,756,1965,0.0,9.71,1.8,25.71,Universal Analysis Mode,Healthy,Machine is safe. Continue regular monitoring.
CHE,756,1966,0.0,9.41,1.8,25.06,Universal Analysis Mode,Healthy,Machine is safe. Continue regular monitoring.
CHE,756,1967,0.0,9.16,1.8,24.93,Universal Analysis Mode,Healthy,Machine is safe. Continue regular monitoring.
CHE,756,1968,0.0,8.8,1.8,24.69,Universal Analysis Mode,Healthy,Machine is safe. Continue regular monitoring.
CHE,756,1969,0.0,8.35,1.8,25.19,Universal Analysis Mode,Healthy,Machine is safe. Continue regular monitoring.
CHE,756,1970,0.0,7.88,1.8,24.94,Universal Analysis Mode,Healthy,Machine is safe. Continue regular monitoring.
CHE,756,1971,0.0,9.41,2.24,25.28,Universal Analysis Mode,Healthy,Machine is safe. Continue regular monitoring.
CHE,756,1972,0.0,10.09,2.48,25.3,Universal Analysis Mode,Healthy,Machine is safe. Continue regular monitoring.
CHE,756,1973,0.0,12.59,3.29,25.52,Universal Analysis Mode,Healthy,Machine is safe. Continue regular monitoring.
CHE,756,1974,0.0,39.93,11.58,27.4,Universal Analysis Mode,Healthy,Machine is safe. Continue regular monitoring.
CHE,756,1975,0.0,36.44,11.53,27.65,Universal Analysis Mode,Healthy,Machine is safe. Continue regular monitoring.
CHE,756,1976,0.0,38.23,12.8,29.22,Universal Analysis Mode,Healthy,Machine is safe. Continue regular monitoring.
CHE,756,1977,0.0,39.04,13.92,30.41,Universal Analysis Mode,Warning,Maintenance inspection recommended soon.
CHE,756,1978,0.0,36.54,14.02,30.08,Universal Analysis Mode,Warning,Maintenance inspection recommended soon.
CHE,756,1979,0.0,74.02,31.61,32.45,Universal Analysis Mode,Warning,Maintenance inspection recommended soon.
CHE,756,1980,0.0,75.97,36.83,33.68,Universal Analysis Mode,Warning,Maintenance inspection recommended soon.
CHE,756,1981,0.0,67.14,35.93,34.16,Universal Analysis Mode,Warning,Maintenance inspection recommended soon.
CHE,756,1982,0.0,58.02,32.97,34.25,Universal Analysis Mode,Warning,Maintenance inspection recommended soon.
CHE,756,1983,0.0,50.39,29.55,34.13,Universal Analysis Mode,Warning,Maintenance inspection recommended soon.
CHE,756,1984,0.0,45.82,28.78,30.74,Universal Analysis Mode,Warning,Maintenance inspection recommended soon.
CHE,756,1985,0.0,43.43,27.56,34.23,Universal Analysis Mode,Warning,Maintenance inspection recommended soon.
CHE,756,1986,0.0,22.22,14.43,31.92,Universal Analysis Mode,Warning,Maintenance inspection recommended soon.
CHE,756,1987,0.0,27.46,18.44,31.03,Universal Analysis Mode,Warning,Maintenance inspection recommended soon.
CHE,756,1988,0.0,21.42,14.92,29.46,Universal Analysis Mode,Healthy,Machine is safe. Continue regular monitoring.
CHE,756,1989,0.0,24.87,18.23,29.94,Universal Analysis Mode,Healthy,Machine is safe. Continue regular monitoring.
CHE,756,1990,0.0,30.88,23.73,28.06,Universal Analysis Mode,Healthy,Machine is safe. Continue regular monitoring.
CHE,756,1991,0.0,24.95,20.0,27.91,Universal Analysis Mode,Healthy,Machine is safe. Continue regular monitoring.
CHE,756,1992,0.0,23.39,19.32,26.41,Universal Analysis Mode,Healthy,Machine is safe. Continue regular monitoring.
CHE,756,1993,0.0,20.01,16.97,26.01,Universal Analysis Mode,Healthy,Machine is safe. Continue regular monitoring.
CHE,756,1994,0.0,18.26,15.82,25.47,Universal Analysis Mode,Healthy,Machine is safe. Continue regular monitoring.
CHE,756,1995,0.0,19.1,17.02,21.55,Universal Analysis Mode,Healthy,Machine is safe. Continue regular monitoring.
CHE,756,1996,0.0,22.48,20.67,22.27,Universal Analysis Mode,Healthy,Machine is safe. Continue regular monitoring.
CHE,756,1997,0.0,20.38,19.09,22.11,Universal Analysis Mode,Healthy,Machine is safe. Continue regular monitoring.
CHE,756,1998,0.0,13.62,12.72,21.12,Universal Analysis Mode,Healthy,Machine is safe. Continue regular monitoring.
CHE,756,1999,0.0,18.56,17.97,21.83,Universal Analysis Mode,Healthy,Machine is safe. Continue regular monitoring.
CHE,756,2000,0.0,28.5,28.5,24.93,Universal Analysis Mode,Healthy,Machine is safe. Continue regular monitoring.
CHE,756,2001,0.0,23.7,24.44,24.86,Universal Analysis Mode,Healthy,Machine is safe. Continue regular monitoring.
CHE,756,2002,0.0,23.72,25.02,24.46,Universal Analysis Mode,Healthy,Machine is safe. Continue regular monitoring.
CHE,756,2003,0.0,26.54,28.83,26.52,Universal Analysis Mode,Healthy,Machine is safe. Continue regular monitoring.
CHE,756,2004,0.0,34.3,38.26,26.96,Universal Analysis Mode,Healthy,Machine is safe. Continue regular monitoring.
CHE,756,2005,0.0,47.26,54.52,28.15,Universal Analysis Mode,Healthy,Machine is safe. Continue regular monitoring.
CHE,756,2006,0.0,55.37,65.14,27.57,Universal Analysis Mode,Healthy,Machine is safe. Continue regular monitoring.
CHE,756,2007,0.0,60.12,72.39,27.55,Universal Analysis Mode,Healthy,Machine is safe. Continue regular monitoring.
CHE,756,2008,0.0,77.79,97.26,28.15,Universal Analysis Mode,Healthy,Machine is safe. Continue regular monitoring.
CHE,756,2009,0.0,49.5,61.67,25.18,Universal Analysis Mode,Healthy,Machine is safe. Continue regular monitoring.
CHE,756,2010,0.0,62.78,79.5,29.43,Universal Analysis Mode,Healthy,Machine is safe. Continue regular monitoring.
CHE,756,2011,0.0,85.17,111.26,28.89,Universal Analysis Mode,Healthy,Machine is safe. Continue regular monitoring.
CHE,756,2012,0.0,83.75,111.67,27.83,Universal Analysis Mode,Healthy,Machine is safe. Continue regular monitoring.
CHE,756,2013,0.0,80.32,108.66,27.98,Universal Analysis Mode,Healthy,Machine is safe. Continue regular monitoring.
CHE,756,2014,0.0,71.97,98.95,32.21,Universal Analysis Mode,Warning,Maintenance inspection recommended soon.
SYR,760,1932,49800.0,10.86,0.87,29.87,Universal Analysis Mode,Healthy,Machine is safe. Continue regular monitoring.
SYR,760,1933,49800.0,8.82,0.67,29.85,Universal Analysis Mode,Healthy,Machine is safe. Continue regular monitoring.
SYR,760,1934,49800.0,12.72,1.0,30.33,Universal Analysis Mode,Warning,Maintenance inspection recommended soon.
SYR,760,1935,49800.0,12.04,0.97,29.97,Universal Analysis Mode,Healthy,Machine is safe. Continue regular monitoring.
SYR,760,1936,49800.0,13.38,1.09,30.28,Universal Analysis Mode,Warning,Maintenance inspection recommended soon.
SYR,760,1937,49800.0,13.98,1.18,30.04,Universal Analysis Mode,Warning,Maintenance inspection recommended soon.
SYR,760,1938,49800.0,13.66,1.13,30.07,Universal Analysis Mode,Warning,Maintenance inspection recommended soon.
SYR,760,1939,49800.0,12.5,1.02,30.0,Universal Analysis Mode,Warning,Maintenance inspection recommended soon.
SYR,760,1940,49800.0,12.38,1.02,29.93,Universal Analysis Mode,Healthy,Machine is safe. Continue regular monitoring.
SYR,760,1941,49800.0,13.18,1.14,29.95,Universal Analysis Mode,Healthy,Machine is safe. Continue regular monitoring.
SYR,760,1942,49800.0,12.42,1.19,29.76,Universal Analysis Mode,Healthy,Machine is safe. Continue regular monitoring.
SYR,760,1943,49800.0,11.81,1.2,29.51,Universal Analysis Mode,Healthy,Machine is safe. Continue regular monitoring.
SYR,760,1944,49800.0,11.71,1.21,29.47,Universal Analysis Mode,Healthy,Machine is safe. Continue regular monitoring.
SYR,760,1945,49800.0,9.93,1.05,29.13,Universal Analysis Mode,Healthy,Machine is safe. Continue regular monitoring.
SYR,760,1946,49800.0,9.77,1.12,29.83,Universal Analysis Mode,Healthy,Machine is safe. Continue regular monitoring.
SYR,760,1947,49800.0,14.48,1.9,30.78,Universal Analysis Mode,Warning,Maintenance inspection recommended soon.
SYR,760,1948,49800.0,14.07,1.99,30.81,Universal Analysis Mode,Warning,Maintenance inspection recommended soon.
SYR,760,1949,49800.0,12.71,1.78,30.36,Universal Analysis Mode,Warning,Maintenance inspection recommended soon.
SYR,760,1950,49800.0,12.08,1.71,29.67,Universal Analysis Mode,Healthy,Machine is safe. Continue regular monitoring.
SYR,760,1951,49800.0,11.2,1.71,29.48,Universal Analysis Mode,Healthy,Machine is safe. Continue regular monitoring.
SYR,760,1952,49800.0,10.96,1.71,29.47,Universal Analysis Mode,Healthy,Machine is safe. Continue regular monitoring.
SYR,760,1953,49800.0,12.27,1.93,29.98,Universal Analysis Mode,Healthy,Machine is safe. Continue regular monitoring.
SYR,760,1954,49800.0,12.21,1.93,29.88,Universal Analysis Mode,Healthy,Machine is safe. Continue regular monitoring.
SYR,760,1955,49800.0,12.27,1.93,29.54,Universal Analysis Mode,Healthy,Machine is safe. Continue regular monitoring.
SYR,760,1956,49800.0,12.07,1.93,29.53,Universal Analysis Mode,Healthy,Machine is safe. Continue regular monitoring.
SYR,760,1957,49800.0,11.48,1.9,29.26,Universal Analysis Mode,Healthy,Machine is safe. Continue regular monitoring.
SYR,760,1958,49800.0,12.25,2.08,29.72,Universal Analysis Mode,Healthy,Machine is safe. Continue regular monitoring.
SYR,760,1959,49800.0,12.14,2.08,29.75,Universal Analysis Mode,Healthy,Machine is safe. Continue regular monitoring.
SYR,760,1960,49800.0,10.91,1.9,29.7,Universal Analysis Mode,Healthy,Machine is safe. Continue regular monitoring.
SYR,760,1961,0.0,10.24,1.8,25.3,Universal Analysis Mode,Healthy,Machine is safe. Continue regular monitoring.
SYR,760,1962,0.0,10.12,1.8,26.17,Universal Analysis Mode,Healthy,Machine is safe. Continue regular monitoring.
SYR,760,1963,0.0,9.99,1.8,26.0,Universal Analysis Mode,Healthy,Machine is safe. Continue regular monitoring.
SYR,760,1964,0.0,9.86,1.8,25.09,Universal Analysis Mode,Healthy,Machine is safe. Continue regular monitoring.
SYR,760,1965,0.0,9.71,1.8,25.7,Universal Analysis Mode,Healthy,Machine is safe. Continue regular monitoring.
SYR,760,1966,0.0,9.41,1.8,25.06,Universal Analysis Mode,Healthy,Machine is safe. Continue regular monitoring.
SYR,760,1967,0.0,9.16,1.8,24.94,Universal Analysis Mode,Healthy,Machine is safe. Continue regular monitoring.
SYR,760,1968,1327869.0,8.8,1.8,42.17,Universal Analysis Mode,Warning,Maintenance inspection recommended soon.
SYR,760,1969,2291120.0,8.35,1.8,43.82,Universal Analysis Mode,Warning,Maintenance inspection recommended soon.
SYR,760,1970,4243000.0,7.88,1.8,47.32,Universal Analysis Mode,Warning,Maintenance inspection recommended soon.
SYR,760,1971,5289000.0,9.41,2.24,48.23,Universal Analysis Mode,Warning,Maintenance inspection recommended soon.
SYR,760,1972,5862000.0,10.09,2.48,48.39,Universal Analysis Mode,Warning,Maintenance inspection recommended soon.
SYR,760,1973,5543000.0,12.59,3.29,48.76,Universal Analysis Mode,Warning,Maintenance inspection recommended soon.
SYR,760,1974,6426000.0,39.93,11.58,51.49,Universal Analysis Mode,Warning,Maintenance inspection recommended soon.
SYR,760,1975,9572000.0,36.44,11.53,52.06,Universal Analysis Mode,Warning,Maintenance inspection recommended soon.
SYR,760,1976,10000000.0,38.23,12.8,53.9,Universal Analysis Mode,Warning,Maintenance inspection recommended soon.
SYR,760,1977,9117000.0,39.04,13.92,55.12,Universal Analysis Mode,Warning,Maintenance inspection recommended soon.
SYR,760,1978,9924000.0,36.54,14.02,54.87,Universal Analysis Mode,Warning,Maintenance inspection recommended soon.
SYR,760,1979,8701000.0,74.02,31.61,57.61,Universal Analysis Mode,Warning,Maintenance inspection recommended soon.
SYR,760,1980,9198000.0,75.97,36.83,59.0,Universal Analysis Mode,Warning,Maintenance inspection recommended soon.
SYR,760,1981,9493000.0,67.14,35.93,59.54,Universal Analysis Mode,Warning,Maintenance inspection recommended soon.
SYR,760,1982,9010000.0,58.02,32.97,59.56,Universal Analysis Mode,Warning,Maintenance inspection recommended soon.
SYR,760,1983,9359000.0,50.39,29.55,59.14,Universal Analysis Mode,Warning,Maintenance inspection recommended soon.
SYR,760,1984,9417000.0,45.82,28.78,58.79,Universal Analysis Mode,Warning,Maintenance inspection recommended soon.
SYR,760,1985,9236000.0,43.43,27.56,58.5,Universal Analysis Mode,Warning,Maintenance inspection recommended soon.
SYR,760,1986,9267000.0,22.22,14.43,53.77,Universal Analysis Mode,Warning,Maintenance inspection recommended soon.
SYR,760,1987,11500000.0,27.46,18.44,58.91,Universal Analysis Mode,Warning,Maintenance inspection recommended soon.
SYR,760,1988,13400000.0,21.42,14.92,57.31,Universal Analysis Mode,Warning,Maintenance inspection recommended soon.
SYR,760,1989,16900000.0,24.87,18.23,58.11,Universal Analysis Mode,Warning,Maintenance inspection recommended soon.
SYR,760,1990,20200000.0,30.88,23.73,61.19,Universal Analysis Mode,Warning,Maintenance inspection recommended soon.
SYR,760,1991,23500000.0,24.95,20.0,61.18,Universal Analysis Mode,Warning,Maintenance inspection recommended soon.
SYR,760,1992,25800000.0,23.39,19.32,59.61,Universal Analysis Mode,Warning,Maintenance inspection recommended soon.
SYR,760,1993,28300000.0,20.01,16.97,59.23,Universal Analysis Mode,Warning,Maintenance inspection recommended soon.
SYR,760,1994,28200000.0,18.26,15.82,58.63,Universal Analysis Mode,Warning,Maintenance inspection recommended soon.
SYR,760,1995,29900000.0,19.1,17.02,58.59,Universal Analysis Mode,Warning,Maintenance inspection recommended soon.
SYR,760,1996,29400000.0,22.48,20.67,59.58,Universal Analysis Mode,Warning,Maintenance inspection recommended soon.
SYR,760,1997,28900000.0,20.38,19.09,59.39,Universal Analysis Mode,Warning,Maintenance inspection recommended soon.
SYR,760,1998,28800000.0,13.62,12.72,58.18,Universal Analysis Mode,Warning,Maintenance inspection recommended soon.
SYR,760,1999,29000000.0,18.56,17.97,59.18,Universal Analysis Mode,Warning,Maintenance inspection recommended soon.
SYR,760,2000,27600000.0,28.5,28.5,62.74,Universal Analysis Mode,Warning,Maintenance inspection recommended soon.
SYR,760,2001,24100000.0,23.7,24.44,62.61,Universal Analysis Mode,Warning,Maintenance inspection recommended soon.
SYR,760,2002,23500000.0,23.72,25.02,62.25,Universal Analysis Mode,Warning,Maintenance inspection recommended soon.
SYR,760,2003,23100000.0,26.54,28.83,64.64,Universal Analysis Mode,Warning,Maintenance inspection recommended soon.
SYR,760,2004,22200000.0,34.3,38.26,65.28,Universal Analysis Mode,Warning,Maintenance inspection recommended soon.
SYR,760,2005,21500000.0,47.26,54.52,66.78,Universal Analysis Mode,Warning,Maintenance inspection recommended soon.
SYR,760,2006,20200000.0,55.37,65.14,66.1,Universal Analysis Mode,Warning,Maintenance inspection recommended soon.
SYR,760,2007,18924000.0,60.12,72.39,66.13,Universal Analysis Mode,Warning,Maintenance inspection recommended soon.
SYR,760,2008,18391070.28,77.79,97.26,64.08,Universal Analysis Mode,Warning,Maintenance inspection recommended soon.
SYR,760,2009,18326588.24,49.5,61.67,60.56,Universal Analysis Mode,Warning,Maintenance inspection recommended soon.
SYR,760,2010,18282988.34,62.78,79.5,60.4,Universal Analysis Mode,Warning,Maintenance inspection recommended soon.
SYR,760,2011,14950232.9,85.17,111.26,59.91,Universal Analysis Mode,Warning,Maintenance inspection recommended soon.
SYR,760,2012,7232429.6,83.75,111.67,58.14,Universal Analysis Mode,Warning,Maintenance inspection recommended soon.
SYR,760,2013,2890583.23,80.32,108.66,54.99,Universal Analysis Mode,Warning,Maintenance inspection recommended soon.
SYR,760,2014,1128481.45,71.97,98.95,56.97,Universal Analysis Mode,Warning,Maintenance inspection recommended soon.
TWN,158,1932,49800.0,14.07,0.87,28.78,Universal Analysis Mode,Healthy,Machine is safe. Continue regular monitoring.
TWN,158,1933,49800.0,14.07,0.67,28.94,Universal Analysis Mode,Healthy,Machine is safe. Continue regular monitoring.
TWN,158,1934,49800.0,14.07,1.0,28.92,Universal Analysis Mode,Healthy,Machine is safe. Continue regular monitoring.
TWN,158,1935,49800.0,14.07,0.97,28.81,Universal Analysis Mode,Healthy,Machine is safe. Continue regular monitoring.
TWN,158,1936,49800.0,14.07,1.09,28.87,Universal Analysis Mode,Healthy,Machine is safe. Continue regular monitoring.
TWN,158,1937,49800.0,14.07,1.18,28.6,Universal Analysis Mode,Healthy,Machine is safe. Continue regular monitoring.
TWN,158,1938,49800.0,14.07,1.13,28.64,Universal Analysis Mode,Healthy,Machine is safe. Continue regular monitoring.
TWN,158,1939,49800.0,14.07,1.02,28.67,Universal Analysis Mode,Healthy,Machine is safe. Continue regular monitoring.
TWN,158,1940,49800.0,14.07,1.02,28.64,Universal Analysis Mode,Healthy,Machine is safe. Continue regular monitoring.
TWN,158,1941,49800.0,14.07,1.14,28.57,Universal Analysis Mode,Healthy,Machine is safe. Continue regular monitoring.
TWN,158,1942,49800.0,14.07,1.19,28.46,Universal Analysis Mode,Healthy,Machine is safe. Continue regular monitoring.
TWN,158,1943,49800.0,14.07,1.2,28.79,Universal Analysis Mode,Healthy,Machine is safe. Continue regular monitoring.
TWN,158,1944,49800.0,14.07,1.21,28.76,Universal Analysis Mode,Healthy,Machine is safe. Continue regular monitoring.
TWN,158,1945,49800.0,14.07,1.05,28.16,Universal Analysis Mode,Healthy,Machine is safe. Continue regular monitoring.
TWN,158,1946,49800.0,14.07,1.12,28.09,Universal Analysis Mode,Healthy,Machine is safe. Continue regular monitoring.
TWN,158,1947,49800.0,14.07,1.9,28.9,Universal Analysis Mode,Healthy,Machine is safe. Continue regular monitoring.
TWN,158,1948,49800.0,14.07,1.99,29.28,Universal Analysis Mode,Healthy,Machine is safe. Continue regular monitoring.
TWN,158,1949,49800.0,14.07,1.78,29.84,Universal Analysis Mode,Healthy,Machine is safe. Continue regular monitoring.
TWN,158,1950,49800.0,12.08,1.71,29.59,Universal Analysis Mode,Healthy,Machine is safe. Continue regular monitoring.
TWN,158,1951,49800.0,11.2,1.71,29.44,Universal Analysis Mode,Healthy,Machine is safe. Continue regular monitoring.
TWN,158,1952,49800.0,10.96,1.71,29.46,Universal Analysis Mode,Healthy,Machine is safe. Continue regular monitoring.
TWN,158,1953,49800.0,12.27,1.93,30.01,Universal Analysis Mode,Warning,Maintenance inspection recommended soon.
TWN,158,1954,49800.0,12.21,1.93,29.96,Universal Analysis Mode,Healthy,Machine is safe. Continue regular monitoring.
TWN,158,1955,49800.0,12.27,1.93,29.66,Universal Analysis Mode,Healthy,Machine is safe. Continue regular monitoring.
TWN,158,1956,49800.0,12.07,1.93,29.69,Universal Analysis Mode,Healthy,Machine is safe. Continue regular monitoring.
TWN,158,1957,49800.0,11.48,1.9,29.47,Universal Analysis Mode,Healthy,Machine is safe. Continue regular monitoring.
TWN,158,1958,49800.0,12.25,2.08,29.96,Universal Analysis Mode,Healthy,Machine is safe. Continue regular monitoring.
TWN,158,1959,1773.2,12.14,2.08,30.57,Universal Analysis Mode,Warning,Maintenance inspection recommended soon.
TWN,158,1960,1909.04,10.91,1.9,30.57,Universal Analysis Mode,Warning,Maintenance inspection recommended soon.
TWN,158,1961,2318.12,10.24,1.8,30.54,Universal Analysis Mode,Warning,Maintenance inspection recommended soon.
TWN,158,1962,1909.04,10.12,1.8,31.44,Universal Analysis Mode,Warning,Maintenance inspection recommended soon.
TWN,158,1963,2590.84,9.99,1.8,31.29,Universal Analysis Mode,Warning,Maintenance inspection recommended soon.
TWN,158,1964,8317.96,9.86,1.8,32.62,Universal Analysis Mode,Warning,Maintenance inspection recommended soon.
TWN,158,1965,17863.16,9.71,1.8,35.3,Universal Analysis Mode,Warning,Maintenance inspection recommended soon.
TWN,158,1966,30817.36,9.41,1.8,35.31,Universal Analysis Mode,Warning,Maintenance inspection recommended soon.
TWN,158,1967,33544.56,9.16,1.8,35.66,Universal Analysis Mode,Warning,Maintenance inspection recommended soon.
TWN,158,1968,57407.56,8.8,1.8,36.89,Universal Analysis Mode,Warning,Maintenance inspection recommended soon.
TWN,158,1969,79225.16,8.35,1.8,38.24,Universal Analysis Mode,Warning,Maintenance inspection recommended soon.
TWN,158,1970,86997.68,7.88,1.8,37.93,Universal Analysis Mode,Warning,Maintenance inspection recommended soon.
TWN,158,1971,107997.1,9.41,2.24,40.32,Universal Analysis Mode,Warning,Maintenance inspection recommended soon.
TWN,158,1972,124087.6,10.09,2.48,41.83,Universal Analysis Mode,Warning,Maintenance inspection recommended soon.
TWN,158,1973,143859.8,12.59,3.29,43.39,Universal Analysis Mode,Warning,Maintenance inspection recommended soon.
TWN,158,1974,180131.6,39.93,11.58,48.59,Universal Analysis Mode,Warning,Maintenance inspection recommended soon.
TWN,158,1975,184222.4,36.44,11.53,48.81,Universal Analysis Mode,Warning,Maintenance inspection recommended soon.
TWN,158,1976,212039.8,38.23,12.8,51.29,Universal Analysis Mode,Warning,Maintenance inspection recommended soon.
TWN,158,1977,217766.9,39.04,13.92,52.7,Universal Analysis Mode,Warning,Maintenance inspection recommended soon.
TWN,158,1978,211630.7,36.54,14.02,52.17,Universal Analysis Mode,Warning,Maintenance inspection recommended soon.
TWN,158,1979,197858.4,74.02,31.61,54.86,Universal Analysis Mode,Warning,Maintenance inspection recommended soon.
TWN,158,1980,248875.3,75.97,36.83,56.62,Universal Analysis Mode,Warning,Maintenance inspection recommended soon.
TWN,158,1981,149325.2,67.14,35.93,56.64,Universal Analysis Mode,Warning,Maintenance inspection recommended soon.
TWN,158,1982,149325.2,58.02,32.97,56.6,Universal Analysis Mode,Warning,Maintenance inspection recommended soon.
TWN,158,1983,149325.2,50.39,29.55,55.95,Universal Analysis Mode,Warning,Maintenance inspection recommended soon.
TWN,158,1984,149325.2,45.82,28.78,55.42,Universal Analysis Mode,Warning,Maintenance inspection recommended soon.
TWN,158,1985,99550.1,43.43,27.56,53.99,Universal Analysis Mode,Warning,Maintenance inspection recommended soon.
TWN,158,1986,99550.1,22.22,14.43,47.1,Universal Analysis Mode,Warning,Maintenance inspection recommended soon.
TWN,158,1987,149325.2,27.46,18.44,46.93,Universal Analysis Mode,Warning,Maintenance inspection recommended soon.
TWN,158,1988,99550.1,21.42,14.92,43.78,Universal Analysis Mode,Warning,Maintenance inspection recommended soon.
TWN,158,1989,99550.1,24.87,18.23,44.68,Universal Analysis Mode,Warning,Maintenance inspection recommended soon.
TWN,158,1990,149325.2,30.88,23.73,47.26,Universal Analysis Mode,Warning,Maintenance inspection recommended soon.
TWN,158,1991,111844.5,24.95,20.0,42.89,Universal Analysis Mode,Warning,Maintenance inspection recommended soon.
TWN,158,1992,99550.1,23.39,19.32,39.98,Universal Analysis Mode,Warning,Maintenance inspection recommended soon.
TWN,158,1993,56146.26,20.01,16.97,37.93,Universal Analysis Mode,Warning,Maintenance inspection recommended soon.
TWN,158,1994,64707.57,18.26,15.82,37.28,Universal Analysis Mode,Warning,Maintenance inspection recommended soon.
TWN,158,1995,60725.56,19.1,17.02,37.1,Universal Analysis Mode,Warning,Maintenance inspection recommended soon.
TWN,158,1996,60725.56,22.48,20.67,37.93,Universal Analysis Mode,Warning,Maintenance inspection recommended soon.
TWN,158,1997,49775.05,20.38,19.09,36.77,Universal Analysis Mode,Warning,Maintenance inspection recommended soon.
TWN,158,1998,46290.8,13.62,12.72,34.13,Universal Analysis Mode,Warning,Maintenance inspection recommended soon.
TWN,158,1999,39820.04,18.56,17.97,34.86,Universal Analysis Mode,Warning,Maintenance inspection recommended soon.
TWN,158,2000,36733.99,28.5,28.5,40.56,Universal Analysis Mode,Warning,Maintenance inspection recommended soon.
TWN,158,2001,39840.0,23.7,24.44,40.72,Universal Analysis Mode,Warning,Maintenance inspection recommended soon.
TWN,158,2002,43824.0,23.72,25.02,40.81,Universal Analysis Mode,Warning,Maintenance inspection recommended soon.
TWN,158,2003,45816.0,26.54,28.83,43.99,Universal Analysis Mode,Warning,Maintenance inspection recommended soon.
TWN,158,2004,39840.0,34.3,38.26,44.76,Universal Analysis Mode,Warning,Maintenance inspection recommended soon.
TWN,158,2005,39840.0,47.26,54.52,46.92,Universal Analysis Mode,Warning,Maintenance inspection recommended soon.
TWN,158,2006,39840.0,55.37,65.14,44.28,Universal Analysis Mode,Warning,Maintenance inspection recommended soon.
TWN,158,2007,39840.0,60.12,72.39,44.24,Universal Analysis Mode,Warning,Maintenance inspection recommended soon.
TWN,158,2008,39840.0,77.79,97.26,45.47,Universal Analysis Mode,Warning,Maintenance inspection recommended soon.
TWN,158,2009,39840.0,49.5,61.67,39.87,Universal Analysis Mode,Warning,Maintenance inspection recommended soon.
TWN,158,2010,39840.0,62.78,79.5,39.65,Universal Analysis Mode,Warning,Maintenance inspection recommended soon.
TWN,158,2011,39840.0,85.17,111.26,39.48,Universal Analysis Mode,Warning,Maintenance inspection recommended soon.
TWN,158,2012,9760.8,83.75,111.67,34.52,Universal Analysis Mode,Warning,Maintenance inspection recommended soon.
TWN,158,2013,9760.8,80.32,108.66,40.84,Universal Analysis Mode,Warning,Maintenance inspection recommended soon.
TWN,158,2014,9760.8,71.97,98.95,43.8,Universal Analysis Mode,Warning,Maintenance inspection recommended soon.
TJK,762,1932,49800.0,10.86,0.87,29.88,Universal Analysis Mode,Healthy,Machine is safe. Continue regular monitoring.
TJK,762,1933,49800.0,8.82,0.67,29.86,Universal Analysis Mode,Healthy,Machine is safe. Continue regular monitoring.
TJK,762,1934,49800.0,12.72,1.0,30.34,Universal Analysis Mode,Warning,Maintenance inspection recommended soon.
TJK,762,1935,49800.0,12.04,0.97,29.98,Universal Analysis Mode,Healthy,Machine is safe. Continue regular monitoring.
TJK,762,1936,49800.0,13.38,1.09,30.29,Universal Analysis Mode,Warning,Maintenance inspection recommended soon.
TJK,762,1937,49800.0,13.98,1.18,30.05,Universal Analysis Mode,Warning,Maintenance inspection recommended soon.
TJK,762,1938,49800.0,13.66,1.13,30.08,Universal Analysis Mode,Warning,Maintenance inspection recommended soon.
TJK,762,1939,49800.0,12.5,1.02,30.01,Universal Analysis Mode,Warning,Maintenance inspection recommended soon.
TJK,762,1940,49800.0,12.38,1.02,29.94,Universal Analysis Mode,Healthy,Machine is safe. Continue regular monitoring.
TJK,762,1941,49800.0,13.18,1.14,29.96,Universal Analysis Mode,Healthy,Machine is safe. Continue regular monitoring.
TJK,762,1942,49800.0,12.42,1.19,29.77,Universal Analysis Mode,Healthy,Machine is safe. Continue regular monitoring.
TJK,762,1943,49800.0,11.81,1.2,29.52,Universal Analysis Mode,Healthy,Machine is safe. Continue regular monitoring.
TJK,762,1944,49800.0,11.71,1.21,29.48,Universal Analysis Mode,Healthy,Machine is safe. Continue regular monitoring.
TJK,762,1945,49800.0,9.93,1.05,29.14,Universal Analysis Mode,Healthy,Machine is safe. Continue regular monitoring.
TJK,762,1946,49800.0,9.77,1.12,29.03,Universal Analysis Mode,Healthy,Machine is safe. Continue regular monitoring.
TJK,762,1947,49800.0,14.48,1.9,29.98,Universal Analysis Mode,Healthy,Machine is safe. Continue regular monitoring.
TJK,762,1948,49800.0,14.07,1.99,30.0,Universal Analysis Mode,Warning,Maintenance inspection recommended soon.
TJK,762,1949,49800.0,12.71,1.78,29.56,Universal Analysis Mode,Healthy,Machine is safe. Continue regular monitoring.
TJK,762,1950,49800.0,12.08,1.71,28.63,Universal Analysis Mode,Healthy,Machine is safe. Continue regular monitoring.
TJK,762,1951,49800.0,11.2,1.71,28.44,Universal Analysis Mode,Healthy,Machine is safe. Continue regular monitoring.
TJK,762,1952,49800.0,10.96,1.71,28.42,Universal Analysis Mode,Healthy,Machine is safe. Continue regular monitoring.
TJK,762,1953,49800.0,12.27,1.93,28.93,Universal Analysis Mode,Healthy,Machine is safe. Continue regular monitoring.
TJK,762,1954,49800.0,12.21,1.93,28.84,Universal Analysis Mode,Healthy,Machine is safe. Continue regular monitoring.
TJK,762,1955,49800.0,12.27,1.93,28.49,Universal Analysis Mode,Healthy,Machine is safe. Continue regular monitoring.
TJK,762,1956,49800.0,12.07,1.93,28.47,Universal Analysis Mode,Healthy,Machine is safe. Continue regular monitoring.
TJK,762,1957,49800.0,11.48,1.9,28.21,Universal Analysis Mode,Healthy,Machine is safe. Continue regular monitoring.
TJK,762,1958,49800.0,12.25,2.08,28.65,Universal Analysis Mode,Healthy,Machine is safe. Continue regular monitoring.
TJK,762,1959,49800.0,12.14,2.08,28.68,Universal Analysis Mode,Healthy,Machine is safe. Continue regular monitoring.
TJK,762,1960,49800.0,10.91,1.9,28.63,Universal Analysis Mode,Healthy,Machine is safe. Continue regular monitoring.
TJK,762,1961,49800.0,10.24,1.8,28.57,Universal Analysis Mode,Healthy,Machine is safe. Continue regular monitoring.
TJK,762,1962,49800.0,10.12,1.8,29.44,Universal Analysis Mode,Healthy,Machine is safe. Continue regular monitoring.
TJK,762,1963,49800.0,9.99,1.8,29.27,Universal Analysis Mode,Healthy,Machine is safe. Continue regular monitoring.
TJK,762,1964,49800.0,9.86,1.8,28.36,Universal Analysis Mode,Healthy,Machine is safe. Continue regular monitoring.
TJK,762,1965,49800.0,9.71,1.8,28.97,Universal Analysis Mode,Healthy,Machine is safe. Continue regular monitoring.
TJK,762,1966,49800.0,9.41,1.8,28.33,Universal Analysis Mode,Healthy,Machine is safe. Continue regular monitoring.
TJK,762,1967,49800.0,9.16,1.8,28.21,Universal Analysis Mode,Healthy,Machine is safe. Continue regular monitoring.
TJK,762,1968,49800.0,8.8,1.8,27.98,Universal Analysis Mode,Healthy,Machine is safe. Continue regular monitoring.
TJK,762,1969,49800.0,8.35,1.8,28.1,Universal Analysis Mode,Healthy,Machine is safe. Continue regular monitoring.
TJK,762,1970,49800.0,7.88,1.8,27.86,Universal Analysis Mode,Healthy,Machine is safe. Continue regular monitoring.
TJK,762,1971,49800.0,9.41,2.24,28.2,Universal Analysis Mode,Healthy,Machine is safe. Continue regular monitoring.
TJK,762,1972,49800.0,10.09,2.48,28.23,Universal Analysis Mode,Healthy,Machine is safe. Continue regular monitoring.
TJK,762,1973,49800.0,12.59,3.29,28.46,Universal Analysis Mode,Healthy,Machine is safe. Continue regular monitoring.
TJK,762,1974,49800.0,39.93,11.58,30.34,Universal Analysis Mode,Warning,Maintenance inspection recommended soon.
TJK,762,1975,49800.0,36.44,11.53,30.61,Universal Analysis Mode,Warning,Maintenance inspection recommended soon.
TJK,762,1976,49800.0,38.23,12.8,32.2,Universal Analysis Mode,Warning,Maintenance inspection recommended soon.
TJK,762,1977,49800.0,39.04,13.92,33.41,Universal Analysis Mode,Warning,Maintenance inspection recommended soon.
TJK,762,1978,49800.0,36.54,14.02,33.08,Universal Analysis Mode,Warning,Maintenance inspection recommended soon.
TJK,762,1979,49800.0,74.02,31.61,35.46,Universal Analysis Mode,Warning,Maintenance inspection recommended soon.
TJK,762,1980,49800.0,75.97,36.83,36.7,Universal Analysis Mode,Warning,Maintenance inspection recommended soon.
TJK,762,1981,49800.0,67.14,35.93,37.19,Universal Analysis Mode,Warning,Maintenance inspection recommended soon.
TJK,762,1982,49800.0,58.02,32.97,37.28,Universal Analysis Mode,Warning,Maintenance inspection recommended soon.
TJK,762,1983,49800.0,50.39,29.55,36.89,Universal Analysis Mode,Warning,Maintenance inspection recommended soon.
TJK,762,1984,49800.0,45.82,28.78,36.53,Universal Analysis Mode,Warning,Maintenance inspection recommended soon.
TJK,762,1985,49800.0,43.43,27.56,36.27,Universal Analysis Mode,Warning,Maintenance inspection recommended soon.
TJK,762,1986,49800.0,22.22,14.43,33.87,Universal Analysis Mode,Warning,Maintenance inspection recommended soon.
TJK,762,1987,49800.0,27.46,18.44,32.94,Universal Analysis Mode,Warning,Maintenance inspection recommended soon.
TJK,762,1988,49800.0,21.42,14.92,31.37,Universal Analysis Mode,Warning,Maintenance inspection recommended soon.
TJK,762,1989,49800.0,24.87,18.23,31.83,Universal Analysis Mode,Warning,Maintenance inspection recommended soon.
TJK,762,1990,49800.0,30.88,23.73,35.58,Universal Analysis Mode,Warning,Maintenance inspection recommended soon.
TJK,762,1991,49800.0,24.95,20.0,36.29,Universal Analysis Mode,Warning,Maintenance inspection recommended soon.
TJK,762,1992,53757.05,23.39,19.32,40.23,Universal Analysis Mode,Warning,Maintenance inspection recommended soon.
TJK,762,1993,28371.78,20.01,16.97,35.7,Universal Analysis Mode,Warning,Maintenance inspection recommended soon.
TJK,762,1994,19910.02,18.26,15.82,33.56,Universal Analysis Mode,Warning,Maintenance inspection recommended soon.
TJK,762,1995,24887.53,19.1,17.02,34.87,Universal Analysis Mode,Warning,Maintenance inspection recommended soon.
TJK,762,1996,20905.52,22.48,20.67,32.25,Universal Analysis Mode,Warning,Maintenance inspection recommended soon.
TJK,762,1997,25883.02,20.38,19.09,30.93,Universal Analysis Mode,Warning,Maintenance inspection recommended soon.
TJK,762,1998,19910.02,13.62,12.72,31.94,Universal Analysis Mode,Warning,Maintenance inspection recommended soon.
TJK,762,1999,19910.02,18.56,17.97,33.86,Universal Analysis Mode,Warning,Maintenance inspection recommended soon.
TJK,762,2000,17919.02,28.5,28.5,38.96,Universal Analysis Mode,Warning,Maintenance inspection recommended soon.
TJK,762,2001,16234.8,23.7,24.44,39.1,Universal Analysis Mode,Warning,Maintenance inspection recommended soon.
TJK,762,2002,15388.2,23.72,25.02,36.96,Universal Analysis Mode,Warning,Maintenance inspection recommended soon.
TJK,762,2003,17529.6,26.54,28.83,41.15,Universal Analysis Mode,Warning,Maintenance inspection recommended soon.
TJK,762,2004,12450.0,34.3,38.26,41.62,Universal Analysis Mode,Warning,Maintenance inspection recommended soon.
TJK,762,2005,13910.14,47.26,54.52,42.01,Universal Analysis Mode,Warning,Maintenance inspection recommended soon.
TJK,762,2006,14940.0,55.37,65.14,43.15,Universal Analysis Mode,Warning,Maintenance inspection recommended soon.
TJK,762,2007,13859.84,60.12,72.39,42.58,Universal Analysis Mode,Warning,Maintenance inspection recommended soon.
TJK,762,2008,11714.95,77.79,97.26,44.14,Universal Analysis Mode,Warning,Maintenance inspection recommended soon.
TJK,762,2009,10855.9,49.5,61.67,39.93,Universal Analysis Mode,Warning,Maintenance inspection recommended soon.
TJK,762,2010,10707.0,62.78,79.5,40.8,Universal Analysis Mode,Warning,Maintenance inspection recommended soon.
TJK,762,2011,10707.0,85.17,111.26,40.15,Universal Analysis Mode,Warning,Maintenance inspection recommended soon.
TJK,762,2012,10644.75,83.75,111.67,37.73,Universal Analysis Mode,Warning,Maintenance inspection recommended soon.
TJK,762,2013,10258.8,80.32,108.66,36.76,Universal Analysis Mode,Warning,Maintenance inspection recommended soon.
TJK,762,2014,10258.8,71.97,98.95,39.05,Universal Analysis Mode,Warning,Maintenance inspection recommended soon.
TZA,834,1932,49800.0,10.86,0.87,30.04,Universal Analysis Mode,Warning,Maintenance inspection recommended soon.
TZA,834,1933,49800.0,8.82,0.67,30.02,Universal Analysis Mode,Warning,Maintenance inspection recommended soon.
TZA,834,1934,49800.0,12.72,1.0,30.5,Universal Analysis Mode,Warning,Maintenance inspection recommended soon.
TZA,834,1935,49800.0,12.04,0.97,30.15,Universal Analysis Mode,Warning,Maintenance inspection recommended soon.
TZA,834,1936,49800.0,13.38,1.09,30.46,Universal Analysis Mode,Warning,Maintenance inspection recommended soon.
TZA,834,1937,49800.0,13.98,1.18,30.22,Universal Analysis Mode,Warning,Maintenance inspection recommended soon.
TZA,834,1938,49800.0,13.66,1.13,30.25,Universal Analysis Mode,Warning,Maintenance inspection recommended soon.
TZA,834,1939,49800.0,12.5,1.02,30.18,Universal Analysis Mode,Warning,Maintenance inspection recommended soon.
TZA,834,1940,49800.0,12.38,1.02,30.1,Universal Analysis Mode,Warning,Maintenance inspection recommended soon.
TZA,834,1941,49800.0,13.18,1.14,30.13,Universal Analysis Mode,Warning,Maintenance inspection recommended soon.
TZA,834,1942,49800.0,12.42,1.19,29.94,Universal Analysis Mode,Healthy,Machine is safe. Continue regular monitoring.
TZA,834,1943,49800.0,11.81,1.2,29.69,Universal Analysis Mode,Healthy,Machine is safe. Continue regular monitoring.
TZA,834,1944,49800.0,11.71,1.21,29.65,Universal Analysis Mode,Healthy,Machine is safe. Continue regular monitoring.
TZA,834,1945,49800.0,9.93,1.05,29.31,Universal Analysis Mode,Healthy,Machine is safe. Continue regular monitoring.
TZA,834,1946,49800.0,9.77,1.12,29.2,Universal Analysis Mode,Healthy,Machine is safe. Continue regular monitoring.
TZA,834,1947,49800.0,14.48,1.9,30.15,Universal Analysis Mode,Warning,Maintenance inspection recommended soon.
TZA,834,1948,49800.0,14.07,1.99,30.17,Universal Analysis Mode,Warning,Maintenance inspection recommended soon.
TZA,834,1949,49800.0,12.71,1.78,29.72,Universal Analysis Mode,Healthy,Machine is safe. Continue regular monitoring.
TZA,834,1950,49800.0,12.08,1.71,30.14,Universal Analysis Mode,Warning,Maintenance inspection recommended soon.
TZA,834,1951,49800.0,11.2,1.71,29.98,Universal Analysis Mode,Healthy,Machine is safe. Continue regular monitoring.
TZA,834,1952,49800.0,10.96,1.71,29.99,Universal Analysis Mode,Healthy,Machine is safe. Continue regular monitoring.
TZA,834,1953,49800.0,12.27,1.93,30.53,Universal Analysis Mode,Warning,Maintenance inspection recommended soon.
TZA,834,1954,49800.0,12.21,1.93,30.45,Universal Analysis Mode,Warning,Maintenance inspection recommended soon.
TZA,834,1955,49800.0,12.27,1.93,30.14,Universal Analysis Mode,Warning,Maintenance inspection recommended soon.
TZA,834,1956,49800.0,12.07,1.93,30.16,Universal Analysis Mode,Warning,Maintenance inspection recommended soon.
TZA,834,1957,49800.0,11.48,1.9,29.92,Universal Analysis Mode,Healthy,Machine is safe. Continue regular monitoring.
TZA,834,1958,49800.0,12.25,2.08,30.39,Universal Analysis Mode,Warning,Maintenance inspection recommended soon.
TZA,834,1959,49800.0,12.14,2.08,30.46,Universal Analysis Mode,Warning,Maintenance inspection recommended soon.
TZA,834,1960,0.0,10.91,1.9,26.09,Universal Analysis Mode,Healthy,Machine is safe. Continue regular monitoring.
TZA,834,1961,0.0,10.24,1.8,26.89,Universal Analysis Mode,Healthy,Machine is safe. Continue regular monitoring.
TZA,834,1962,0.0,10.12,1.8,27.79,Universal Analysis Mode,Healthy,Machine is safe. Continue regular monitoring.
TZA,834,1963,0.0,9.99,1.8,27.65,Universal Analysis Mode,Healthy,Machine is safe. Continue regular monitoring.
TZA,834,1964,0.0,9.86,1.8,26.77,Universal Analysis Mode,Healthy,Machine is safe. Continue regular monitoring.
TZA,834,1965,0.0,9.71,1.8,27.41,Universal Analysis Mode,Healthy,Machine is safe. Continue regular monitoring.
TZA,834,1966,0.0,9.41,1.8,26.79,Universal Analysis Mode,Healthy,Machine is safe. Continue regular monitoring.
TZA,834,1967,0.0,9.16,1.8,26.71,Universal Analysis Mode,Healthy,Machine is safe. Continue regular monitoring.
TZA,834,1968,0.0,8.8,1.8,26.51,Universal Analysis Mode,Healthy,Machine is safe. Continue regular monitoring.
TZA,834,1969,0.0,8.35,1.8,26.66,Universal Analysis Mode,Healthy,Machine is safe. Continue regular monitoring.
TZA,834,1970,0.0,7.88,1.8,26.45,Universal Analysis Mode,Healthy,Machine is safe. Continue regular monitoring.
TZA,834,1971,0.0,9.41,2.24,26.82,Universal Analysis Mode,Healthy,Machine is safe. Continue regular monitoring.
TZA,834,1972,0.0,10.09,2.48,26.88,Universal Analysis Mode,Healthy,Machine is safe. Continue regular monitoring.
TZA,834,1973,0.0,12.59,3.29,27.16,Universal Analysis Mode,Healthy,Machine is safe. Continue regular monitoring.
TZA,834,1974,0.0,39.93,11.58,29.09,Universal Analysis Mode,Healthy,Machine is safe. Continue regular monitoring.
TZA,834,1975,0.0,36.44,11.53,29.39,Universal Analysis Mode,Healthy,Machine is safe. Continue regular monitoring.
TZA,834,1976,0.0,38.23,12.8,31.02,Universal Analysis Mode,Warning,Maintenance inspection recommended soon.
TZA,834,1977,0.0,39.04,13.92,32.27,Universal Analysis Mode,Warning,Maintenance inspection recommended soon.
TZA,834,1978,0.0,36.54,14.02,31.98,Universal Analysis Mode,Warning,Maintenance inspection recommended soon.
TZA,834,1979,0.0,74.02,31.61,34.4,Universal Analysis Mode,Warning,Maintenance inspection recommended soon.
TZA,834,1980,0.0,75.97,36.83,35.68,Universal Analysis Mode,Warning,Maintenance inspection recommended soon.
TZA,834,1981,0.0,67.14,35.93,36.21,Universal Analysis Mode,Warning,Maintenance inspection recommended soon.
TZA,834,1982,0.0,58.02,32.97,36.35,Universal Analysis Mode,Warning,Maintenance inspection recommended soon.
TZA,834,1983,0.0,50.39,29.55,36.01,Universal Analysis Mode,Warning,Maintenance inspection recommended soon.
TZA,834,1984,0.0,45.82,28.78,35.68,Universal Analysis Mode,Warning,Maintenance inspection recommended soon.
TZA,834,1985,0.0,43.43,27.56,35.47,Universal Analysis Mode,Warning,Maintenance inspection recommended soon.
TZA,834,1986,0.0,22.22,14.43,30.45,Universal Analysis Mode,Warning,Maintenance inspection recommended soon.
TZA,834,1987,0.0,27.46,18.44,29.59,Universal Analysis Mode,Healthy,Machine is safe. Continue regular monitoring.
TZA,834,1988,0.0,21.42,14.92,28.06,Universal Analysis Mode,Healthy,Machine is safe. Continue regular monitoring.
TZA,834,1989,0.0,24.87,18.23,28.57,Universal Analysis Mode,Healthy,Machine is safe. Continue regular monitoring.
TZA,834,1990,0.0,30.88,23.73,29.95,Universal Analysis Mode,Healthy,Machine is safe. Continue regular monitoring.
TZA,834,1991,0.0,24.95,20.0,29.91,Universal Analysis Mode,Healthy,Machine is safe. Continue regular monitoring.
TZA,834,1992,0.0,23.39,19.32,28.43,Universal Analysis Mode,Healthy,Machine is safe. Continue regular monitoring.
TZA,834,1993,0.0,20.01,16.97,28.09,Universal Analysis Mode,Healthy,Machine is safe. Continue regular monitoring.
TZA,834,1994,0.0,18.26,15.82,27.62,Universal Analysis Mode,Healthy,Machine is safe. Continue regular monitoring.
TZA,834,1995,0.0,19.1,17.02,27.62,Universal Analysis Mode,Healthy,Machine is safe. Continue regular monitoring.
TZA,834,1996,0.0,22.48,20.67,28.43,Universal Analysis Mode,Healthy,Machine is safe. Continue regular monitoring.
TZA,834,1997,0.0,20.38,19.09,28.31,Universal Analysis Mode,Healthy,Machine is safe. Continue regular monitoring.
TZA,834,1998,0.0,13.62,12.72,27.36,Universal Analysis Mode,Healthy,Machine is safe. Continue regular monitoring.
TZA,834,1999,0.0,18.56,17.97,28.16,Universal Analysis Mode,Healthy,Machine is safe. Continue regular monitoring.
TZA,834,2000,0.0,28.5,28.5,34.72,Universal Analysis Mode,Warning,Maintenance inspection recommended soon.
TZA,834,2001,0.0,23.7,24.44,34.68,Universal Analysis Mode,Warning,Maintenance inspection recommended soon.
TZA,834,2002,0.0,23.72,25.02,34.3,Universal Analysis Mode,Warning,Maintenance inspection recommended soon.
TZA,834,2003,0.0,26.54,28.83,36.43,Universal Analysis Mode,Warning,Maintenance inspection recommended soon.
TZA,834,2004,0.0,34.3,38.26,44.3,Universal Analysis Mode,Warning,Maintenance inspection recommended soon.
TZA,834,2005,0.0,47.26,54.52,51.01,Universal Analysis Mode,Warning,Maintenance inspection recommended soon.
TZA,834,2006,0.0,55.37,65.14,49.66,Universal Analysis Mode,Warning,Maintenance inspection recommended soon.
TZA,834,2007,0.0,60.12,72.39,49.87,Universal Analysis Mode,Warning,Maintenance inspection recommended soon.
TZA,834,2008,0.0,77.79,97.26,51.09,Universal Analysis Mode,Warning,Maintenance inspection recommended soon.
TZA,834,2009,0.0,49.5,61.67,45.9,Universal Analysis Mode,Warning,Maintenance inspection recommended soon.
TZA,834,2010,0.0,62.78,79.5,45.95,Universal Analysis Mode,Warning,Maintenance inspection recommended soon.
TZA,834,2011,0.0,85.17,111.26,45.17,Universal Analysis Mode,Warning,Maintenance inspection recommended soon.
TZA,834,2012,0.0,83.75,111.67,43.08,Universal Analysis Mode,Warning,Maintenance inspection recommended soon.
TZA,834,2013,0.0,80.32,108.66,44.36,Universal Analysis Mode,Warning,Maintenance inspection recommended soon.
TZA,834,2014,0.0,71.97,98.95,33.87,Universal Analysis Mode,Warning,Maintenance inspection recommended soon.
THA,764,1932,49800.0,10.86,0.87,32.0,Universal Analysis Mode,Warning,Maintenance inspection recommended soon.
THA,764,1933,49800.0,8.82,0.67,32.01,Universal Analysis Mode,Warning,Maintenance inspection recommended soon.
THA,764,1934,49800.0,12.72,1.0,32.52,Universal Analysis Mode,Warning,Maintenance inspection recommended soon.
THA,764,1935,49800.0,12.04,0.97,32.21,Universal Analysis Mode,Warning,Maintenance inspection recommended soon.
THA,764,1936,49800.0,13.38,1.09,32.55,Universal Analysis Mode,Warning,Maintenance inspection recommended soon.
THA,764,1937,49800.0,13.98,1.18,32.35,Universal Analysis Mode,Warning,Maintenance inspection recommended soon.
THA,764,1938,49800.0,13.66,1.13,32.41,Universal Analysis Mode,Warning,Maintenance inspection recommended soon.
THA,764,1939,49800.0,12.5,1.02,32.36,Universal Analysis Mode,Warning,Maintenance inspection recommended soon.
THA,764,1940,49800.0,12.38,1.02,32.32,Universal Analysis Mode,Warning,Maintenance inspection recommended soon.
THA,764,1941,49800.0,13.18,1.14,32.38,Universal Analysis Mode,Warning,Maintenance inspection recommended soon.
THA,764,1942,49800.0,12.42,1.19,32.22,Universal Analysis Mode,Warning,Maintenance inspection recommended soon.
THA,764,1943,49800.0,11.81,1.2,32.01,Universal Analysis Mode,Warning,Maintenance inspection recommended soon.
THA,764,1944,49800.0,11.71,1.21,32.01,Universal Analysis Mode,Warning,Maintenance inspection recommended soon.
THA,764,1945,49800.0,9.93,1.05,31.71,Universal Analysis Mode,Warning,Maintenance inspection recommended soon.
THA,764,1946,49800.0,9.77,1.12,31.64,Universal Analysis Mode,Warning,Maintenance inspection recommended soon.
THA,764,1947,49800.0,14.48,1.9,32.63,Universal Analysis Mode,Warning,Maintenance inspection recommended soon.
THA,764,1948,49800.0,14.07,1.99,32.7,Universal Analysis Mode,Warning,Maintenance inspection recommended soon.
THA,764,1949,49800.0,12.71,1.78,32.29,Universal Analysis Mode,Warning,Maintenance inspection recommended soon.
THA,764,1950,49800.0,12.08,1.71,32.21,Universal Analysis Mode,Warning,Maintenance inspection recommended soon.
THA,764,1951,49800.0,11.2,1.71,32.08,Universal Analysis Mode,Warning,Maintenance inspection recommended soon.
THA,764,1952,49800.0,10.96,1.71,32.12,Universal Analysis Mode,Warning,Maintenance inspection recommended soon.
THA,764,1953,49800.0,12.27,1.93,32.68,Universal Analysis Mode,Warning,Maintenance inspection recommended soon.
THA,764,1954,49800.0,12.21,1.93,32.65,Universal Analysis Mode,Warning,Maintenance inspection recommended soon.
THA,764,1955,49800.0,12.27,1.93,32.38,Universal Analysis Mode,Warning,Maintenance inspection recommended soon.
THA,764,1956,49800.0,12.07,1.93,32.42,Universal Analysis Mode,Warning,Maintenance inspection recommended soon.
THA,764,1957,49800.0,11.48,1.9,32.22,Universal Analysis Mode,Warning,Maintenance inspection recommended soon.
THA,764,1958,49800.0,12.25,2.08,32.73,Universal Analysis Mode,Warning,Maintenance inspection recommended soon.
THA,764,1959,49800.0,12.14,2.08,32.82,Universal Analysis Mode,Warning,Maintenance inspection recommended soon.
THA,764,1960,0.0,10.91,1.9,28.47,Universal Analysis Mode,Healthy,Machine is safe. Continue regular monitoring.
THA,764,1961,0.0,10.24,1.8,28.49,Universal Analysis Mode,Healthy,Machine is safe. Continue regular monitoring.
THA,764,1962,0.0,10.12,1.8,29.42,Universal Analysis Mode,Healthy,Machine is safe. Continue regular monitoring.
THA,764,1963,6148.0,9.99,1.8,31.66,Universal Analysis Mode,Warning,Maintenance inspection recommended soon.
THA,764,1964,6148.0,9.86,1.8,30.82,Universal Analysis Mode,Warning,Maintenance inspection recommended soon.
THA,764,1965,5464.0,9.71,1.8,31.5,Universal Analysis Mode,Warning,Maintenance inspection recommended soon.
THA,764,1966,5464.0,9.41,1.8,30.92,Universal Analysis Mode,Warning,Maintenance inspection recommended soon.
THA,764,1967,1913.0,9.16,1.8,30.84,Universal Analysis Mode,Warning,Maintenance inspection recommended soon.
THA,764,1968,3552.0,8.8,1.8,30.64,Universal Analysis Mode,Warning,Maintenance inspection recommended soon.
THA,764,1969,2186.0,8.35,1.8,30.79,Universal Analysis Mode,Warning,Maintenance inspection recommended soon.
THA,764,1970,10000.0,7.88,1.8,30.59,Universal Analysis Mode,Warning,Maintenance inspection recommended soon.
THA,764,1971,13000.0,9.41,2.24,30.96,Universal Analysis Mode,Warning,Maintenance inspection recommended soon.
THA,764,1972,6000.0,10.09,2.48,31.02,Universal Analysis Mode,Warning,Maintenance inspection recommended soon.
THA,764,1973,6000.0,12.59,3.29,31.26,Universal Analysis Mode,Warning,Maintenance inspection recommended soon.
THA,764,1974,6000.0,39.93,11.58,33.12,Universal Analysis Mode,Warning,Maintenance inspection recommended soon.
THA,764,1975,6000.0,36.44,11.53,33.38,Universal Analysis Mode,Warning,Maintenance inspection recommended soon.
THA,764,1976,8000.0,38.23,12.8,34.94,Universal Analysis Mode,Warning,Maintenance inspection recommended soon.
THA,764,1977,8000.0,39.04,13.92,36.14,Universal Analysis Mode,Warning,Maintenance inspection recommended soon.
THA,764,1978,8000.0,36.54,14.02,35.81,Universal Analysis Mode,Warning,Maintenance inspection recommended soon.
THA,764,1979,9000.0,74.02,31.61,38.56,Universal Analysis Mode,Warning,Maintenance inspection recommended soon.
THA,764,1980,8000.0,75.97,36.83,39.82,Universal Analysis Mode,Warning,Maintenance inspection recommended soon.
THA,764,1981,17000.0,67.14,35.93,50.73,Universal Analysis Mode,Warning,Maintenance inspection recommended soon.
THA,764,1982,16000.0,58.02,32.97,53.42,Universal Analysis Mode,Warning,Maintenance inspection recommended soon.
THA,764,1983,351000.0,50.39,29.55,59.73,Universal Analysis Mode,Warning,Maintenance inspection recommended soon.
THA,764,1984,788000.0,45.82,28.78,60.05,Universal Analysis Mode,Warning,Maintenance inspection recommended soon.
THA,764,1985,1158000.0,43.43,27.56,60.14,Universal Analysis Mode,Warning,Maintenance inspection recommended soon.
THA,764,1986,1132000.0,22.22,14.43,55.21,Universal Analysis Mode,Warning,Maintenance inspection recommended soon.
THA,764,1987,956000.0,27.46,18.44,54.05,Universal Analysis Mode,Warning,Maintenance inspection recommended soon.
THA,764,1988,1088000.0,21.42,14.92,52.51,Universal Analysis Mode,Warning,Maintenance inspection recommended soon.
THA,764,1989,1141000.0,24.87,18.23,53.0,Universal Analysis Mode,Warning,Maintenance inspection recommended soon.
THA,764,1990,1280000.0,30.88,23.73,54.48,Universal Analysis Mode,Warning,Maintenance inspection recommended soon.
THA,764,1991,2600000.0,24.95,20.0,54.95,Universal Analysis Mode,Warning,Maintenance inspection recommended soon.
THA,764,1992,2600000.0,23.39,19.32,53.28,Universal Analysis Mode,Warning,Maintenance inspection recommended soon.
THA,764,1993,2700000.0,20.01,16.97,52.87,Universal Analysis Mode,Warning,Maintenance inspection recommended soon.
THA,764,1994,2500000.0,18.26,15.82,52.19,Universal Analysis Mode,Warning,Maintenance inspection recommended soon.
THA,764,1995,3000000.0,19.1,17.02,52.17,Universal Analysis Mode,Warning,Maintenance inspection recommended soon.
THA,764,1996,3800000.0,22.48,20.67,53.11,Universal Analysis Mode,Warning,Maintenance inspection recommended soon.
THA,764,1997,4200000.0,20.38,19.09,53.07,Universal Analysis Mode,Warning,Maintenance inspection recommended soon.
THA,764,1998,3700000.0,13.62,12.72,51.93,Universal Analysis Mode,Warning,Maintenance inspection recommended soon.
THA,764,1999,4100000.0,18.56,17.97,49.94,Universal Analysis Mode,Warning,Maintenance inspection recommended soon.
THA,764,2000,5500000.0,28.5,28.5,52.8,Universal Analysis Mode,Warning,Maintenance inspection recommended soon.
THA,764,2001,5665297.8,23.7,24.44,53.35,Universal Analysis Mode,Warning,Maintenance inspection recommended soon.
THA,764,2002,6332649.67,23.72,25.02,52.98,Universal Analysis Mode,Warning,Maintenance inspection recommended soon.
THA,764,2003,7917452.5,26.54,28.83,55.43,Universal Analysis Mode,Warning,Maintenance inspection recommended soon.
THA,764,2004,7718026.41,34.3,38.26,55.97,Universal Analysis Mode,Warning,Maintenance inspection recommended soon.
THA,764,2005,9130000.0,47.26,54.52,57.51,Universal Analysis Mode,Warning,Maintenance inspection recommended soon.
THA,764,2006,10200000.0,55.37,65.14,56.86,Universal Analysis Mode,Warning,Maintenance inspection recommended soon.
THA,764,2007,10627715.91,60.12,72.39,56.86,Universal Analysis Mode,Warning,Maintenance inspection recommended soon.
THA,764,2008,11395647.35,77.79,97.26,57.71,Universal Analysis Mode,Warning,Maintenance inspection recommended soon.
THA,764,2009,11849460.8,49.5,61.67,54.31,Universal Analysis Mode,Warning,Maintenance inspection recommended soon.
THA,764,2010,12041702.75,62.78,79.5,53.41,Universal Analysis Mode,Warning,Maintenance inspection recommended soon.
THA,764,2011,11161569.92,85.17,111.26,52.89,Universal Analysis Mode,Warning,Maintenance inspection recommended soon.
THA,764,2012,11883078.29,83.75,111.67,51.62,Universal Analysis Mode,Warning,Maintenance inspection recommended soon.
THA,764,2013,11983864.53,80.32,108.66,56.9,Universal Analysis Mode,Warning,Maintenance inspection recommended soon.
THA,764,2014,11628626.19,71.97,98.95,59.47,Universal Analysis Mode,Warning,Maintenance inspection recommended soon.
TGO,768,1932,49800.0,10.86,0.87,29.9,Universal Analysis Mode,Healthy,Machine is safe. Continue regular monitoring.
TGO,768,1933,49800.0,8.82,0.67,29.88,Universal Analysis Mode,Healthy,Machine is safe. Continue regular monitoring.
TGO,768,1934,49800.0,12.72,1.0,30.36,Universal Analysis Mode,Warning,Maintenance inspection recommended soon.
TGO,768,1935,49800.0,12.04,0.97,30.01,Universal Analysis Mode,Warning,Maintenance inspection recommended soon.
TGO,768,1936,49800.0,13.38,1.09,30.31,Universal Analysis Mode,Warning,Maintenance inspection recommended soon.
TGO,768,1937,49800.0,13.98,1.18,30.08,Universal Analysis Mode,Warning,Maintenance inspection recommended soon.
TGO,768,1938,49800.0,13.66,1.13,30.11,Universal Analysis Mode,Warning,Maintenance inspection recommended soon.
TGO,768,1939,49800.0,12.5,1.02,30.03,Universal Analysis Mode,Warning,Maintenance inspection recommended soon.
TGO,768,1940,49800.0,12.38,1.02,29.96,Universal Analysis Mode,Healthy,Machine is safe. Continue regular monitoring.
TGO,768,1941,49800.0,13.18,1.14,29.98,Universal Analysis Mode,Healthy,Machine is safe. Continue regular monitoring.
TGO,768,1942,49800.0,12.42,1.19,29.79,Universal Analysis Mode,Healthy,Machine is safe. Continue regular monitoring.
TGO,768,1943,49800.0,11.81,1.2,29.54,Universal Analysis Mode,Healthy,Machine is safe. Continue regular monitoring.
TGO,768,1944,49800.0,11.71,1.21,29.5,Universal Analysis Mode,Healthy,Machine is safe. Continue regular monitoring.
TGO,768,1945,49800.0,9.93,1.05,29.16,Universal Analysis Mode,Healthy,Machine is safe. Continue regular monitoring.
TGO,768,1946,49800.0,9.77,1.12,29.05,Universal Analysis Mode,Healthy,Machine is safe. Continue regular monitoring.
TGO,768,1947,49800.0,14.48,1.9,30.0,Universal Analysis Mode,Warning,Maintenance inspection recommended soon.
TGO,768,1948,49800.0,14.07,1.99,30.03,Universal Analysis Mode,Warning,Maintenance inspection recommended soon.
TGO,768,1949,49800.0,12.71,1.78,29.58,Universal Analysis Mode,Healthy,Machine is safe. Continue regular monitoring.
TGO,768,1950,49800.0,12.08,1.71,28.59,Universal Analysis Mode,Healthy,Machine is safe. Continue regular monitoring.
TGO,768,1951,49800.0,11.2,1.71,28.4,Universal Analysis Mode,Healthy,Machine is safe. Continue regular monitoring.
TGO,768,1952,49800.0,10.96,1.71,28.38,Universal Analysis Mode,Healthy,Machine is safe. Continue regular monitoring.
TGO,768,1953,49800.0,12.27,1.93,28.89,Universal Analysis Mode,Healthy,Machine is safe. Continue regular monitoring.
TGO,768,1954,49800.0,12.21,1.93,28.79,Universal Analysis Mode,Healthy,Machine is safe. Continue regular monitoring.
TGO,768,1955,49800.0,12.27,1.93,28.44,Universal Analysis Mode,Healthy,Machine is safe. Continue regular monitoring.
TGO,768,1956,49800.0,12.07,1.93,28.42,Universal Analysis Mode,Healthy,Machine is safe. Continue regular monitoring.
TGO,768,1957,49800.0,11.48,1.9,28.16,Universal Analysis Mode,Healthy,Machine is safe. Continue regular monitoring.
TGO,768,1958,49800.0,12.25,2.08,28.6,Universal Analysis Mode,Healthy,Machine is safe. Continue regular monitoring.
TGO,768,1959,49800.0,12.14,2.08,28.62,Universal Analysis Mode,Healthy,Machine is safe. Continue regular monitoring.
TGO,768,1960,0.0,10.91,1.9,25.02,Universal Analysis Mode,Healthy,Machine is safe. Continue regular monitoring.
TGO,768,1961,0.0,10.24,1.8,24.96,Universal Analysis Mode,Healthy,Machine is safe. Continue regular monitoring.
TGO,768,1962,0.0,10.12,1.8,25.83,Universal Analysis Mode,Healthy,Machine is safe. Continue regular monitoring.
TGO,768,1963,0.0,9.99,1.8,25.66,Universal Analysis Mode,Healthy,Machine is safe. Continue regular monitoring.
TGO,768,1964,0.0,9.86,1.8,24.75,Universal Analysis Mode,Healthy,Machine is safe. Continue regular monitoring.
TGO,768,1965,0.0,9.71,1.8,25.35,Universal Analysis Mode,Healthy,Machine is safe. Continue regular monitoring.
TGO,768,1966,0.0,9.41,1.8,24.71,Universal Analysis Mode,Healthy,Machine is safe. Continue regular monitoring.
TGO,768,1967,0.0,9.16,1.8,24.59,Universal Analysis Mode,Healthy,Machine is safe. Continue regular monitoring.
TGO,768,1968,0.0,8.8,1.8,24.35,Universal Analysis Mode,Healthy,Machine is safe. Continue regular monitoring.
TGO,768,1969,0.0,8.35,1.8,24.46,Universal Analysis Mode,Healthy,Machine is safe. Continue regular monitoring.
TGO,768,1970,0.0,7.88,1.8,24.22,Universal Analysis Mode,Healthy,Machine is safe. Continue regular monitoring.
TGO,768,1971,0.0,9.41,2.24,24.56,Universal Analysis Mode,Healthy,Machine is safe. Continue regular monitoring.
TGO,768,1972,0.0,10.09,2.48,24.58,Universal Analysis Mode,Healthy,Machine is safe. Continue regular monitoring.
TGO,768,1973,0.0,12.59,3.29,24.81,Universal Analysis Mode,Healthy,Machine is safe. Continue regular monitoring.
TGO,768,1974,0.0,39.93,11.58,26.69,Universal Analysis Mode,Healthy,Machine is safe. Continue regular monitoring.
TGO,768,1975,0.0,36.44,11.53,26.95,Universal Analysis Mode,Healthy,Machine is safe. Continue regular monitoring.
TGO,768,1976,0.0,38.23,12.8,28.53,Universal Analysis Mode,Healthy,Machine is safe. Continue regular monitoring.
TGO,768,1977,0.0,39.04,13.92,29.73,Universal Analysis Mode,Healthy,Machine is safe. Continue regular monitoring.
TGO,768,1978,0.0,36.54,14.02,29.4,Universal Analysis Mode,Healthy,Machine is safe. Continue regular monitoring.
TGO,768,1979,0.0,74.02,31.61,31.78,Universal Analysis Mode,Warning,Maintenance inspection recommended soon.
TGO,768,1980,0.0,75.97,36.83,33.01,Universal Analysis Mode,Warning,Maintenance inspection recommended soon.
TGO,768,1981,0.0,67.14,35.93,33.5,Universal Analysis Mode,Warning,Maintenance inspection recommended soon.
TGO,768,1982,0.0,58.02,32.97,33.59,Universal Analysis Mode,Warning,Maintenance inspection recommended soon.
TGO,768,1983,0.0,50.39,29.55,33.2,Universal Analysis Mode,Warning,Maintenance inspection recommended soon.
TGO,768,1984,0.0,45.82,28.78,32.84,Universal Analysis Mode,Warning,Maintenance inspection recommended soon.
TGO,768,1985,0.0,43.43,27.56,32.57,Universal Analysis Mode,Warning,Maintenance inspection recommended soon.
TGO,768,1986,0.0,22.22,14.43,30.19,Universal Analysis Mode,Warning,Maintenance inspection recommended soon.
TGO,768,1987,0.0,27.46,18.44,29.26,Universal Analysis Mode,Healthy,Machine is safe. Continue regular monitoring.
TGO,768,1988,0.0,21.42,14.92,27.69,Universal Analysis Mode,Healthy,Machine is safe. Continue regular monitoring.
TGO,768,1989,0.0,24.87,18.23,28.16,Universal Analysis Mode,Healthy,Machine is safe. Continue regular monitoring.
TGO,768,1990,0.0,30.88,23.73,30.14,Universal Analysis Mode,Warning,Maintenance inspection recommended soon.
TGO,768,1991,0.0,24.95,20.0,30.02,Universal Analysis Mode,Warning,Maintenance inspection recommended soon.
TGO,768,1992,0.0,23.39,19.32,28.5,Universal Analysis Mode,Healthy,Machine is safe. Continue regular monitoring.
TGO,768,1993,0.0,20.01,16.97,28.08,Universal Analysis Mode,Healthy,Machine is safe. Continue regular monitoring.
TGO,768,1994,0.0,18.26,15.82,27.52,Universal Analysis Mode,Healthy,Machine is safe. Continue regular monitoring.
TGO,768,1995,0.0,19.1,17.02,27.46,Universal Analysis Mode,Healthy,Machine is safe. Continue regular monitoring.
TGO,768,1996,0.0,22.48,20.67,28.24,Universal Analysis Mode,Healthy,Machine is safe. Continue regular monitoring.
TGO,768,1997,0.0,20.38,19.09,28.07,Universal Analysis Mode,Healthy,Machine is safe. Continue regular monitoring.
TGO,768,1998,0.0,13.62,12.72,27.05,Universal Analysis Mode,Healthy,Machine is safe. Continue regular monitoring.
TGO,768,1999,0.0,18.56,17.97,27.8,Universal Analysis Mode,Healthy,Machine is safe. Continue regular monitoring.
TGO,768,2000,0.0,28.5,28.5,30.98,Universal Analysis Mode,Warning,Maintenance inspection recommended soon.
TGO,768,2001,0.0,23.7,24.44,30.91,Universal Analysis Mode,Warning,Maintenance inspection recommended soon.
TGO,768,2002,0.0,23.72,25.02,30.5,Universal Analysis Mode,Warning,Maintenance inspection recommended soon.
TGO,768,2003,0.0,26.54,28.83,32.61,Universal Analysis Mode,Warning,Maintenance inspection recommended soon.
TGO,768,2004,0.0,34.3,38.26,33.12,Universal Analysis Mode,Warning,Maintenance inspection recommended soon.
TGO,768,2005,0.0,47.26,54.52,34.37,Universal Analysis Mode,Warning,Maintenance inspection recommended soon.
TGO,768,2006,0.0,55.37,65.14,33.79,Universal Analysis Mode,Warning,Maintenance inspection recommended soon.
TGO,768,2007,0.0,60.12,72.39,33.74,Universal Analysis Mode,Warning,Maintenance inspection recommended soon.
TGO,768,2008,0.0,77.79,97.26,34.4,Universal Analysis Mode,Warning,Maintenance inspection recommended soon.
TGO,768,2009,0.0,49.5,61.67,31.29,Universal Analysis Mode,Warning,Maintenance inspection recommended soon.
TGO,768,2010,0.0,62.78,79.5,32.24,Universal Analysis Mode,Warning,Maintenance inspection recommended soon.
TGO,768,2011,0.0,85.17,111.26,31.7,Universal Analysis Mode,Warning,Maintenance inspection recommended soon.
TGO,768,2012,0.0,83.75,111.67,30.86,Universal Analysis Mode,Warning,Maintenance inspection recommended soon.
TGO,768,2013,0.0,80.32,108.66,31.11,Universal Analysis Mode,Warning,Maintenance inspection recommended soon.
TGO,768,2014,0.0,71.97,98.95,32.16,Universal Analysis Mode,Warning,Maintenance inspection recommended soon.
TTO,780,1932,1383333.0,10.86,0.87,42.18,Universal Analysis Mode,Warning,Maintenance inspection recommended soon.
TTO,780,1933,1306148.0,8.82,0.67,41.3,Universal Analysis Mode,Warning,Maintenance inspection recommended soon.
TTO,780,1934,1488251.0,12.72,1.0,43.36,Universal Analysis Mode,Warning,Maintenance inspection recommended soon.
TTO,780,1935,1594399.0,12.04,0.97,43.06,Universal Analysis Mode,Warning,Maintenance inspection recommended soon.
TTO,780,1936,1808333.0,13.38,1.09,43.82,Universal Analysis Mode,Warning,Maintenance inspection recommended soon.
TTO,780,1937,2117896.0,13.98,1.18,44.05,Universal Analysis Mode,Warning,Maintenance inspection recommended soon.
TTO,780,1938,2423087.0,13.66,1.13,44.2,Universal Analysis Mode,Warning,Maintenance inspection recommended soon.
TTO,780,1939,2632514.0,12.5,1.02,44.11,Universal Analysis Mode,Warning,Maintenance inspection recommended soon.
TTO,780,1940,2762158.0,12.38,1.02,44.1,Universal Analysis Mode,Warning,Maintenance inspection recommended soon.
TTO,780,1941,2801366.0,13.18,1.14,44.26,Universal Analysis Mode,Warning,Maintenance inspection recommended soon.
TTO,780,1942,3014891.0,12.42,1.19,44.19,Universal Analysis Mode,Warning,Maintenance inspection recommended soon.
TTO,780,1943,2921448.0,11.81,1.2,43.87,Universal Analysis Mode,Warning,Maintenance inspection recommended soon.
TTO,780,1944,3024454.0,11.71,1.21,43.89,Universal Analysis Mode,Warning,Maintenance inspection recommended soon.
TTO,780,1945,2881557.0,9.93,1.05,43.27,Universal Analysis Mode,Warning,Maintenance inspection recommended soon.
TTO,780,1946,2764071.0,9.77,1.12,43.15,Universal Analysis Mode,Warning,Maintenance inspection recommended soon.
TTO,780,1947,2803415.0,14.48,1.9,44.88,Universal Analysis Mode,Warning,Maintenance inspection recommended soon.
TTO,780,1948,2747404.0,14.07,1.99,44.91,Universal Analysis Mode,Warning,Maintenance inspection recommended soon.
TTO,780,1949,2816530.0,12.71,1.78,44.32,Universal Analysis Mode,Warning,Maintenance inspection recommended soon.
TTO,780,1950,2818579.0,12.08,1.71,44.07,Universal Analysis Mode,Warning,Maintenance inspection recommended soon.
TTO,780,1951,2847404.0,11.2,1.71,43.86,Universal Analysis Mode,Warning,Maintenance inspection recommended soon.
TTO,780,1952,2904098.0,10.96,1.71,43.86,Universal Analysis Mode,Warning,Maintenance inspection recommended soon.
TTO,780,1953,3052732.0,12.27,1.93,44.59,Universal Analysis Mode,Warning,Maintenance inspection recommended soon.
TTO,780,1954,3228005.0,12.21,1.93,44.53,Universal Analysis Mode,Warning,Maintenance inspection recommended soon.
TTO,780,1955,3401093.0,12.27,1.93,47.01,Universal Analysis Mode,Warning,Maintenance inspection recommended soon.
TTO,780,1956,3952049.0,12.07,1.93,47.11,Universal Analysis Mode,Warning,Maintenance inspection recommended soon.
TTO,780,1957,4653552.0,11.48,1.9,46.95,Universal Analysis Mode,Warning,Maintenance inspection recommended soon.
TTO,780,1958,5103142.0,12.25,2.08,47.52,Universal Analysis Mode,Warning,Maintenance inspection recommended soon.
TTO,780,1959,5590027.0,12.14,2.08,47.63,Universal Analysis Mode,Warning,Maintenance inspection recommended soon.
TTO,780,1960,5786475.0,10.91,1.9,47.54,Universal Analysis Mode,Warning,Maintenance inspection recommended soon.
TTO,780,1961,6252459.0,10.24,1.8,47.52,Universal Analysis Mode,Warning,Maintenance inspection recommended soon.
TTO,780,1962,6677186.0,10.12,1.8,49.25,Universal Analysis Mode,Warning,Maintenance inspection recommended soon.
TTO,780,1963,6650000.0,9.99,1.8,49.05,Universal Analysis Mode,Warning,Maintenance inspection recommended soon.
TTO,780,1964,6793852.0,9.86,1.8,48.2,Universal Analysis Mode,Warning,Maintenance inspection recommended soon.
TTO,780,1965,6674727.0,9.71,1.8,48.81,Universal Analysis Mode,Warning,Maintenance inspection recommended soon.
TTO,780,1966,7596038.0,9.41,1.8,48.29,Universal Analysis Mode,Warning,Maintenance inspection recommended soon.
TTO,780,1967,8879098.0,9.16,1.8,48.24,Universal Analysis Mode,Warning,Maintenance inspection recommended soon.
TTO,780,1968,9139891.0,8.8,1.8,48.06,Universal Analysis Mode,Warning,Maintenance inspection recommended soon.
TTO,780,1969,7843989.0,8.35,1.8,48.07,Universal Analysis Mode,Warning,Maintenance inspection recommended soon.
TTO,780,1970,7223000.0,7.88,1.8,47.96,Universal Analysis Mode,Warning,Maintenance inspection recommended soon.
TTO,780,1971,6671000.0,9.41,2.24,48.28,Universal Analysis Mode,Warning,Maintenance inspection recommended soon.
TTO,780,1972,7246000.0,10.09,2.48,48.35,Universal Analysis Mode,Warning,Maintenance inspection recommended soon.
TTO,780,1973,8804000.0,12.59,3.29,48.85,Universal Analysis Mode,Warning,Maintenance inspection recommended soon.
TTO,780,1974,9641000.0,39.93,11.58,51.39,Universal Analysis Mode,Warning,Maintenance inspection recommended soon.
TTO,780,1975,11200000.0,36.44,11.53,51.73,Universal Analysis Mode,Warning,Maintenance inspection recommended soon.
TTO,780,1976,11000000.0,38.23,12.8,53.42,Universal Analysis Mode,Warning,Maintenance inspection recommended soon.
TTO,780,1977,11800000.0,39.04,13.92,54.75,Universal Analysis Mode,Warning,Maintenance inspection recommended soon.
TTO,780,1978,11900000.0,36.54,14.02,54.4,Universal Analysis Mode,Warning,Maintenance inspection recommended soon.
TTO,780,1979,11100000.0,74.02,31.61,57.11,Universal Analysis Mode,Warning,Maintenance inspection recommended soon.
TTO,780,1980,11000000.0,75.97,36.83,58.49,Universal Analysis Mode,Warning,Maintenance inspection recommended soon.
TTO,780,1981,9780000.0,67.14,35.93,58.9,Universal Analysis Mode,Warning,Maintenance inspection recommended soon.
TTO,780,1982,9144000.0,58.02,32.97,58.99,Universal Analysis Mode,Warning,Maintenance inspection recommended soon.
TTO,780,1983,8255000.0,50.39,29.55,58.48,Universal Analysis Mode,Warning,Maintenance inspection recommended soon.
TTO,780,1984,8758000.0,45.82,28.78,58.11,Universal Analysis Mode,Warning,Maintenance inspection recommended soon.
TTO,780,1985,9097000.0,43.43,27.56,57.87,Universal Analysis Mode,Warning,Maintenance inspection recommended soon.
TTO,780,1986,8722000.0,22.22,14.43,58.67,Universal Analysis Mode,Warning,Maintenance inspection recommended soon.
TTO,780,1987,8010000.0,27.46,18.44,57.45,Universal Analysis Mode,Warning,Maintenance inspection recommended soon.
TTO,780,1988,7835000.0,21.42,14.92,55.73,Universal Analysis Mode,Warning,Maintenance inspection recommended soon.
TTO,780,1989,7735000.0,24.87,18.23,56.26,Universal Analysis Mode,Warning,Maintenance inspection recommended soon.
TTO,780,1990,7765000.0,30.88,23.73,59.14,Universal Analysis Mode,Warning,Maintenance inspection recommended soon.
TTO,780,1991,7615000.0,24.95,20.0,59.0,Universal Analysis Mode,Warning,Maintenance inspection recommended soon.
TTO,780,1992,7290000.0,23.39,19.32,57.32,Universal Analysis Mode,Warning,Maintenance inspection recommended soon.
TTO,780,1993,6775000.0,20.01,16.97,56.75,Universal Analysis Mode,Warning,Maintenance inspection recommended soon.
TTO,780,1994,7090000.0,18.26,15.82,56.22,Universal Analysis Mode,Warning,Maintenance inspection recommended soon.
TTO,780,1995,7045000.0,19.1,17.02,56.17,Universal Analysis Mode,Warning,Maintenance inspection recommended soon.
TTO,780,1996,6980000.0,22.48,20.67,57.03,Universal Analysis Mode,Warning,Maintenance inspection recommended soon.
TTO,780,1997,6745000.0,20.38,19.09,56.8,Universal Analysis Mode,Warning,Maintenance inspection recommended soon.
TTO,780,1998,6705000.0,13.62,12.72,55.56,Universal Analysis Mode,Warning,Maintenance inspection recommended soon.
TTO,780,1999,6950000.0,18.56,17.97,54.74,Universal Analysis Mode,Warning,Maintenance inspection recommended soon.
TTO,780,2000,6810000.0,28.5,28.5,58.18,Universal Analysis Mode,Warning,Maintenance inspection recommended soon.
TTO,780,2001,5644979.4,23.7,24.44,58.2,Universal Analysis Mode,Warning,Maintenance inspection recommended soon.
TTO,780,2002,6067550.33,23.72,25.02,57.98,Universal Analysis Mode,Warning,Maintenance inspection recommended soon.
TTO,780,2003,6677632.2,26.54,28.83,60.8,Universal Analysis Mode,Warning,Maintenance inspection recommended soon.
TTO,780,2004,6120519.6,34.3,38.26,66.76,Universal Analysis Mode,Warning,Maintenance inspection recommended soon.
TTO,780,2005,7204761.71,47.26,54.52,68.26,Universal Analysis Mode,Warning,Maintenance inspection recommended soon.
TTO,780,2006,7107505.8,55.37,65.14,62.1,Universal Analysis Mode,Warning,Maintenance inspection recommended soon.
TTO,780,2007,6033478.66,60.12,72.39,61.92,Universal Analysis Mode,Warning,Maintenance inspection recommended soon.
TTO,780,2008,5691080.26,77.79,97.26,62.6,Universal Analysis Mode,Warning,Maintenance inspection recommended soon.
TTO,780,2009,5337057.04,49.5,61.67,59.47,Universal Analysis Mode,Warning,Maintenance inspection recommended soon.
TTO,780,2010,4892637.85,62.78,79.5,60.45,Universal Analysis Mode,Warning,Maintenance inspection recommended soon.
TTO,780,2011,4577550.76,85.17,111.26,59.79,Universal Analysis Mode,Warning,Maintenance inspection recommended soon.
TTO,780,2012,4070394.53,83.75,111.67,58.79,Universal Analysis Mode,Warning,Maintenance inspection recommended soon.
TTO,780,2013,4047656.85,80.32,108.66,54.62,Universal Analysis Mode,Warning,Maintenance inspection recommended soon.
TTO,780,2014,4046646.41,71.97,98.95,57.51,Universal Analysis Mode,Warning,Maintenance inspection recommended soon.
TUN,788,1932,49800.0,10.86,0.87,29.94,Universal Analysis Mode,Healthy,Machine is safe. Continue regular monitoring.
TUN,788,1933,49800.0,8.82,0.67,29.92,Universal Analysis Mode,Healthy,Machine is safe. Continue regular monitoring.
TUN,788,1934,49800.0,12.72,1.0,30.4,Universal Analysis Mode,Warning,Maintenance inspection recommended soon.
TUN,788,1935,49800.0,12.04,0.97,30.04,Universal Analysis Mode,Warning,Maintenance inspection recommended soon.
TUN,788,1936,49800.0,13.38,1.09,30.35,Universal Analysis Mode,Warning,Maintenance inspection recommended soon.
TUN,788,1937,49800.0,13.98,1.18,30.11,Universal Analysis Mode,Warning,Maintenance inspection recommended soon.
TUN,788,1938,49800.0,13.66,1.13,30.14,Universal Analysis Mode,Warning,Maintenance inspection recommended soon.
TUN,788,1939,49800.0,12.5,1.02,30.07,Universal Analysis Mode,Warning,Maintenance inspection recommended soon.
TUN,788,1940,49800.0,12.38,1.02,30.0,Universal Analysis Mode,Warning,Maintenance inspection recommended soon.
TUN,788,1941,49800.0,13.18,1.14,30.02,Universal Analysis Mode,Warning,Maintenance inspection recommended soon.
TUN,788,1942,49800.0,12.42,1.19,29.83,Universal Analysis Mode,Healthy,Machine is safe. Continue regular monitoring.
TUN,788,1943,49800.0,11.81,1.2,29.58,Universal Analysis Mode,Healthy,Machine is safe. Continue regular monitoring.
TUN,788,1944,49800.0,11.71,1.21,29.54,Universal Analysis Mode,Healthy,Machine is safe. Continue regular monitoring.
TUN,788,1945,49800.0,9.93,1.05,29.2,Universal Analysis Mode,Healthy,Machine is safe. Continue regular monitoring.
TUN,788,1946,49800.0,9.77,1.12,29.09,Universal Analysis Mode,Healthy,Machine is safe. Continue regular monitoring.
TUN,788,1947,49800.0,14.48,1.9,30.04,Universal Analysis Mode,Warning,Maintenance inspection recommended soon.
TUN,788,1948,49800.0,14.07,1.99,30.06,Universal Analysis Mode,Warning,Maintenance inspection recommended soon.
TUN,788,1949,49800.0,12.71,1.78,29.62,Universal Analysis Mode,Healthy,Machine is safe. Continue regular monitoring.
TUN,788,1950,49800.0,12.08,1.71,28.93,Universal Analysis Mode,Healthy,Machine is safe. Continue regular monitoring.
TUN,788,1951,49800.0,11.2,1.71,28.74,Universal Analysis Mode,Healthy,Machine is safe. Continue regular monitoring.
TUN,788,1952,49800.0,10.96,1.71,28.73,Universal Analysis Mode,Healthy,Machine is safe. Continue regular monitoring.
TUN,788,1953,49800.0,12.27,1.93,29.24,Universal Analysis Mode,Healthy,Machine is safe. Continue regular monitoring.
TUN,788,1954,49800.0,12.21,1.93,29.14,Universal Analysis Mode,Healthy,Machine is safe. Continue regular monitoring.
TUN,788,1955,49800.0,12.27,1.93,29.98,Universal Analysis Mode,Healthy,Machine is safe. Continue regular monitoring.
TUN,788,1956,49800.0,12.07,1.93,30.81,Universal Analysis Mode,Warning,Maintenance inspection recommended soon.
TUN,788,1957,49800.0,11.48,1.9,30.54,Universal Analysis Mode,Warning,Maintenance inspection recommended soon.
TUN,788,1958,49800.0,12.25,2.08,30.98,Universal Analysis Mode,Warning,Maintenance inspection recommended soon.
TUN,788,1959,49800.0,12.14,2.08,31.01,Universal Analysis Mode,Warning,Maintenance inspection recommended soon.
TUN,788,1960,0.0,10.91,1.9,29.23,Universal Analysis Mode,Healthy,Machine is safe. Continue regular monitoring.
TUN,788,1961,0.0,10.24,1.8,29.18,Universal Analysis Mode,Healthy,Machine is safe. Continue regular monitoring.
TUN,788,1962,0.0,10.12,1.8,30.05,Universal Analysis Mode,Warning,Maintenance inspection recommended soon.
TUN,788,1963,0.0,9.99,1.8,29.88,Universal Analysis Mode,Healthy,Machine is safe. Continue regular monitoring.
TUN,788,1964,0.0,9.86,1.8,28.97,Universal Analysis Mode,Healthy,Machine is safe. Continue regular monitoring.
TUN,788,1965,0.0,9.71,1.8,29.59,Universal Analysis Mode,Healthy,Machine is safe. Continue regular monitoring.
TUN,788,1966,647678.0,9.41,1.8,41.95,Universal Analysis Mode,Warning,Maintenance inspection recommended soon.
TUN,788,1967,2331694.0,9.16,1.8,46.52,Universal Analysis Mode,Warning,Maintenance inspection recommended soon.
TUN,788,1968,3352322.0,8.8,1.8,46.79,Universal Analysis Mode,Warning,Maintenance inspection recommended soon.
TUN,788,1969,3817213.0,8.35,1.8,46.97,Universal Analysis Mode,Warning,Maintenance inspection recommended soon.
TUN,788,1970,4151000.0,7.88,1.8,46.73,Universal Analysis Mode,Warning,Maintenance inspection recommended soon.
TUN,788,1971,4096000.0,9.41,2.24,47.14,Universal Analysis Mode,Warning,Maintenance inspection recommended soon.
TUN,788,1972,3977000.0,10.09,2.48,47.33,Universal Analysis Mode,Warning,Maintenance inspection recommended soon.
TUN,788,1973,3884000.0,12.59,3.29,47.81,Universal Analysis Mode,Warning,Maintenance inspection recommended soon.
TUN,788,1974,4139000.0,39.93,11.58,50.53,Universal Analysis Mode,Warning,Maintenance inspection recommended soon.
TUN,788,1975,4609000.0,36.44,11.53,50.83,Universal Analysis Mode,Warning,Maintenance inspection recommended soon.
TUN,788,1976,3710000.0,38.23,12.8,52.33,Universal Analysis Mode,Warning,Maintenance inspection recommended soon.
TUN,788,1977,4304000.0,39.04,13.92,53.71,Universal Analysis Mode,Warning,Maintenance inspection recommended soon.
TUN,788,1978,4956000.0,36.54,14.02,53.45,Universal Analysis Mode,Warning,Maintenance inspection recommended soon.
TUN,788,1979,5536000.0,74.02,31.61,56.8,Universal Analysis Mode,Warning,Maintenance inspection recommended soon.
TUN,788,1980,5627000.0,75.97,36.83,58.17,Universal Analysis Mode,Warning,Maintenance inspection recommended soon.
TUN,788,1981,5407000.0,67.14,35.93,58.88,Universal Analysis Mode,Warning,Maintenance inspection recommended soon.
TUN,788,1982,5146000.0,58.02,32.97,58.9,Universal Analysis Mode,Warning,Maintenance inspection recommended soon.
TUN,788,1983,5532000.0,50.39,29.55,58.45,Universal Analysis Mode,Warning,Maintenance inspection recommended soon.
TUN,788,1984,5480000.0,45.82,28.78,58.06,Universal Analysis Mode,Warning,Maintenance inspection recommended soon.
TUN,788,1985,5408000.0,43.43,27.56,57.74,Universal Analysis Mode,Warning,Maintenance inspection recommended soon.
TUN,788,1986,5249000.0,22.22,14.43,58.49,Universal Analysis Mode,Warning,Maintenance inspection recommended soon.
TUN,788,1987,5025000.0,27.46,18.44,57.6,Universal Analysis Mode,Warning,Maintenance inspection recommended soon.
TUN,788,1988,4935000.0,21.42,14.92,55.82,Universal Analysis Mode,Warning,Maintenance inspection recommended soon.
TUN,788,1989,4975000.0,24.87,18.23,56.44,Universal Analysis Mode,Warning,Maintenance inspection recommended soon.
TUN,788,1990,4550000.0,30.88,23.73,56.09,Universal Analysis Mode,Warning,Maintenance inspection recommended soon.
TUN,788,1991,5220000.0,24.95,20.0,56.77,Universal Analysis Mode,Warning,Maintenance inspection recommended soon.
TUN,788,1992,5230000.0,23.39,19.32,54.55,Universal Analysis Mode,Warning,Maintenance inspection recommended soon.
TUN,788,1993,4690000.0,20.01,16.97,53.88,Universal Analysis Mode,Warning,Maintenance inspection recommended soon.
TUN,788,1994,4410000.0,18.26,15.82,53.17,Universal Analysis Mode,Warning,Maintenance inspection recommended soon.
TUN,788,1995,4280000.0,19.1,17.02,53.14,Universal Analysis Mode,Warning,Maintenance inspection recommended soon.
TUN,788,1996,4245000.0,22.48,20.67,54.21,Universal Analysis Mode,Warning,Maintenance inspection recommended soon.
TUN,788,1997,3840000.0,20.38,19.09,54.08,Universal Analysis Mode,Warning,Maintenance inspection recommended soon.
TUN,788,1998,4015000.0,13.62,12.72,52.83,Universal Analysis Mode,Warning,Maintenance inspection recommended soon.
TUN,788,1999,4065000.0,18.56,17.97,53.81,Universal Analysis Mode,Warning,Maintenance inspection recommended soon.
TUN,788,2000,3785000.0,28.5,28.5,57.39,Universal Analysis Mode,Warning,Maintenance inspection recommended soon.
TUN,788,2001,3464934.6,23.7,24.44,57.23,Universal Analysis Mode,Warning,Maintenance inspection recommended soon.
TUN,788,2002,3775249.36,23.72,25.02,56.83,Universal Analysis Mode,Warning,Maintenance inspection recommended soon.
TUN,788,2003,3735000.0,26.54,28.83,59.25,Universal Analysis Mode,Warning,Maintenance inspection recommended soon.
TUN,788,2004,3972162.54,34.3,38.26,59.98,Universal Analysis Mode,Warning,Maintenance inspection recommended soon.
TUN,788,2005,3735000.0,47.26,54.52,61.42,Universal Analysis Mode,Warning,Maintenance inspection recommended soon.
TUN,788,2006,3806630.33,55.37,65.14,60.87,Universal Analysis Mode,Warning,Maintenance inspection recommended soon.
TUN,788,2007,4148476.45,60.12,72.39,60.98,Universal Analysis Mode,Warning,Maintenance inspection recommended soon.
TUN,788,2008,4192044.48,77.79,97.26,61.93,Universal Analysis Mode,Warning,Maintenance inspection recommended soon.
TUN,788,2009,4419238.55,49.5,61.67,58.45,Universal Analysis Mode,Warning,Maintenance inspection recommended soon.
TUN,788,2010,3990958.55,62.78,79.5,58.7,Universal Analysis Mode,Warning,Maintenance inspection recommended soon.
TUN,788,2011,3360613.06,85.17,111.26,58.19,Universal Analysis Mode,Warning,Maintenance inspection recommended soon.
TUN,788,2012,3152058.63,83.75,111.67,53.67,Universal Analysis Mode,Warning,Maintenance inspection recommended soon.
TUN,788,2013,2995367.91,80.32,108.66,54.35,Universal Analysis Mode,Warning,Maintenance inspection recommended soon.
TUN,788,2014,2741592.09,71.97,98.95,56.91,Universal Analysis Mode,Warning,Maintenance inspection recommended soon.
TUR,792,1932,49800.0,10.86,0.87,32.31,Universal Analysis Mode,Warning,Maintenance inspection recommended soon.
TUR,792,1933,49800.0,8.82,0.67,32.32,Universal Analysis Mode,Warning,Maintenance inspection recommended soon.
TUR,792,1934,49800.0,12.72,1.0,32.82,Universal Analysis Mode,Warning,Maintenance inspection recommended soon.
TUR,792,1935,49800.0,12.04,0.97,32.5,Universal Analysis Mode,Warning,Maintenance inspection recommended soon.
TUR,792,1936,49800.0,13.38,1.09,32.83,Universal Analysis Mode,Warning,Maintenance inspection recommended soon.
TUR,792,1937,49800.0,13.98,1.18,32.63,Universal Analysis Mode,Warning,Maintenance inspection recommended soon.
TUR,792,1938,49800.0,13.66,1.13,32.69,Universal Analysis Mode,Warning,Maintenance inspection recommended soon.
TUR,792,1939,49800.0,12.5,1.02,32.66,Universal Analysis Mode,Warning,Maintenance inspection recommended soon.
TUR,792,1940,49800.0,12.38,1.02,32.62,Universal Analysis Mode,Warning,Maintenance inspection recommended soon.
TUR,792,1941,49800.0,13.18,1.14,32.66,Universal Analysis Mode,Warning,Maintenance inspection recommended soon.
TUR,792,1942,49800.0,12.42,1.19,32.49,Universal Analysis Mode,Warning,Maintenance inspection recommended soon.
TUR,792,1943,49800.0,11.81,1.2,32.26,Universal Analysis Mode,Warning,Maintenance inspection recommended soon.
TUR,792,1944,49800.0,11.71,1.21,32.24,Universal Analysis Mode,Warning,Maintenance inspection recommended soon.
TUR,792,1945,49800.0,9.93,1.05,31.92,Universal Analysis Mode,Warning,Maintenance inspection recommended soon.
TUR,792,1946,49800.0,9.77,1.12,31.85,Universal Analysis Mode,Warning,Maintenance inspection recommended soon.
TUR,792,1947,49800.0,14.48,1.9,32.84,Universal Analysis Mode,Warning,Maintenance inspection recommended soon.
TUR,792,1948,49800.0,14.07,1.99,32.91,Universal Analysis Mode,Warning,Maintenance inspection recommended soon.
TUR,792,1949,12978.0,12.71,1.78,30.53,Universal Analysis Mode,Warning,Maintenance inspection recommended soon.
TUR,792,1950,14754.0,12.08,1.71,30.38,Universal Analysis Mode,Warning,Maintenance inspection recommended soon.
TUR,792,1951,18169.0,11.2,1.71,30.23,Universal Analysis Mode,Warning,Maintenance inspection recommended soon.
TUR,792,1952,19945.0,10.96,1.71,30.26,Universal Analysis Mode,Warning,Maintenance inspection recommended soon.
TUR,792,1953,24454.0,12.27,1.93,30.79,Universal Analysis Mode,Warning,Maintenance inspection recommended soon.
TUR,792,1954,54508.0,12.21,1.93,31.16,Universal Analysis Mode,Warning,Maintenance inspection recommended soon.
TUR,792,1955,164617.0,12.27,1.93,32.97,Universal Analysis Mode,Warning,Maintenance inspection recommended soon.
TUR,792,1956,302322.0,12.07,1.93,35.33,Universal Analysis Mode,Warning,Maintenance inspection recommended soon.
TUR,792,1957,294945.0,11.48,1.9,34.98,Universal Analysis Mode,Warning,Maintenance inspection recommended soon.
TUR,792,1958,325000.0,12.25,2.08,36.45,Universal Analysis Mode,Warning,Maintenance inspection recommended soon.
TUR,792,1959,368852.0,12.14,2.08,38.16,Universal Analysis Mode,Warning,Maintenance inspection recommended soon.
TUR,792,1960,358470.0,10.91,1.9,36.62,Universal Analysis Mode,Warning,Maintenance inspection recommended soon.
TUR,792,1961,420082.0,10.24,1.8,37.05,Universal Analysis Mode,Warning,Maintenance inspection recommended soon.
TUR,792,1962,567896.0,10.12,1.8,40.13,Universal Analysis Mode,Warning,Maintenance inspection recommended soon.
TUR,792,1963,695355.0,9.99,1.8,40.84,Universal Analysis Mode,Warning,Maintenance inspection recommended soon.
TUR,792,1964,805191.0,9.86,1.8,41.24,Universal Analysis Mode,Warning,Maintenance inspection recommended soon.
TUR,792,1965,1341257.0,9.71,1.8,43.96,Universal Analysis Mode,Warning,Maintenance inspection recommended soon.
TUR,792,1966,1784426.0,9.41,1.8,44.49,Universal Analysis Mode,Warning,Maintenance inspection recommended soon.
TUR,792,1967,2385109.0,9.16,1.8,45.3,Universal Analysis Mode,Warning,Maintenance inspection recommended soon.
TUR,792,1968,2714617.0,8.8,1.8,45.41,Universal Analysis Mode,Warning,Maintenance inspection recommended soon.
TUR,792,1969,3521038.0,8.35,1.8,46.23,Universal Analysis Mode,Warning,Maintenance inspection recommended soon.
TUR,792,1970,3542000.0,7.88,1.8,45.86,Universal Analysis Mode,Warning,Maintenance inspection recommended soon.
TUR,792,1971,3452000.0,9.41,2.24,46.61,Universal Analysis Mode,Warning,Maintenance inspection recommended soon.
TUR,792,1972,3388000.0,10.09,2.48,46.77,Universal Analysis Mode,Warning,Maintenance inspection recommended soon.
TUR,792,1973,3511000.0,12.59,3.29,47.92,Universal Analysis Mode,Warning,Maintenance inspection recommended soon.
TUR,792,1974,3309000.0,39.93,11.58,51.07,Universal Analysis Mode,Warning,Maintenance inspection recommended soon.
TUR,792,1975,3095000.0,36.44,11.53,51.24,Universal Analysis Mode,Warning,Maintenance inspection recommended soon.
TUR,792,1976,2595000.0,38.23,12.8,52.72,Universal Analysis Mode,Warning,Maintenance inspection recommended soon.
TUR,792,1977,2604000.0,39.04,13.92,53.95,Universal Analysis Mode,Warning,Maintenance inspection recommended soon.
TUR,792,1978,2731000.0,36.54,14.02,56.1,Universal Analysis Mode,Warning,Maintenance inspection recommended soon.
TUR,792,1979,2831000.0,74.02,31.61,58.88,Universal Analysis Mode,Warning,Maintenance inspection recommended soon.
TUR,792,1980,2330000.0,75.97,36.83,60.15,Universal Analysis Mode,Warning,Maintenance inspection recommended soon.
TUR,792,1981,2363000.0,67.14,35.93,60.56,Universal Analysis Mode,Warning,Maintenance inspection recommended soon.
TUR,792,1982,2333000.0,58.02,32.97,60.64,Universal Analysis Mode,Warning,Maintenance inspection recommended soon.
TUR,792,1983,2203000.0,50.39,29.55,59.97,Universal Analysis Mode,Warning,Maintenance inspection recommended soon.
TUR,792,1984,2087000.0,45.82,28.78,56.49,Universal Analysis Mode,Warning,Maintenance inspection recommended soon.
TUR,792,1985,2110000.0,43.43,27.56,56.24,Universal Analysis Mode,Warning,Maintenance inspection recommended soon.
TUR,792,1986,2394000.0,22.22,14.43,53.73,Universal Analysis Mode,Warning,Maintenance inspection recommended soon.
TUR,792,1987,2630000.0,27.46,18.44,52.91,Universal Analysis Mode,Warning,Maintenance inspection recommended soon.
TUR,792,1988,2564000.0,21.42,14.92,50.56,Universal Analysis Mode,Warning,Maintenance inspection recommended soon.
TUR,792,1989,2876000.0,24.87,18.23,51.72,Universal Analysis Mode,Warning,Maintenance inspection recommended soon.
TUR,792,1990,3712000.0,30.88,23.73,50.22,Universal Analysis Mode,Warning,Maintenance inspection recommended soon.
TUR,792,1991,5189000.0,24.95,20.0,50.25,Universal Analysis Mode,Warning,Maintenance inspection recommended soon.
TUR,792,1992,5199000.0,23.39,19.32,48.65,Universal Analysis Mode,Warning,Maintenance inspection recommended soon.
TUR,792,1993,4887000.0,20.01,16.97,48.08,Universal Analysis Mode,Warning,Maintenance inspection recommended soon.
TUR,792,1994,4332000.0,18.26,15.82,47.37,Universal Analysis Mode,Warning,Maintenance inspection recommended soon.
TUR,792,1995,4231000.0,19.1,17.02,47.25,Universal Analysis Mode,Warning,Maintenance inspection recommended soon.
TUR,792,1996,4170000.0,22.48,20.67,48.11,Universal Analysis Mode,Warning,Maintenance inspection recommended soon.
TUR,792,1997,3789000.0,20.38,19.09,47.7,Universal Analysis Mode,Warning,Maintenance inspection recommended soon.
TUR,792,1998,3898000.0,13.62,12.72,45.67,Universal Analysis Mode,Warning,Maintenance inspection recommended soon.
TUR,792,1999,3941000.0,18.56,17.97,47.14,Universal Analysis Mode,Warning,Maintenance inspection recommended soon.
TUR,792,2000,3662000.0,28.5,28.5,51.06,Universal Analysis Mode,Warning,Maintenance inspection recommended soon.
TUR,792,2001,2390400.0,23.7,24.44,49.7,Universal Analysis Mode,Warning,Maintenance inspection recommended soon.
TUR,792,2002,2324363.71,23.72,25.02,49.25,Universal Analysis Mode,Warning,Maintenance inspection recommended soon.
TUR,792,2003,2249459.03,26.54,28.83,51.91,Universal Analysis Mode,Warning,Maintenance inspection recommended soon.
TUR,792,2004,2112554.35,34.3,38.26,52.95,Universal Analysis Mode,Warning,Maintenance inspection recommended soon.
TUR,792,2005,2174827.25,47.26,54.52,54.53,Universal Analysis Mode,Warning,Maintenance inspection recommended soon.
TUR,792,2006,2099513.22,55.37,65.14,53.9,Universal Analysis Mode,Warning,Maintenance inspection recommended soon.
TUR,792,2007,2041936.45,60.12,72.39,54.63,Universal Analysis Mode,Warning,Maintenance inspection recommended soon.
TUR,792,2008,2070918.06,77.79,97.26,55.52,Universal Analysis Mode,Warning,Maintenance inspection recommended soon.
TUR,792,2009,2301032.9,49.5,61.67,52.13,Universal Analysis Mode,Warning,Maintenance inspection recommended soon.
TUR,792,2010,2407182.1,62.78,79.5,51.2,Universal Analysis Mode,Warning,Maintenance inspection recommended soon.
TUR,792,2011,2277702.1,85.17,111.26,50.76,Universal Analysis Mode,Warning,Maintenance inspection recommended soon.
TUR,792,2012,2228890.13,83.75,111.67,50.28,Universal Analysis Mode,Warning,Maintenance inspection recommended soon.
TUR,792,2013,2302943.23,80.32,108.66,50.52,Universal Analysis Mode,Warning,Maintenance inspection recommended soon.
TUR,792,2014,2374027.25,71.97,98.95,57.23,Universal Analysis Mode,Warning,Maintenance inspection recommended soon.
TKM,795,1932,49800.0,10.86,0.87,29.96,Universal Analysis Mode,Healthy,Machine is safe. Continue regular monitoring.
TKM,795,1933,49800.0,8.82,0.67,29.94,Universal Analysis Mode,Healthy,Machine is safe. Continue regular monitoring.
TKM,795,1934,49800.0,12.72,1.0,30.42,Universal Analysis Mode,Warning,Maintenance inspection recommended soon.
TKM,795,1935,49800.0,12.04,0.97,30.07,Universal Analysis Mode,Warning,Maintenance inspection recommended soon.
TKM,795,1936,49800.0,13.38,1.09,30.37,Universal Analysis Mode,Warning,Maintenance inspection recommended soon.
TKM,795,1937,49800.0,13.98,1.18,30.14,Universal Analysis Mode,Warning,Maintenance inspection recommended soon.
TKM,795,1938,49800.0,13.66,1.13,30.17,Universal Analysis Mode,Warning,Maintenance inspection recommended soon.
TKM,795,1939,49800.0,12.5,1.02,30.09,Universal Analysis Mode,Warning,Maintenance inspection recommended soon.
TKM,795,1940,49800.0,12.38,1.02,30.02,Universal Analysis Mode,Warning,Maintenance inspection recommended soon.
TKM,795,1941,49800.0,13.18,1.14,30.04,Universal Analysis Mode,Warning,Maintenance inspection recommended soon.
TKM,795,1942,49800.0,12.42,1.19,29.86,Universal Analysis Mode,Healthy,Machine is safe. Continue regular monitoring.
TKM,795,1943,49800.0,11.81,1.2,29.6,Universal Analysis Mode,Healthy,Machine is safe. Continue regular monitoring.
TKM,795,1944,49800.0,11.71,1.21,29.56,Universal Analysis Mode,Healthy,Machine is safe. Continue regular monitoring.
TKM,795,1945,49800.0,9.93,1.05,29.22,Universal Analysis Mode,Healthy,Machine is safe. Continue regular monitoring.
TKM,795,1946,49800.0,9.77,1.12,29.11,Universal Analysis Mode,Healthy,Machine is safe. Continue regular monitoring.
TKM,795,1947,49800.0,14.48,1.9,30.06,Universal Analysis Mode,Warning,Maintenance inspection recommended soon.
TKM,795,1948,49800.0,14.07,1.99,30.09,Universal Analysis Mode,Warning,Maintenance inspection recommended soon.
TKM,795,1949,49800.0,12.71,1.78,29.64,Universal Analysis Mode,Healthy,Machine is safe. Continue regular monitoring.
TKM,795,1950,49800.0,12.08,1.71,28.66,Universal Analysis Mode,Healthy,Machine is safe. Continue regular monitoring.
TKM,795,1951,49800.0,11.2,1.71,28.47,Universal Analysis Mode,Healthy,Machine is safe. Continue regular monitoring.
TKM,795,1952,49800.0,10.96,1.71,28.45,Universal Analysis Mode,Healthy,Machine is safe. Continue regular monitoring.
TKM,795,1953,49800.0,12.27,1.93,28.96,Universal Analysis Mode,Healthy,Machine is safe. Continue regular monitoring.
TKM,795,1954,49800.0,12.21,1.93,28.86,Universal Analysis Mode,Healthy,Machine is safe. Continue regular monitoring.
TKM,795,1955,49800.0,12.27,1.93,28.51,Universal Analysis Mode,Healthy,Machine is safe. Continue regular monitoring.
TKM,795,1956,49800.0,12.07,1.93,28.49,Universal Analysis Mode,Healthy,Machine is safe. Continue regular monitoring.
TKM,795,1957,49800.0,11.48,1.9,28.23,Universal Analysis Mode,Healthy,Machine is safe. Continue regular monitoring.
TKM,795,1958,49800.0,12.25,2.08,28.67,Universal Analysis Mode,Healthy,Machine is safe. Continue regular monitoring.
TKM,795,1959,49800.0,12.14,2.08,28.7,Universal Analysis Mode,Healthy,Machine is safe. Continue regular monitoring.
TKM,795,1960,49800.0,10.91,1.9,28.64,Universal Analysis Mode,Healthy,Machine is safe. Continue regular monitoring.
TKM,795,1961,49800.0,10.24,1.8,28.59,Universal Analysis Mode,Healthy,Machine is safe. Continue regular monitoring.
TKM,795,1962,49800.0,10.12,1.8,29.45,Universal Analysis Mode,Healthy,Machine is safe. Continue regular monitoring.
TKM,795,1963,49800.0,9.99,1.8,29.28,Universal Analysis Mode,Healthy,Machine is safe. Continue regular monitoring.
TKM,795,1964,49800.0,9.86,1.8,28.37,Universal Analysis Mode,Healthy,Machine is safe. Continue regular monitoring.
TKM,795,1965,49800.0,9.71,1.8,28.98,Universal Analysis Mode,Healthy,Machine is safe. Continue regular monitoring.
TKM,795,1966,49800.0,9.41,1.8,28.33,Universal Analysis Mode,Healthy,Machine is safe. Continue regular monitoring.
TKM,795,1967,49800.0,9.16,1.8,28.22,Universal Analysis Mode,Healthy,Machine is safe. Continue regular monitoring.
TKM,795,1968,49800.0,8.8,1.8,27.99,Universal Analysis Mode,Healthy,Machine is safe. Continue regular monitoring.
TKM,795,1969,49800.0,8.35,1.8,28.11,Universal Analysis Mode,Healthy,Machine is safe. Continue regular monitoring.
TKM,795,1970,49800.0,7.88,1.8,27.85,Universal Analysis Mode,Healthy,Machine is safe. Continue regular monitoring.
TKM,795,1971,49800.0,9.41,2.24,28.19,Universal Analysis Mode,Healthy,Machine is safe. Continue regular monitoring.
TKM,795,1972,49800.0,10.09,2.48,28.21,Universal Analysis Mode,Healthy,Machine is safe. Continue regular monitoring.
TKM,795,1973,49800.0,12.59,3.29,28.44,Universal Analysis Mode,Healthy,Machine is safe. Continue regular monitoring.
TKM,795,1974,49800.0,39.93,11.58,30.31,Universal Analysis Mode,Warning,Maintenance inspection recommended soon.
TKM,795,1975,49800.0,36.44,11.53,30.57,Universal Analysis Mode,Warning,Maintenance inspection recommended soon.
TKM,795,1976,49800.0,38.23,12.8,32.17,Universal Analysis Mode,Warning,Maintenance inspection recommended soon.
TKM,795,1977,49800.0,39.04,13.92,33.37,Universal Analysis Mode,Warning,Maintenance inspection recommended soon.
TKM,795,1978,2736000.0,36.54,14.02,49.34,Universal Analysis Mode,Warning,Maintenance inspection recommended soon.
TKM,795,1979,2823000.0,74.02,31.61,52.21,Universal Analysis Mode,Warning,Maintenance inspection recommended soon.
TKM,795,1980,2330000.0,75.97,36.83,53.35,Universal Analysis Mode,Warning,Maintenance inspection recommended soon.
TKM,795,1981,2363000.0,67.14,35.93,53.79,Universal Analysis Mode,Warning,Maintenance inspection recommended soon.
TKM,795,1982,2333000.0,58.02,32.97,53.79,Universal Analysis Mode,Warning,Maintenance inspection recommended soon.
TKM,795,1983,2203000.0,50.39,29.55,53.26,Universal Analysis Mode,Warning,Maintenance inspection recommended soon.
TKM,795,1984,2087000.0,45.82,28.78,52.81,Universal Analysis Mode,Warning,Maintenance inspection recommended soon.
TKM,795,1985,6780000.0,43.43,27.56,53.33,Universal Analysis Mode,Warning,Maintenance inspection recommended soon.
TKM,795,1986,6560000.0,22.22,14.43,50.5,Universal Analysis Mode,Warning,Maintenance inspection recommended soon.
TKM,795,1987,6470000.0,27.46,18.44,54.39,Universal Analysis Mode,Warning,Maintenance inspection recommended soon.
TKM,795,1988,5720000.0,21.42,14.92,52.66,Universal Analysis Mode,Warning,Maintenance inspection recommended soon.
TKM,795,1989,5750000.0,24.87,18.23,53.16,Universal Analysis Mode,Warning,Maintenance inspection recommended soon.
TKM,795,1990,5700000.0,30.88,23.73,55.28,Universal Analysis Mode,Warning,Maintenance inspection recommended soon.
TKM,795,1991,5400000.0,24.95,20.0,55.93,Universal Analysis Mode,Warning,Maintenance inspection recommended soon.
TKM,795,1992,4800000.0,23.39,19.32,56.69,Universal Analysis Mode,Warning,Maintenance inspection recommended soon.
TKM,795,1993,4380000.0,20.01,16.97,55.66,Universal Analysis Mode,Warning,Maintenance inspection recommended soon.
TKM,795,1994,4190000.0,18.26,15.82,55.37,Universal Analysis Mode,Warning,Maintenance inspection recommended soon.
TKM,795,1995,4070000.0,19.1,17.02,55.22,Universal Analysis Mode,Warning,Maintenance inspection recommended soon.
TKM,795,1996,4355000.0,22.48,20.67,55.44,Universal Analysis Mode,Warning,Maintenance inspection recommended soon.
TKM,795,1997,5370000.0,20.38,19.09,60.92,Universal Analysis Mode,Warning,Maintenance inspection recommended soon.
TKM,795,1998,6370000.0,13.62,12.72,59.6,Universal Analysis Mode,Warning,Maintenance inspection recommended soon.
TKM,795,1999,7065000.0,18.56,17.97,60.9,Universal Analysis Mode,Warning,Maintenance inspection recommended soon.
TKM,795,2000,7160000.0,28.5,28.5,64.86,Universal Analysis Mode,Warning,Maintenance inspection recommended soon.
TKM,795,2001,7719000.0,23.7,24.44,64.92,Universal Analysis Mode,Warning,Maintenance inspection recommended soon.
TKM,795,2002,8942536.2,23.72,25.02,64.6,Universal Analysis Mode,Warning,Maintenance inspection recommended soon.
TKM,795,2003,9330000.0,26.54,28.83,66.98,Universal Analysis Mode,Warning,Maintenance inspection recommended soon.
TKM,795,2004,10013745.65,34.3,38.26,67.57,Universal Analysis Mode,Warning,Maintenance inspection recommended soon.
TKM,795,2005,9126361.45,47.26,54.52,69.01,Universal Analysis Mode,Warning,Maintenance inspection recommended soon.
TKM,795,2006,8040448.54,55.37,65.14,68.27,Universal Analysis Mode,Warning,Maintenance inspection recommended soon.
TKM,795,2007,8146802.42,60.12,72.39,68.29,Universal Analysis Mode,Warning,Maintenance inspection recommended soon.
TKM,795,2008,8478790.13,77.79,97.26,69.11,Universal Analysis Mode,Warning,Maintenance inspection recommended soon.
TKM,795,2009,8777897.9,49.5,61.67,65.34,Universal Analysis Mode,Warning,Maintenance inspection recommended soon.
TKM,795,2010,8873745.97,62.78,79.5,66.48,Universal Analysis Mode,Warning,Maintenance inspection recommended soon.
TKM,795,2011,9797502.1,85.17,111.26,66.25,Universal Analysis Mode,Warning,Maintenance inspection recommended soon.
TKM,795,2012,10730403.51,83.75,111.67,65.05,Universal Analysis Mode,Warning,Maintenance inspection recommended soon.
TKM,795,2013,11378276.61,80.32,108.66,59.62,Universal Analysis Mode,Warning,Maintenance inspection recommended soon.
TKM,795,2014,12097579.84,71.97,98.95,58.3,Universal Analysis Mode,Warning,Maintenance inspection recommended soon.
UGA,800,1932,49800.0,10.86,0.87,29.97,Universal Analysis Mode,Healthy,Machine is safe. Continue regular monitoring.
UGA,800,1933,49800.0,8.82,0.67,29.95,Universal Analysis Mode,Healthy,Machine is safe. Continue regular monitoring.
UGA,800,1934,49800.0,12.72,1.0,30.43,Universal Analysis Mode,Warning,Maintenance inspection recommended soon.
UGA,800,1935,49800.0,12.04,0.97,30.08,Universal Analysis Mode,Warning,Maintenance inspection recommended soon.
UGA,800,1936,49800.0,13.38,1.09,30.38,Universal Analysis Mode,Warning,Maintenance inspection recommended soon.
UGA,800,1937,49800.0,13.98,1.18,30.15,Universal Analysis Mode,Warning,Maintenance inspection recommended soon.
UGA,800,1938,49800.0,13.66,1.13,30.18,Universal Analysis Mode,Warning,Maintenance inspection recommended soon.
UGA,800,1939,49800.0,12.5,1.02,30.1,Universal Analysis Mode,Warning,Maintenance inspection recommended soon.
UGA,800,1940,49800.0,12.38,1.02,30.03,Universal Analysis Mode,Warning,Maintenance inspection recommended soon.
UGA,800,1941,49800.0,13.18,1.14,30.06,Universal Analysis Mode,Warning,Maintenance inspection recommended soon.
UGA,800,1942,49800.0,12.42,1.19,29.87,Universal Analysis Mode,Healthy,Machine is safe. Continue regular monitoring.
UGA,800,1943,49800.0,11.81,1.2,29.62,Universal Analysis Mode,Healthy,Machine is safe. Continue regular monitoring.
UGA,800,1944,49800.0,11.71,1.21,29.57,Universal Analysis Mode,Healthy,Machine is safe. Continue regular monitoring.
UGA,800,1945,49800.0,9.93,1.05,29.23,Universal Analysis Mode,Healthy,Machine is safe. Continue regular monitoring.
UGA,800,1946,49800.0,9.77,1.12,29.13,Universal Analysis Mode,Healthy,Machine is safe. Continue regular monitoring.
UGA,800,1947,49800.0,14.48,1.9,30.07,Universal Analysis Mode,Warning,Maintenance inspection recommended soon.
UGA,800,1948,49800.0,14.07,1.99,30.1,Universal Analysis Mode,Warning,Maintenance inspection recommended soon.
UGA,800,1949,49800.0,12.71,1.78,29.65,Universal Analysis Mode,Healthy,Machine is safe. Continue regular monitoring.
UGA,800,1950,49800.0,12.08,1.71,29.13,Universal Analysis Mode,Healthy,Machine is safe. Continue regular monitoring.
UGA,800,1951,49800.0,11.2,1.71,28.94,Universal Analysis Mode,Healthy,Machine is safe. Continue regular monitoring.
UGA,800,1952,49800.0,10.96,1.71,28.91,Universal Analysis Mode,Healthy,Machine is safe. Continue regular monitoring.
UGA,800,1953,49800.0,12.27,1.93,29.42,Universal Analysis Mode,Healthy,Machine is safe. Continue regular monitoring.
UGA,800,1954,49800.0,12.21,1.93,29.32,Universal Analysis Mode,Healthy,Machine is safe. Continue regular monitoring.
UGA,800,1955,49800.0,12.27,1.93,29.37,Universal Analysis Mode,Healthy,Machine is safe. Continue regular monitoring.
UGA,800,1956,49800.0,12.07,1.93,29.64,Universal Analysis Mode,Healthy,Machine is safe. Continue regular monitoring.
UGA,800,1957,49800.0,11.48,1.9,29.4,Universal Analysis Mode,Healthy,Machine is safe. Continue regular monitoring.
UGA,800,1958,49800.0,12.25,2.08,29.87,Universal Analysis Mode,Healthy,Machine is safe. Continue regular monitoring.
UGA,800,1959,49800.0,12.14,2.08,29.92,Universal Analysis Mode,Healthy,Machine is safe. Continue regular monitoring.
UGA,800,1960,49800.0,10.91,1.9,29.88,Universal Analysis Mode,Healthy,Machine is safe. Continue regular monitoring.
UGA,800,1961,49800.0,10.24,1.8,29.85,Universal Analysis Mode,Healthy,Machine is safe. Continue regular monitoring.
UGA,800,1962,0.0,10.12,1.8,27.22,Universal Analysis Mode,Healthy,Machine is safe. Continue regular monitoring.
UGA,800,1963,0.0,9.99,1.8,27.07,Universal Analysis Mode,Healthy,Machine is safe. Continue regular monitoring.
UGA,800,1964,0.0,9.86,1.8,26.19,Universal Analysis Mode,Healthy,Machine is safe. Continue regular monitoring.
UGA,800,1965,0.0,9.71,1.8,26.83,Universal Analysis Mode,Healthy,Machine is safe. Continue regular monitoring.
UGA,800,1966,0.0,9.41,1.8,26.22,Universal Analysis Mode,Healthy,Machine is safe. Continue regular monitoring.
UGA,800,1967,0.0,9.16,1.8,26.14,Universal Analysis Mode,Healthy,Machine is safe. Continue regular monitoring.
UGA,800,1968,0.0,8.8,1.8,25.94,Universal Analysis Mode,Healthy,Machine is safe. Continue regular monitoring.
UGA,800,1969,0.0,8.35,1.8,26.09,Universal Analysis Mode,Healthy,Machine is safe. Continue regular monitoring.
UGA,800,1970,0.0,7.88,1.8,25.87,Universal Analysis Mode,Healthy,Machine is safe. Continue regular monitoring.
UGA,800,1971,0.0,9.41,2.24,26.25,Universal Analysis Mode,Healthy,Machine is safe. Continue regular monitoring.
UGA,800,1972,0.0,10.09,2.48,26.3,Universal Analysis Mode,Healthy,Machine is safe. Continue regular monitoring.
UGA,800,1973,0.0,12.59,3.29,26.56,Universal Analysis Mode,Healthy,Machine is safe. Continue regular monitoring.
UGA,800,1974,0.0,39.93,11.58,28.46,Universal Analysis Mode,Healthy,Machine is safe. Continue regular monitoring.
UGA,800,1975,0.0,36.44,11.53,28.75,Universal Analysis Mode,Healthy,Machine is safe. Continue regular monitoring.
UGA,800,1976,0.0,38.23,12.8,30.37,Universal Analysis Mode,Warning,Maintenance inspection recommended soon.
UGA,800,1977,0.0,39.04,13.92,31.6,Universal Analysis Mode,Warning,Maintenance inspection recommended soon.
UGA,800,1978,0.0,36.54,14.02,31.3,Universal Analysis Mode,Warning,Maintenance inspection recommended soon.
UGA,800,1979,0.0,74.02,31.61,33.7,Universal Analysis Mode,Warning,Maintenance inspection recommended soon.
UGA,800,1980,0.0,75.97,36.83,34.95,Universal Analysis Mode,Warning,Maintenance inspection recommended soon.
UGA,800,1981,0.0,67.14,35.93,35.47,Universal Analysis Mode,Warning,Maintenance inspection recommended soon.
UGA,800,1982,0.0,58.02,32.97,35.59,Universal Analysis Mode,Warning,Maintenance inspection recommended soon.
UGA,800,1983,0.0,50.39,29.55,35.23,Universal Analysis Mode,Warning,Maintenance inspection recommended soon.
UGA,800,1984,0.0,45.82,28.78,34.89,Universal Analysis Mode,Warning,Maintenance inspection recommended soon.
UGA,800,1985,0.0,43.43,27.56,34.67,Universal Analysis Mode,Warning,Maintenance inspection recommended soon.
UGA,800,1986,0.0,22.22,14.43,32.32,Universal Analysis Mode,Warning,Maintenance inspection recommended soon.
UGA,800,1987,0.0,27.46,18.44,31.45,Universal Analysis Mode,Warning,Maintenance inspection recommended soon.
UGA,800,1988,0.0,21.42,14.92,29.93,Universal Analysis Mode,Healthy,Machine is safe. Continue regular monitoring.
UGA,800,1989,0.0,24.87,18.23,30.46,Universal Analysis Mode,Warning,Maintenance inspection recommended soon.
UGA,800,1990,0.0,30.88,23.73,32.49,Universal Analysis Mode,Warning,Maintenance inspection recommended soon.
UGA,800,1991,0.0,24.95,20.0,32.42,Universal Analysis Mode,Warning,Maintenance inspection recommended soon.
UGA,800,1992,0.0,23.39,19.32,30.94,Universal Analysis Mode,Warning,Maintenance inspection recommended soon.
UGA,800,1993,0.0,20.01,16.97,30.6,Universal Analysis Mode,Warning,Maintenance inspection recommended soon.
UGA,800,1994,0.0,18.26,15.82,30.1,Universal Analysis Mode,Warning,Maintenance inspection recommended soon.
UGA,800,1995,0.0,19.1,17.02,30.08,Universal Analysis Mode,Warning,Maintenance inspection recommended soon.
UGA,800,1996,0.0,22.48,20.67,30.89,Universal Analysis Mode,Warning,Maintenance inspection recommended soon.
UGA,800,1997,0.0,20.38,19.09,30.77,Universal Analysis Mode,Warning,Maintenance inspection recommended soon.
UGA,800,1998,0.0,13.62,12.72,29.79,Universal Analysis Mode,Healthy,Machine is safe. Continue regular monitoring.
UGA,800,1999,0.0,18.56,17.97,30.6,Universal Analysis Mode,Warning,Maintenance inspection recommended soon.
UGA,800,2000,0.0,28.5,28.5,33.83,Universal Analysis Mode,Warning,Maintenance inspection recommended soon.
UGA,800,2001,0.0,23.7,24.44,33.83,Universal Analysis Mode,Warning,Maintenance inspection recommended soon.
UGA,800,2002,0.0,23.72,25.02,33.48,Universal Analysis Mode,Warning,Maintenance inspection recommended soon.
UGA,800,2003,0.0,26.54,28.83,35.65,Universal Analysis Mode,Warning,Maintenance inspection recommended soon.
UGA,800,2004,0.0,34.3,38.26,36.22,Universal Analysis Mode,Warning,Maintenance inspection recommended soon.
UGA,800,2005,0.0,47.26,54.52,37.55,Universal Analysis Mode,Warning,Maintenance inspection recommended soon.
UGA,800,2006,0.0,55.37,65.14,37.05,Universal Analysis Mode,Warning,Maintenance inspection recommended soon.
UGA,800,2007,0.0,60.12,72.39,37.09,Universal Analysis Mode,Warning,Maintenance inspection recommended soon.
UGA,800,2008,0.0,77.79,97.26,37.84,Universal Analysis Mode,Warning,Maintenance inspection recommended soon.
UGA,800,2009,0.0,49.5,61.67,34.81,Universal Analysis Mode,Warning,Maintenance inspection recommended soon.
UGA,800,2010,0.0,62.78,79.5,33.95,Universal Analysis Mode,Warning,Maintenance inspection recommended soon.
UGA,800,2011,0.0,85.17,111.26,33.45,Universal Analysis Mode,Warning,Maintenance inspection recommended soon.
UGA,800,2012,0.0,83.75,111.67,32.39,Universal Analysis Mode,Warning,Maintenance inspection recommended soon.
UGA,800,2013,0.0,80.32,108.66,32.67,Universal Analysis Mode,Warning,Maintenance inspection recommended soon.
UGA,800,2014,0.0,71.97,98.95,33.75,Universal Analysis Mode,Warning,Maintenance inspection recommended soon.
UKR,804,1932,49800.0,10.86,0.87,29.98,Universal Analysis Mode,Healthy,Machine is safe. Continue regular monitoring.
UKR,804,1933,49800.0,8.82,0.67,29.96,Universal Analysis Mode,Healthy,Machine is safe. Continue regular monitoring.
UKR,804,1934,49800.0,12.72,1.0,30.44,Universal Analysis Mode,Warning,Maintenance inspection recommended soon.
UKR,804,1935,49800.0,12.04,0.97,30.09,Universal Analysis Mode,Warning,Maintenance inspection recommended soon.
UKR,804,1936,49800.0,13.38,1.09,30.39,Universal Analysis Mode,Warning,Maintenance inspection recommended soon.
UKR,804,1937,49800.0,13.98,1.18,30.16,Universal Analysis Mode,Warning,Maintenance inspection recommended soon.
UKR,804,1938,49800.0,13.66,1.13,30.19,Universal Analysis Mode,Warning,Maintenance inspection recommended soon.
UKR,804,1939,49800.0,12.5,1.02,30.12,Universal Analysis Mode,Warning,Maintenance inspection recommended soon.
UKR,804,1940,49800.0,12.38,1.02,30.04,Universal Analysis Mode,Warning,Maintenance inspection recommended soon.
UKR,804,1941,49800.0,13.18,1.14,30.07,Universal Analysis Mode,Warning,Maintenance inspection recommended soon.
UKR,804,1942,49800.0,12.42,1.19,29.88,Universal Analysis Mode,Healthy,Machine is safe. Continue regular monitoring.
UKR,804,1943,49800.0,11.81,1.2,29.63,Universal Analysis Mode,Healthy,Machine is safe. Continue regular monitoring.
UKR,804,1944,49800.0,11.71,1.21,29.59,Universal Analysis Mode,Healthy,Machine is safe. Continue regular monitoring.
UKR,804,1945,49800.0,9.93,1.05,29.24,Universal Analysis Mode,Healthy,Machine is safe. Continue regular monitoring.
UKR,804,1946,49800.0,9.77,1.12,29.14,Universal Analysis Mode,Healthy,Machine is safe. Continue regular monitoring.
UKR,804,1947,49800.0,14.48,1.9,30.09,Universal Analysis Mode,Warning,Maintenance inspection recommended soon.
UKR,804,1948,49800.0,14.07,1.99,30.11,Universal Analysis Mode,Warning,Maintenance inspection recommended soon.
UKR,804,1949,49800.0,12.71,1.78,29.66,Universal Analysis Mode,Healthy,Machine is safe. Continue regular monitoring.
UKR,804,1950,49800.0,12.08,1.71,32.81,Universal Analysis Mode,Warning,Maintenance inspection recommended soon.
UKR,804,1951,49800.0,11.2,1.71,32.65,Universal Analysis Mode,Warning,Maintenance inspection recommended soon.
UKR,804,1952,49800.0,10.96,1.71,32.65,Universal Analysis Mode,Warning,Maintenance inspection recommended soon.
UKR,804,1953,49800.0,12.27,1.93,33.18,Universal Analysis Mode,Warning,Maintenance inspection recommended soon.
UKR,804,1954,49800.0,12.21,1.93,33.08,Universal Analysis Mode,Warning,Maintenance inspection recommended soon.
UKR,804,1955,49800.0,12.27,1.93,32.73,Universal Analysis Mode,Warning,Maintenance inspection recommended soon.
UKR,804,1956,49800.0,12.07,1.93,32.71,Universal Analysis Mode,Warning,Maintenance inspection recommended soon.
UKR,804,1957,49800.0,11.48,1.9,32.44,Universal Analysis Mode,Warning,Maintenance inspection recommended soon.
UKR,804,1958,49800.0,12.25,2.08,32.89,Universal Analysis Mode,Warning,Maintenance inspection recommended soon.
UKR,804,1959,49800.0,12.14,2.08,32.91,Universal Analysis Mode,Warning,Maintenance inspection recommended soon.
UKR,804,1960,49800.0,10.91,1.9,32.84,Universal Analysis Mode,Warning,Maintenance inspection recommended soon.
UKR,804,1961,49800.0,10.24,1.8,32.79,Universal Analysis Mode,Warning,Maintenance inspection recommended soon.
UKR,804,1962,49800.0,10.12,1.8,33.65,Universal Analysis Mode,Warning,Maintenance inspection recommended soon.
UKR,804,1963,49800.0,9.99,1.8,33.48,Universal Analysis Mode,Warning,Maintenance inspection recommended soon.
UKR,804,1964,49800.0,9.86,1.8,32.56,Universal Analysis Mode,Warning,Maintenance inspection recommended soon.
UKR,804,1965,49800.0,9.71,1.8,33.16,Universal Analysis Mode,Warning,Maintenance inspection recommended soon.
UKR,804,1966,49800.0,9.41,1.8,32.52,Universal Analysis Mode,Warning,Maintenance inspection recommended soon.
UKR,804,1967,49800.0,9.16,1.8,32.4,Universal Analysis Mode,Warning,Maintenance inspection recommended soon.
UKR,804,1968,49800.0,8.8,1.8,32.15,Universal Analysis Mode,Warning,Maintenance inspection recommended soon.
UKR,804,1969,49800.0,8.35,1.8,32.27,Universal Analysis Mode,Warning,Maintenance inspection recommended soon.
UKR,804,1970,49800.0,7.88,1.8,32.01,Universal Analysis Mode,Warning,Maintenance inspection recommended soon.
UKR,804,1971,49800.0,9.41,2.24,32.35,Universal Analysis Mode,Warning,Maintenance inspection recommended soon.
UKR,804,1972,49800.0,10.09,2.48,32.36,Universal Analysis Mode,Warning,Maintenance inspection recommended soon.
UKR,804,1973,49800.0,12.59,3.29,32.59,Universal Analysis Mode,Warning,Maintenance inspection recommended soon.
UKR,804,1974,49800.0,39.93,11.58,34.46,Universal Analysis Mode,Warning,Maintenance inspection recommended soon.
UKR,804,1975,49800.0,36.44,11.53,34.72,Universal Analysis Mode,Warning,Maintenance inspection recommended soon.
UKR,804,1976,49800.0,38.23,12.8,36.3,Universal Analysis Mode,Warning,Maintenance inspection recommended soon.
UKR,804,1977,49800.0,39.04,13.92,37.5,Universal Analysis Mode,Warning,Maintenance inspection recommended soon.
UKR,804,1978,49800.0,36.54,14.02,37.16,Universal Analysis Mode,Warning,Maintenance inspection recommended soon.
UKR,804,1979,49800.0,74.02,31.61,39.54,Universal Analysis Mode,Warning,Maintenance inspection recommended soon.
UKR,804,1980,49800.0,75.97,36.83,40.77,Universal Analysis Mode,Warning,Maintenance inspection recommended soon.
UKR,804,1981,49800.0,67.14,35.93,41.25,Universal Analysis Mode,Warning,Maintenance inspection recommended soon.
UKR,804,1982,49800.0,58.02,32.97,41.33,Universal Analysis Mode,Warning,Maintenance inspection recommended soon.
UKR,804,1983,49800.0,50.39,29.55,40.93,Universal Analysis Mode,Warning,Maintenance inspection recommended soon.
UKR,804,1984,49800.0,45.82,28.78,40.55,Universal Analysis Mode,Warning,Maintenance inspection recommended soon.
UKR,804,1985,49800.0,43.43,27.56,40.28,Universal Analysis Mode,Warning,Maintenance inspection recommended soon.
UKR,804,1986,49800.0,22.22,14.43,37.87,Universal Analysis Mode,Warning,Maintenance inspection recommended soon.
UKR,804,1987,49800.0,27.46,18.44,50.68,Universal Analysis Mode,Warning,Maintenance inspection recommended soon.
UKR,804,1988,49800.0,21.42,14.92,48.95,Universal Analysis Mode,Warning,Maintenance inspection recommended soon.
UKR,804,1989,49800.0,24.87,18.23,49.35,Universal Analysis Mode,Warning,Maintenance inspection recommended soon.
UKR,804,1990,49800.0,30.88,23.73,51.42,Universal Analysis Mode,Warning,Maintenance inspection recommended soon.
UKR,804,1991,4000000.0,24.95,20.0,58.74,Universal Analysis Mode,Warning,Maintenance inspection recommended soon.
UKR,804,1992,4474000.0,23.39,19.32,50.52,Universal Analysis Mode,Warning,Maintenance inspection recommended soon.
UKR,804,1993,3900000.0,20.01,16.97,49.97,Universal Analysis Mode,Warning,Maintenance inspection recommended soon.
UKR,804,1994,3360000.0,18.26,15.82,49.29,Universal Analysis Mode,Warning,Maintenance inspection recommended soon.
UKR,804,1995,3500000.0,19.1,17.02,48.58,Universal Analysis Mode,Warning,Maintenance inspection recommended soon.
UKR,804,1996,4025000.0,22.48,20.67,49.51,Universal Analysis Mode,Warning,Maintenance inspection recommended soon.
UKR,804,1997,5149000.0,20.38,19.09,50.15,Universal Analysis Mode,Warning,Maintenance inspection recommended soon.
UKR,804,1998,6819000.0,13.62,12.72,48.99,Universal Analysis Mode,Warning,Maintenance inspection recommended soon.
UKR,804,1999,7160000.0,18.56,17.97,49.14,Universal Analysis Mode,Warning,Maintenance inspection recommended soon.
UKR,804,2000,7181000.0,28.5,28.5,53.46,Universal Analysis Mode,Warning,Maintenance inspection recommended soon.
UKR,804,2001,3809085.97,23.7,24.44,52.96,Universal Analysis Mode,Warning,Maintenance inspection recommended soon.
UKR,804,2002,3755329.36,23.72,25.02,52.53,Universal Analysis Mode,Warning,Maintenance inspection recommended soon.
UKR,804,2003,3959199.6,26.54,28.83,54.95,Universal Analysis Mode,Warning,Maintenance inspection recommended soon.
UKR,804,2004,4151875.8,34.3,38.26,55.49,Universal Analysis Mode,Warning,Maintenance inspection recommended soon.
UKR,804,2005,4457100.0,47.26,54.52,56.99,Universal Analysis Mode,Warning,Maintenance inspection recommended soon.
UKR,804,2006,4611131.4,55.37,65.14,57.15,Universal Analysis Mode,Warning,Maintenance inspection recommended soon.
UKR,804,2007,4742159.18,60.12,72.39,57.12,Universal Analysis Mode,Warning,Maintenance inspection recommended soon.
UKR,804,2008,4739637.81,77.79,97.26,58.01,Universal Analysis Mode,Warning,Maintenance inspection recommended soon.
UKR,804,2009,4476320.81,49.5,61.67,53.75,Universal Analysis Mode,Warning,Maintenance inspection recommended soon.
UKR,804,2010,2544836.27,62.78,79.5,52.58,Universal Analysis Mode,Warning,Maintenance inspection recommended soon.
UKR,804,2011,2404679.65,85.17,111.26,51.36,Universal Analysis Mode,Warning,Maintenance inspection recommended soon.
UKR,804,2012,2272306.77,83.75,111.67,50.75,Universal Analysis Mode,Warning,Maintenance inspection recommended soon.
UKR,804,2013,2151945.15,80.32,108.66,55.86,Universal Analysis Mode,Warning,Maintenance inspection recommended soon.
UKR,804,2014,2016544.43,71.97,98.95,58.52,Universal Analysis Mode,Warning,Maintenance inspection recommended soon.
ARE,784,1932,49800.0,10.86,0.87,29.92,Universal Analysis Mode,Healthy,Machine is safe. Continue regular monitoring.
ARE,784,1933,49800.0,8.82,0.67,29.91,Universal Analysis Mode,Healthy,Machine is safe. Continue regular monitoring.
ARE,784,1934,49800.0,12.72,1.0,30.38,Universal Analysis Mode,Warning,Maintenance inspection recommended soon.
ARE,784,1935,49800.0,12.04,0.97,30.03,Universal Analysis Mode,Warning,Maintenance inspection recommended soon.
ARE,784,1936,49800.0,13.38,1.09,30.34,Universal Analysis Mode,Warning,Maintenance inspection recommended soon.
ARE,784,1937,49800.0,13.98,1.18,30.1,Universal Analysis Mode,Warning,Maintenance inspection recommended soon.
ARE,784,1938,49800.0,13.66,1.13,30.13,Universal Analysis Mode,Warning,Maintenance inspection recommended soon.
ARE,784,1939,49800.0,12.5,1.02,30.06,Universal Analysis Mode,Warning,Maintenance inspection recommended soon.
ARE,784,1940,49800.0,12.38,1.02,29.98,Universal Analysis Mode,Healthy,Machine is safe. Continue regular monitoring.
ARE,784,1941,49800.0,13.18,1.14,30.01,Universal Analysis Mode,Warning,Maintenance inspection recommended soon.
ARE,784,1942,49800.0,12.42,1.19,29.82,Universal Analysis Mode,Healthy,Machine is safe. Continue regular monitoring.
ARE,784,1943,49800.0,11.81,1.2,29.57,Universal Analysis Mode,Healthy,Machine is safe. Continue regular monitoring.
ARE,784,1944,49800.0,11.71,1.21,29.53,Universal Analysis Mode,Healthy,Machine is safe. Continue regular monitoring.
ARE,784,1945,49800.0,9.93,1.05,29.19,Universal Analysis Mode,Healthy,Machine is safe. Continue regular monitoring.
ARE,784,1946,49800.0,9.77,1.12,29.08,Universal Analysis Mode,Healthy,Machine is safe. Continue regular monitoring.
ARE,784,1947,49800.0,14.48,1.9,30.03,Universal Analysis Mode,Warning,Maintenance inspection recommended soon.
ARE,784,1948,49800.0,14.07,1.99,30.05,Universal Analysis Mode,Warning,Maintenance inspection recommended soon.
ARE,784,1949,49800.0,12.71,1.78,29.61,Universal Analysis Mode,Healthy,Machine is safe. Continue regular monitoring.
ARE,784,1950,49800.0,12.08,1.71,28.28,Universal Analysis Mode,Healthy,Machine is safe. Continue regular monitoring.
ARE,784,1951,49800.0,11.2,1.71,28.08,Universal Analysis Mode,Healthy,Machine is safe. Continue regular monitoring.
ARE,784,1952,49800.0,10.96,1.71,28.06,Universal Analysis Mode,Healthy,Machine is safe. Continue regular monitoring.
ARE,784,1953,49800.0,12.27,1.93,28.56,Universal Analysis Mode,Healthy,Machine is safe. Continue regular monitoring.
ARE,784,1954,49800.0,12.21,1.93,28.46,Universal Analysis Mode,Healthy,Machine is safe. Continue regular monitoring.
ARE,784,1955,49800.0,12.27,1.93,28.11,Universal Analysis Mode,Healthy,Machine is safe. Continue regular monitoring.
ARE,784,1956,49800.0,12.07,1.93,28.09,Universal Analysis Mode,Healthy,Machine is safe. Continue regular monitoring.
ARE,784,1957,49800.0,11.48,1.9,27.82,Universal Analysis Mode,Healthy,Machine is safe. Continue regular monitoring.
ARE,784,1958,49800.0,12.25,2.08,28.26,Universal Analysis Mode,Healthy,Machine is safe. Continue regular monitoring.
ARE,784,1959,49800.0,12.14,2.08,28.28,Universal Analysis Mode,Healthy,Machine is safe. Continue regular monitoring.
ARE,784,1960,49800.0,10.91,1.9,28.21,Universal Analysis Mode,Healthy,Machine is safe. Continue regular monitoring.
ARE,784,1961,49800.0,10.24,1.8,28.15,Universal Analysis Mode,Healthy,Machine is safe. Continue regular monitoring.
ARE,784,1962,49800.0,10.12,1.8,29.01,Universal Analysis Mode,Healthy,Machine is safe. Continue regular monitoring.
ARE,784,1963,49800.0,9.99,1.8,28.84,Universal Analysis Mode,Healthy,Machine is safe. Continue regular monitoring.
ARE,784,1964,49800.0,9.86,1.8,27.92,Universal Analysis Mode,Healthy,Machine is safe. Continue regular monitoring.
ARE,784,1965,49800.0,9.71,1.8,28.53,Universal Analysis Mode,Healthy,Machine is safe. Continue regular monitoring.
ARE,784,1966,49800.0,9.41,1.8,27.88,Universal Analysis Mode,Healthy,Machine is safe. Continue regular monitoring.
ARE,784,1967,49800.0,9.16,1.8,27.76,Universal Analysis Mode,Healthy,Machine is safe. Continue regular monitoring.
ARE,784,1968,49800.0,8.8,1.8,37.48,Universal Analysis Mode,Warning,Maintenance inspection recommended soon.
ARE,784,1969,30400000.0,8.35,1.8,47.74,Universal Analysis Mode,Warning,Maintenance inspection recommended soon.
ARE,784,1970,37700000.0,7.88,1.8,48.23,Universal Analysis Mode,Warning,Maintenance inspection recommended soon.
ARE,784,1971,51200000.0,9.41,2.24,49.7,Universal Analysis Mode,Warning,Maintenance inspection recommended soon.
ARE,784,1972,58100000.0,10.09,2.48,49.84,Universal Analysis Mode,Warning,Maintenance inspection recommended soon.
ARE,784,1973,74200000.0,12.59,3.29,50.38,Universal Analysis Mode,Warning,Maintenance inspection recommended soon.
ARE,784,1974,81400000.0,39.93,11.58,52.7,Universal Analysis Mode,Warning,Maintenance inspection recommended soon.
ARE,784,1975,82100000.0,36.44,11.53,52.99,Universal Analysis Mode,Warning,Maintenance inspection recommended soon.
ARE,784,1976,95300000.0,38.23,12.8,54.77,Universal Analysis Mode,Warning,Maintenance inspection recommended soon.
ARE,784,1977,97600000.0,39.04,13.92,56.07,Universal Analysis Mode,Warning,Maintenance inspection recommended soon.
ARE,784,1978,89600000.0,36.54,14.02,55.72,Universal Analysis Mode,Warning,Maintenance inspection recommended soon.
ARE,784,1979,89800000.0,74.02,31.61,58.25,Universal Analysis Mode,Warning,Maintenance inspection recommended soon.
ARE,784,1980,82800000.0,75.97,36.83,59.57,Universal Analysis Mode,Warning,Maintenance inspection recommended soon.
ARE,784,1981,72900000.0,67.14,35.93,60.01,Universal Analysis Mode,Warning,Maintenance inspection recommended soon.
ARE,784,1982,61000000.0,58.02,32.97,60.0,Universal Analysis Mode,Warning,Maintenance inspection recommended soon.
ARE,784,1983,56100000.0,50.39,29.55,59.52,Universal Analysis Mode,Warning,Maintenance inspection recommended soon.
ARE,784,1984,55500000.0,45.82,28.78,59.13,Universal Analysis Mode,Warning,Maintenance inspection recommended soon.
ARE,784,1985,58200000.0,43.43,27.56,58.95,Universal Analysis Mode,Warning,Maintenance inspection recommended soon.
ARE,784,1986,65800000.0,22.22,14.43,60.22,Universal Analysis Mode,Warning,Maintenance inspection recommended soon.
ARE,784,1987,75400000.0,27.46,18.44,59.24,Universal Analysis Mode,Warning,Maintenance inspection recommended soon.
ARE,784,1988,76400000.0,21.42,14.92,57.56,Universal Analysis Mode,Warning,Maintenance inspection recommended soon.
ARE,784,1989,95800000.0,24.87,18.23,58.25,Universal Analysis Mode,Warning,Maintenance inspection recommended soon.
ARE,784,1990,108000000.0,30.88,23.73,64.95,Universal Analysis Mode,Warning,Maintenance inspection recommended soon.
ARE,784,1991,125000000.0,24.95,20.0,64.91,Universal Analysis Mode,Warning,Maintenance inspection recommended soon.
ARE,784,1992,119000000.0,23.39,19.32,63.26,Universal Analysis Mode,Warning,Maintenance inspection recommended soon.
ARE,784,1993,115000000.0,20.01,16.97,62.79,Universal Analysis Mode,Warning,Maintenance inspection recommended soon.
ARE,784,1994,117000000.0,18.26,15.82,62.21,Universal Analysis Mode,Warning,Maintenance inspection recommended soon.
ARE,784,1995,114000000.0,19.1,17.02,62.21,Universal Analysis Mode,Warning,Maintenance inspection recommended soon.
ARE,784,1996,118000000.0,22.48,20.67,63.09,Universal Analysis Mode,Warning,Maintenance inspection recommended soon.
ARE,784,1997,117000000.0,20.38,19.09,62.91,Universal Analysis Mode,Warning,Maintenance inspection recommended soon.
ARE,784,1998,120000000.0,13.62,12.72,61.72,Universal Analysis Mode,Warning,Maintenance inspection recommended soon.
ARE,784,1999,108000000.0,18.56,17.97,62.57,Universal Analysis Mode,Warning,Maintenance inspection recommended soon.
ARE,784,2000,117000000.0,28.5,28.5,66.07,Universal Analysis Mode,Warning,Maintenance inspection recommended soon.
ARE,784,2001,110000000.0,23.7,24.44,66.04,Universal Analysis Mode,Warning,Maintenance inspection recommended soon.
ARE,784,2002,104000000.0,23.72,25.02,65.61,Universal Analysis Mode,Warning,Maintenance inspection recommended soon.
ARE,784,2003,117000000.0,26.54,28.83,67.92,Universal Analysis Mode,Warning,Maintenance inspection recommended soon.
ARE,784,2004,123000000.0,34.3,38.26,68.55,Universal Analysis Mode,Warning,Maintenance inspection recommended soon.
ARE,784,2005,126000000.0,47.26,54.52,69.93,Universal Analysis Mode,Warning,Maintenance inspection recommended soon.
ARE,784,2006,131000000.0,55.37,65.14,69.37,Universal Analysis Mode,Warning,Maintenance inspection recommended soon.
ARE,784,2007,129608945.65,60.12,72.39,69.28,Universal Analysis Mode,Warning,Maintenance inspection recommended soon.
ARE,784,2008,133514952.87,77.79,97.26,63.84,Universal Analysis Mode,Warning,Maintenance inspection recommended soon.
ARE,784,2009,120145096.57,49.5,61.67,60.84,Universal Analysis Mode,Warning,Maintenance inspection recommended soon.
ARE,784,2010,120249858.84,62.78,79.5,61.94,Universal Analysis Mode,Warning,Maintenance inspection recommended soon.
ARE,784,2011,133423068.38,85.17,111.26,61.52,Universal Analysis Mode,Warning,Maintenance inspection recommended soon.
ARE,784,2012,139619606.69,83.75,111.67,60.45,Universal Analysis Mode,Warning,Maintenance inspection recommended soon.
ARE,784,2013,140436000.0,80.32,108.66,57.61,Universal Analysis Mode,Warning,Maintenance inspection recommended soon.
ARE,784,2014,140436000.0,71.97,98.95,59.4,Universal Analysis Mode,Warning,Maintenance inspection recommended soon.
GBR,826,1932,49800.0,10.86,0.87,34.3,Universal Analysis Mode,Warning,Maintenance inspection recommended soon.
GBR,826,1933,49800.0,8.82,0.67,34.29,Universal Analysis Mode,Warning,Maintenance inspection recommended soon.
GBR,826,1934,49800.0,12.72,1.0,34.77,Universal Analysis Mode,Warning,Maintenance inspection recommended soon.
GBR,826,1935,49800.0,12.04,0.97,34.42,Universal Analysis Mode,Warning,Maintenance inspection recommended soon.
GBR,826,1936,49800.0,13.38,1.09,34.72,Universal Analysis Mode,Warning,Maintenance inspection recommended soon.
GBR,826,1937,49800.0,13.98,1.18,34.49,Universal Analysis Mode,Warning,Maintenance inspection recommended soon.
GBR,826,1938,49800.0,13.66,1.13,34.52,Universal Analysis Mode,Warning,Maintenance inspection recommended soon.
GBR,826,1939,49800.0,12.5,1.02,34.45,Universal Analysis Mode,Warning,Maintenance inspection recommended soon.
GBR,826,1940,49800.0,12.38,1.02,34.38,Universal Analysis Mode,Warning,Maintenance inspection recommended soon.
GBR,826,1941,30464.0,13.18,1.14,32.32,Universal Analysis Mode,Warning,Maintenance inspection recommended soon.
GBR,826,1942,82650.0,12.42,1.19,33.76,Universal Analysis Mode,Warning,Maintenance inspection recommended soon.
GBR,826,1943,114617.0,11.81,1.2,33.69,Universal Analysis Mode,Warning,Maintenance inspection recommended soon.
GBR,826,1944,96038.0,11.71,1.21,33.54,Universal Analysis Mode,Warning,Maintenance inspection recommended soon.
GBR,826,1945,72678.0,9.93,1.05,32.02,Universal Analysis Mode,Warning,Maintenance inspection recommended soon.
GBR,826,1946,56284.0,9.77,1.12,31.9,Universal Analysis Mode,Warning,Maintenance inspection recommended soon.
GBR,826,1947,47951.0,14.48,1.9,32.22,Universal Analysis Mode,Warning,Maintenance inspection recommended soon.
GBR,826,1948,44126.0,14.07,1.99,32.28,Universal Analysis Mode,Warning,Maintenance inspection recommended soon.
GBR,826,1949,46175.0,12.71,1.78,31.84,Universal Analysis Mode,Warning,Maintenance inspection recommended soon.
GBR,826,1950,46448.0,12.08,1.71,31.67,Universal Analysis Mode,Warning,Maintenance inspection recommended soon.
GBR,826,1951,45765.0,11.2,1.71,31.49,Universal Analysis Mode,Warning,Maintenance inspection recommended soon.
GBR,826,1952,55601.0,10.96,1.71,32.02,Universal Analysis Mode,Warning,Maintenance inspection recommended soon.
GBR,826,1953,56011.0,12.27,1.93,32.5,Universal Analysis Mode,Warning,Maintenance inspection recommended soon.
GBR,826,1954,61475.0,12.21,1.93,32.4,Universal Analysis Mode,Warning,Maintenance inspection recommended soon.
GBR,826,1955,55738.0,12.27,1.93,32.05,Universal Analysis Mode,Warning,Maintenance inspection recommended soon.
GBR,826,1956,66803.0,12.07,1.93,32.02,Universal Analysis Mode,Warning,Maintenance inspection recommended soon.
GBR,826,1957,82787.0,11.48,1.9,31.75,Universal Analysis Mode,Warning,Maintenance inspection recommended soon.
GBR,826,1958,80738.0,12.25,2.08,33.32,Universal Analysis Mode,Warning,Maintenance inspection recommended soon.
GBR,826,1959,84836.0,12.14,2.08,33.36,Universal Analysis Mode,Warning,Maintenance inspection recommended soon.
GBR,826,1960,88661.0,10.91,1.9,32.72,Universal Analysis Mode,Warning,Maintenance inspection recommended soon.
GBR,826,1961,110656.0,10.24,1.8,35.71,Universal Analysis Mode,Warning,Maintenance inspection recommended soon.
GBR,826,1962,112022.0,10.12,1.8,36.58,Universal Analysis Mode,Warning,Maintenance inspection recommended soon.
GBR,826,1963,125000.0,9.99,1.8,36.47,Universal Analysis Mode,Warning,Maintenance inspection recommended soon.
GBR,826,1964,129000.0,9.86,1.8,35.57,Universal Analysis Mode,Warning,Maintenance inspection recommended soon.
GBR,826,1965,83000.0,9.71,1.8,34.93,Universal Analysis Mode,Warning,Maintenance inspection recommended soon.
GBR,826,1966,78000.0,9.41,1.8,34.24,Universal Analysis Mode,Warning,Maintenance inspection recommended soon.
GBR,826,1967,89000.0,9.16,1.8,36.87,Universal Analysis Mode,Warning,Maintenance inspection recommended soon.
GBR,826,1968,81000.0,8.8,1.8,41.97,Universal Analysis Mode,Warning,Maintenance inspection recommended soon.
GBR,826,1969,76776.0,8.35,1.8,44.66,Universal Analysis Mode,Warning,Maintenance inspection recommended soon.
GBR,826,1970,84000.0,7.88,1.8,45.45,Universal Analysis Mode,Warning,Maintenance inspection recommended soon.
GBR,826,1971,83000.0,9.41,2.24,46.07,Universal Analysis Mode,Warning,Maintenance inspection recommended soon.
GBR,826,1972,83000.0,10.09,2.48,46.28,Universal Analysis Mode,Warning,Maintenance inspection recommended soon.
GBR,826,1973,88000.0,12.59,3.29,48.3,Universal Analysis Mode,Warning,Maintenance inspection recommended soon.
GBR,826,1974,88000.0,39.93,11.58,51.53,Universal Analysis Mode,Warning,Maintenance inspection recommended soon.
GBR,826,1975,996000.0,36.44,11.53,55.51,Universal Analysis Mode,Warning,Maintenance inspection recommended soon.
GBR,826,1976,11400000.0,38.23,12.8,58.13,Universal Analysis Mode,Warning,Maintenance inspection recommended soon.
GBR,826,1977,37400000.0,39.04,13.92,59.94,Universal Analysis Mode,Warning,Maintenance inspection recommended soon.
GBR,826,1978,52900000.0,36.54,14.02,59.71,Universal Analysis Mode,Warning,Maintenance inspection recommended soon.
GBR,826,1979,76600000.0,74.02,31.61,62.6,Universal Analysis Mode,Warning,Maintenance inspection recommended soon.
GBR,826,1980,78900000.0,75.97,36.83,63.91,Universal Analysis Mode,Warning,Maintenance inspection recommended soon.
GBR,826,1981,87900000.0,67.14,35.93,64.42,Universal Analysis Mode,Warning,Maintenance inspection recommended soon.
GBR,826,1982,100000000.0,58.02,32.97,64.54,Universal Analysis Mode,Warning,Maintenance inspection recommended soon.
GBR,826,1983,111000000.0,50.39,29.55,64.13,Universal Analysis Mode,Warning,Maintenance inspection recommended soon.
GBR,826,1984,121000000.0,45.82,28.78,67.6,Universal Analysis Mode,Warning,Maintenance inspection recommended soon.
GBR,826,1985,122000000.0,43.43,27.56,67.32,Universal Analysis Mode,Warning,Maintenance inspection recommended soon.
GBR,826,1986,121000000.0,22.22,14.43,64.63,Universal Analysis Mode,Warning,Maintenance inspection recommended soon.
GBR,826,1987,123000000.0,27.46,18.44,63.63,Universal Analysis Mode,Warning,Maintenance inspection recommended soon.
GBR,826,1988,114000000.0,21.42,14.92,61.8,Universal Analysis Mode,Warning,Maintenance inspection recommended soon.
GBR,826,1989,91700000.0,24.87,18.23,62.02,Universal Analysis Mode,Warning,Maintenance inspection recommended soon.
GBR,826,1990,91600000.0,30.88,23.73,61.73,Universal Analysis Mode,Warning,Maintenance inspection recommended soon.
GBR,826,1991,91300000.0,24.95,20.0,54.81,Universal Analysis Mode,Warning,Maintenance inspection recommended soon.
GBR,826,1992,94300000.0,23.39,19.32,59.41,Universal Analysis Mode,Warning,Maintenance inspection recommended soon.
GBR,826,1993,100000000.0,20.01,16.97,60.44,Universal Analysis Mode,Warning,Maintenance inspection recommended soon.
GBR,826,1994,127000000.0,18.26,15.82,60.2,Universal Analysis Mode,Warning,Maintenance inspection recommended soon.
GBR,826,1995,130000000.0,19.1,17.02,60.32,Universal Analysis Mode,Warning,Maintenance inspection recommended soon.
GBR,826,1996,130000000.0,22.48,20.67,61.19,Universal Analysis Mode,Warning,Maintenance inspection recommended soon.
GBR,826,1997,128000000.0,20.38,19.09,66.8,Universal Analysis Mode,Warning,Maintenance inspection recommended soon.
GBR,826,1998,132000000.0,13.62,12.72,65.62,Universal Analysis Mode,Warning,Maintenance inspection recommended soon.
GBR,826,1999,137000000.0,18.56,17.97,66.63,Universal Analysis Mode,Warning,Maintenance inspection recommended soon.
GBR,826,2000,126000000.0,28.5,28.5,70.12,Universal Analysis Mode,Critical,Immediate maintenance required. High failure risk.
GBR,826,2001,3150000.0,23.7,24.44,68.77,Universal Analysis Mode,Warning,Maintenance inspection recommended soon.
GBR,826,2002,2750000.0,23.72,25.02,68.22,Universal Analysis Mode,Warning,Maintenance inspection recommended soon.
GBR,826,2003,2290000.0,26.54,28.83,70.49,Universal Analysis Mode,Critical,Immediate maintenance required. High failure risk.
GBR,826,2004,1990000.0,34.3,38.26,64.77,Universal Analysis Mode,Warning,Maintenance inspection recommended soon.
GBR,826,2005,1700000.0,47.26,54.52,59.13,Universal Analysis Mode,Warning,Maintenance inspection recommended soon.
GBR,826,2006,1510000.0,55.37,65.14,58.07,Universal Analysis Mode,Warning,Maintenance inspection recommended soon.
GBR,826,2007,1310769.37,60.12,72.39,57.95,Universal Analysis Mode,Warning,Maintenance inspection recommended soon.
GBR,826,2008,1287288.17,77.79,97.26,58.53,Universal Analysis Mode,Warning,Maintenance inspection recommended soon.
GBR,826,2009,1218273.83,49.5,61.67,54.96,Universal Analysis Mode,Warning,Maintenance inspection recommended soon.
GBR,826,2010,971413.24,62.78,79.5,53.83,Universal Analysis Mode,Warning,Maintenance inspection recommended soon.
GBR,826,2011,722850.49,85.17,111.26,52.93,Universal Analysis Mode,Warning,Maintenance inspection recommended soon.
GBR,826,2012,897938.32,83.75,111.67,51.6,Universal Analysis Mode,Warning,Maintenance inspection recommended soon.
GBR,826,2013,1038490.36,80.32,108.66,51.96,Universal Analysis Mode,Warning,Maintenance inspection recommended soon.
GBR,826,2014,1042162.61,71.97,98.95,58.69,Universal Analysis Mode,Warning,Maintenance inspection recommended soon.
USA,840,1932,107000000.0,10.86,0.87,51.53,Universal Analysis Mode,Warning,Maintenance inspection recommended soon.
USA,840,1933,124000000.0,8.82,0.67,51.48,Universal Analysis Mode,Warning,Maintenance inspection recommended soon.
USA,840,1934,124000000.0,12.72,1.0,52.17,Universal Analysis Mode,Warning,Maintenance inspection recommended soon.
USA,840,1935,136000000.0,12.04,0.97,51.85,Universal Analysis Mode,Warning,Maintenance inspection recommended soon.
USA,840,1936,150000000.0,13.38,1.09,52.27,Universal Analysis Mode,Warning,Maintenance inspection recommended soon.
USA,840,1937,175000000.0,13.98,1.18,52.16,Universal Analysis Mode,Warning,Maintenance inspection recommended soon.
USA,840,1938,166000000.0,13.66,1.13,52.14,Universal Analysis Mode,Warning,Maintenance inspection recommended soon.
USA,840,1939,173000000.0,12.5,1.02,52.04,Universal Analysis Mode,Warning,Maintenance inspection recommended soon.
USA,840,1940,185000000.0,12.38,1.02,52.0,Universal Analysis Mode,Warning,Maintenance inspection recommended soon.
USA,840,1941,192000000.0,13.18,1.14,52.09,Universal Analysis Mode,Warning,Maintenance inspection recommended soon.
USA,840,1942,189000000.0,12.42,1.19,51.88,Universal Analysis Mode,Warning,Maintenance inspection recommended soon.
USA,840,1943,206000000.0,11.81,1.2,51.65,Universal Analysis Mode,Warning,Maintenance inspection recommended soon.
USA,840,1944,229000000.0,11.71,1.21,51.67,Universal Analysis Mode,Warning,Maintenance inspection recommended soon.
USA,840,1945,234000000.0,9.93,1.05,51.25,Universal Analysis Mode,Warning,Maintenance inspection recommended soon.
USA,840,1946,237000000.0,9.77,1.12,51.16,Universal Analysis Mode,Warning,Maintenance inspection recommended soon.
USA,840,1947,254000000.0,14.48,1.9,52.36,Universal Analysis Mode,Warning,Maintenance inspection recommended soon.
USA,840,1948,276000000.0,14.07,1.99,52.44,Universal Analysis Mode,Warning,Maintenance inspection recommended soon.
USA,840,1949,252000000.0,12.71,1.78,51.88,Universal Analysis Mode,Warning,Maintenance inspection recommended soon.
USA,840,1950,270000000.0,12.08,1.71,51.71,Universal Analysis Mode,Warning,Maintenance inspection recommended soon.
USA,840,1951,307000000.0,11.2,1.71,51.56,Universal Analysis Mode,Warning,Maintenance inspection recommended soon.
USA,840,1952,313000000.0,10.96,1.71,51.54,Universal Analysis Mode,Warning,Maintenance inspection recommended soon.
USA,840,1953,322000000.0,12.27,1.93,52.12,Universal Analysis Mode,Warning,Maintenance inspection recommended soon.
USA,840,1954,316000000.0,12.21,1.93,52.0,Universal Analysis Mode,Warning,Maintenance inspection recommended soon.
USA,840,1955,339000000.0,12.27,1.93,55.88,Universal Analysis Mode,Warning,Maintenance inspection recommended soon.
USA,840,1956,358000000.0,12.07,1.93,55.91,Universal Analysis Mode,Warning,Maintenance inspection recommended soon.
USA,840,1957,358000000.0,11.48,1.9,55.62,Universal Analysis Mode,Warning,Maintenance inspection recommended soon.
USA,840,1958,335000000.0,12.25,2.08,56.09,Universal Analysis Mode,Warning,Maintenance inspection recommended soon.
USA,840,1959,352000000.0,12.14,2.08,56.16,Universal Analysis Mode,Warning,Maintenance inspection recommended soon.
USA,840,1960,352000000.0,10.91,1.9,56.09,Universal Analysis Mode,Warning,Maintenance inspection recommended soon.
USA,840,1961,358000000.0,10.24,1.8,56.03,Universal Analysis Mode,Warning,Maintenance inspection recommended soon.
USA,840,1962,366000000.0,10.12,1.8,56.92,Universal Analysis Mode,Warning,Maintenance inspection recommended soon.
USA,840,1963,376000000.0,9.99,1.8,56.76,Universal Analysis Mode,Warning,Maintenance inspection recommended soon.
USA,840,1964,381000000.0,9.86,1.8,55.83,Universal Analysis Mode,Warning,Maintenance inspection recommended soon.
USA,840,1965,389000000.0,9.71,1.8,56.46,Universal Analysis Mode,Warning,Maintenance inspection recommended soon.
USA,840,1966,414000000.0,9.41,1.8,55.84,Universal Analysis Mode,Warning,Maintenance inspection recommended soon.
USA,840,1967,439000000.0,9.16,1.8,55.74,Universal Analysis Mode,Warning,Maintenance inspection recommended soon.
USA,840,1968,455000000.0,8.8,1.8,55.5,Universal Analysis Mode,Warning,Maintenance inspection recommended soon.
USA,840,1969,461000000.0,8.35,1.8,55.64,Universal Analysis Mode,Warning,Maintenance inspection recommended soon.
USA,840,1970,475000000.0,7.88,1.8,55.42,Universal Analysis Mode,Warning,Maintenance inspection recommended soon.
USA,840,1971,467000000.0,9.41,2.24,55.79,Universal Analysis Mode,Warning,Maintenance inspection recommended soon.
USA,840,1972,467000000.0,10.09,2.48,55.81,Universal Analysis Mode,Warning,Maintenance inspection recommended soon.
USA,840,1973,454000000.0,12.59,3.29,56.08,Universal Analysis Mode,Warning,Maintenance inspection recommended soon.
USA,840,1974,433000000.0,39.93,11.58,58.17,Universal Analysis Mode,Warning,Maintenance inspection recommended soon.
USA,840,1975,413000000.0,36.44,11.53,58.41,Universal Analysis Mode,Warning,Maintenance inspection recommended soon.
USA,840,1976,401000000.0,38.23,12.8,60.03,Universal Analysis Mode,Warning,Maintenance inspection recommended soon.
USA,840,1977,406000000.0,39.04,13.92,61.25,Universal Analysis Mode,Warning,Maintenance inspection recommended soon.
USA,840,1978,428000000.0,36.54,14.02,60.91,Universal Analysis Mode,Warning,Maintenance inspection recommended soon.
USA,840,1979,421000000.0,74.02,31.61,63.41,Universal Analysis Mode,Warning,Maintenance inspection recommended soon.
USA,840,1980,424000000.0,75.97,36.83,64.68,Universal Analysis Mode,Warning,Maintenance inspection recommended soon.
USA,840,1981,422000000.0,67.14,35.93,65.15,Universal Analysis Mode,Warning,Maintenance inspection recommended soon.
USA,840,1982,426000000.0,58.02,32.97,65.22,Universal Analysis Mode,Warning,Maintenance inspection recommended soon.
USA,840,1983,428000000.0,50.39,29.55,64.79,Universal Analysis Mode,Warning,Maintenance inspection recommended soon.
USA,840,1984,438000000.0,45.82,28.78,61.91,Universal Analysis Mode,Warning,Maintenance inspection recommended soon.
USA,840,1985,441000000.0,43.43,27.56,61.63,Universal Analysis Mode,Warning,Maintenance inspection recommended soon.
USA,840,1986,428000000.0,22.22,14.43,59.12,Universal Analysis Mode,Warning,Maintenance inspection recommended soon.
USA,840,1987,467000000.0,27.46,18.44,58.18,Universal Analysis Mode,Warning,Maintenance inspection recommended soon.
USA,840,1988,459000000.0,21.42,14.92,56.55,Universal Analysis Mode,Warning,Maintenance inspection recommended soon.
USA,840,1989,429000000.0,24.87,18.23,57.0,Universal Analysis Mode,Warning,Maintenance inspection recommended soon.
USA,840,1990,417000000.0,30.88,23.73,55.72,Universal Analysis Mode,Warning,Maintenance inspection recommended soon.
USA,840,1991,423000000.0,24.95,20.0,55.6,Universal Analysis Mode,Warning,Maintenance inspection recommended soon.
USA,840,1992,413000000.0,23.39,19.32,54.01,Universal Analysis Mode,Warning,Maintenance inspection recommended soon.
USA,840,1993,397000000.0,20.01,16.97,53.55,Universal Analysis Mode,Warning,Maintenance inspection recommended soon.
USA,840,1994,388000000.0,18.26,15.82,52.96,Universal Analysis Mode,Warning,Maintenance inspection recommended soon.
USA,840,1995,384000000.0,19.1,17.02,52.86,Universal Analysis Mode,Warning,Maintenance inspection recommended soon.
USA,840,1996,382000000.0,22.48,20.67,53.64,Universal Analysis Mode,Warning,Maintenance inspection recommended soon.
USA,840,1997,380000000.0,20.38,19.09,53.44,Universal Analysis Mode,Warning,Maintenance inspection recommended soon.
USA,840,1998,368000000.0,13.62,12.72,52.31,Universal Analysis Mode,Warning,Maintenance inspection recommended soon.
USA,840,1999,353000000.0,18.56,17.97,53.07,Universal Analysis Mode,Warning,Maintenance inspection recommended soon.
USA,840,2000,353000000.0,28.5,28.5,56.35,Universal Analysis Mode,Warning,Maintenance inspection recommended soon.
USA,840,2001,289000000.0,23.7,24.44,56.26,Universal Analysis Mode,Warning,Maintenance inspection recommended soon.
USA,840,2002,286000000.0,23.72,25.02,55.85,Universal Analysis Mode,Warning,Maintenance inspection recommended soon.
USA,840,2003,283000000.0,26.54,28.83,58.02,Universal Analysis Mode,Warning,Maintenance inspection recommended soon.
USA,840,2004,270000000.0,34.3,38.26,58.52,Universal Analysis Mode,Warning,Maintenance inspection recommended soon.
USA,840,2005,258000000.0,47.26,54.52,59.8,Universal Analysis Mode,Warning,Maintenance inspection recommended soon.
USA,840,2006,254000000.0,55.37,65.14,59.19,Universal Analysis Mode,Warning,Maintenance inspection recommended soon.
USA,840,2007,252199479.68,60.12,72.39,59.15,Universal Analysis Mode,Warning,Maintenance inspection recommended soon.
USA,840,2008,246525783.61,77.79,97.26,59.86,Universal Analysis Mode,Warning,Maintenance inspection recommended soon.
USA,840,2009,266954742.1,49.5,61.67,56.7,Universal Analysis Mode,Warning,Maintenance inspection recommended soon.
USA,840,2010,272840010.49,62.78,79.5,55.63,Universal Analysis Mode,Warning,Maintenance inspection recommended soon.
USA,840,2011,281238473.22,85.17,111.26,55.15,Universal Analysis Mode,Warning,Maintenance inspection recommended soon.
USA,840,2012,323535496.66,83.75,111.67,54.05,Universal Analysis Mode,Warning,Maintenance inspection recommended soon.
USA,840,2013,370586222.42,80.32,108.66,54.33,Universal Analysis Mode,Warning,Maintenance inspection recommended soon.
USA,840,2014,430910122.26,71.97,98.95,61.12,Universal Analysis Mode,Warning,Maintenance inspection recommended soon.
URY,858,1932,49800.0,10.86,0.87,30.17,Universal Analysis Mode,Warning,Maintenance inspection recommended soon.
URY,858,1933,49800.0,8.82,0.67,30.16,Universal Analysis Mode,Warning,Maintenance inspection recommended soon.
URY,858,1934,49800.0,12.72,1.0,30.64,Universal Analysis Mode,Warning,Maintenance inspection recommended soon.
URY,858,1935,49800.0,12.04,0.97,30.29,Universal Analysis Mode,Warning,Maintenance inspection recommended soon.
URY,858,1936,49800.0,13.38,1.09,30.6,Universal Analysis Mode,Warning,Maintenance inspection recommended soon.
URY,858,1937,49800.0,13.98,1.18,30.37,Universal Analysis Mode,Warning,Maintenance inspection recommended soon.
URY,858,1938,49800.0,13.66,1.13,30.41,Universal Analysis Mode,Warning,Maintenance inspection recommended soon.
URY,858,1939,49800.0,12.5,1.02,30.33,Universal Analysis Mode,Warning,Maintenance inspection recommended soon.
URY,858,1940,49800.0,12.38,1.02,30.26,Universal Analysis Mode,Warning,Maintenance inspection recommended soon.
URY,858,1941,49800.0,13.18,1.14,30.29,Universal Analysis Mode,Warning,Maintenance inspection recommended soon.
URY,858,1942,49800.0,12.42,1.19,30.11,Universal Analysis Mode,Warning,Maintenance inspection recommended soon.
URY,858,1943,49800.0,11.81,1.2,29.86,Universal Analysis Mode,Healthy,Machine is safe. Continue regular monitoring.
URY,858,1944,49800.0,11.71,1.21,29.82,Universal Analysis Mode,Healthy,Machine is safe. Continue regular monitoring.
URY,858,1945,49800.0,9.93,1.05,29.48,Universal Analysis Mode,Healthy,Machine is safe. Continue regular monitoring.
URY,858,1946,49800.0,9.77,1.12,29.38,Universal Analysis Mode,Healthy,Machine is safe. Continue regular monitoring.
URY,858,1947,49800.0,14.48,1.9,30.33,Universal Analysis Mode,Warning,Maintenance inspection recommended soon.
URY,858,1948,49800.0,14.07,1.99,30.36,Universal Analysis Mode,Warning,Maintenance inspection recommended soon.
URY,858,1949,49800.0,12.71,1.78,29.91,Universal Analysis Mode,Healthy,Machine is safe. Continue regular monitoring.
URY,858,1950,49800.0,12.08,1.71,29.73,Universal Analysis Mode,Healthy,Machine is safe. Continue regular monitoring.
URY,858,1951,49800.0,11.2,1.71,29.54,Universal Analysis Mode,Healthy,Machine is safe. Continue regular monitoring.
URY,858,1952,49800.0,10.96,1.71,29.52,Universal Analysis Mode,Healthy,Machine is safe. Continue regular monitoring.
URY,858,1953,49800.0,12.27,1.93,30.03,Universal Analysis Mode,Warning,Maintenance inspection recommended soon.
URY,858,1954,49800.0,12.21,1.93,29.93,Universal Analysis Mode,Healthy,Machine is safe. Continue regular monitoring.
URY,858,1955,49800.0,12.27,1.93,29.58,Universal Analysis Mode,Healthy,Machine is safe. Continue regular monitoring.
URY,858,1956,49800.0,12.07,1.93,29.56,Universal Analysis Mode,Healthy,Machine is safe. Continue regular monitoring.
URY,858,1957,49800.0,11.48,1.9,29.29,Universal Analysis Mode,Healthy,Machine is safe. Continue regular monitoring.
URY,858,1958,49800.0,12.25,2.08,29.73,Universal Analysis Mode,Healthy,Machine is safe. Continue regular monitoring.
URY,858,1959,49800.0,12.14,2.08,29.76,Universal Analysis Mode,Healthy,Machine is safe. Continue regular monitoring.
URY,858,1960,0.0,10.91,1.9,25.34,Universal Analysis Mode,Healthy,Machine is safe. Continue regular monitoring.
URY,858,1961,0.0,10.24,1.8,25.28,Universal Analysis Mode,Healthy,Machine is safe. Continue regular monitoring.
URY,858,1962,0.0,10.12,1.8,26.15,Universal Analysis Mode,Healthy,Machine is safe. Continue regular monitoring.
URY,858,1963,0.0,9.99,1.8,25.97,Universal Analysis Mode,Healthy,Machine is safe. Continue regular monitoring.
URY,858,1964,0.0,9.86,1.8,25.06,Universal Analysis Mode,Healthy,Machine is safe. Continue regular monitoring.
URY,858,1965,0.0,9.71,1.8,25.66,Universal Analysis Mode,Healthy,Machine is safe. Continue regular monitoring.
URY,858,1966,0.0,9.41,1.8,25.01,Universal Analysis Mode,Healthy,Machine is safe. Continue regular monitoring.
URY,858,1967,0.0,9.16,1.8,24.89,Universal Analysis Mode,Healthy,Machine is safe. Continue regular monitoring.
URY,858,1968,0.0,8.8,1.8,24.65,Universal Analysis Mode,Healthy,Machine is safe. Continue regular monitoring.
URY,858,1969,0.0,8.35,1.8,24.76,Universal Analysis Mode,Healthy,Machine is safe. Continue regular monitoring.
URY,858,1970,0.0,7.88,1.8,24.51,Universal Analysis Mode,Healthy,Machine is safe. Continue regular monitoring.
URY,858,1971,0.0,9.41,2.24,24.84,Universal Analysis Mode,Healthy,Machine is safe. Continue regular monitoring.
URY,858,1972,0.0,10.09,2.48,24.85,Universal Analysis Mode,Healthy,Machine is safe. Continue regular monitoring.
URY,858,1973,0.0,12.59,3.29,25.08,Universal Analysis Mode,Healthy,Machine is safe. Continue regular monitoring.
URY,858,1974,0.0,39.93,11.58,26.95,Universal Analysis Mode,Healthy,Machine is safe. Continue regular monitoring.
URY,858,1975,0.0,36.44,11.53,27.2,Universal Analysis Mode,Healthy,Machine is safe. Continue regular monitoring.
URY,858,1976,0.0,38.23,12.8,28.79,Universal Analysis Mode,Healthy,Machine is safe. Continue regular monitoring.
URY,858,1977,0.0,39.04,13.92,29.99,Universal Analysis Mode,Healthy,Machine is safe. Continue regular monitoring.
URY,858,1978,0.0,36.54,14.02,29.65,Universal Analysis Mode,Healthy,Machine is safe. Continue regular monitoring.
URY,858,1979,0.0,74.02,31.61,32.02,Universal Analysis Mode,Warning,Maintenance inspection recommended soon.
URY,858,1980,0.0,75.97,36.83,33.25,Universal Analysis Mode,Warning,Maintenance inspection recommended soon.
URY,858,1981,0.0,67.14,35.93,33.72,Universal Analysis Mode,Warning,Maintenance inspection recommended soon.
URY,858,1982,0.0,58.02,32.97,33.83,Universal Analysis Mode,Warning,Maintenance inspection recommended soon.
URY,858,1983,0.0,50.39,29.55,33.43,Universal Analysis Mode,Warning,Maintenance inspection recommended soon.
URY,858,1984,0.0,45.82,28.78,33.05,Universal Analysis Mode,Warning,Maintenance inspection recommended soon.
URY,858,1985,0.0,43.43,27.56,32.78,Universal Analysis Mode,Warning,Maintenance inspection recommended soon.
URY,858,1986,0.0,22.22,14.43,27.53,Universal Analysis Mode,Healthy,Machine is safe. Continue regular monitoring.
URY,858,1987,0.0,27.46,18.44,26.6,Universal Analysis Mode,Healthy,Machine is safe. Continue regular monitoring.
URY,858,1988,0.0,21.42,14.92,25.04,Universal Analysis Mode,Healthy,Machine is safe. Continue regular monitoring.
URY,858,1989,0.0,24.87,18.23,25.49,Universal Analysis Mode,Healthy,Machine is safe. Continue regular monitoring.
URY,858,1990,0.0,30.88,23.73,26.67,Universal Analysis Mode,Healthy,Machine is safe. Continue regular monitoring.
URY,858,1991,0.0,24.95,20.0,26.56,Universal Analysis Mode,Healthy,Machine is safe. Continue regular monitoring.
URY,858,1992,0.0,23.39,19.32,25.04,Universal Analysis Mode,Healthy,Machine is safe. Continue regular monitoring.
URY,858,1993,0.0,20.01,16.97,24.84,Universal Analysis Mode,Healthy,Machine is safe. Continue regular monitoring.
URY,858,1994,0.0,18.26,15.82,24.34,Universal Analysis Mode,Healthy,Machine is safe. Continue regular monitoring.
URY,858,1995,0.0,19.1,17.02,24.0,Universal Analysis Mode,Healthy,Machine is safe. Continue regular monitoring.
URY,858,1996,0.0,22.48,20.67,24.73,Universal Analysis Mode,Healthy,Machine is safe. Continue regular monitoring.
URY,858,1997,0.0,20.38,19.09,24.57,Universal Analysis Mode,Healthy,Machine is safe. Continue regular monitoring.
URY,858,1998,0.0,13.62,12.72,23.56,Universal Analysis Mode,Healthy,Machine is safe. Continue regular monitoring.
URY,858,1999,0.0,18.56,17.97,21.37,Universal Analysis Mode,Healthy,Machine is safe. Continue regular monitoring.
URY,858,2000,0.0,28.5,28.5,24.46,Universal Analysis Mode,Healthy,Machine is safe. Continue regular monitoring.
URY,858,2001,0.0,23.7,24.44,24.43,Universal Analysis Mode,Healthy,Machine is safe. Continue regular monitoring.
URY,858,2002,0.0,23.72,25.02,24.05,Universal Analysis Mode,Healthy,Machine is safe. Continue regular monitoring.
URY,858,2003,0.0,26.54,28.83,26.11,Universal Analysis Mode,Healthy,Machine is safe. Continue regular monitoring.
URY,858,2004,0.0,34.3,38.26,26.51,Universal Analysis Mode,Healthy,Machine is safe. Continue regular monitoring.
URY,858,2005,0.0,47.26,54.52,27.73,Universal Analysis Mode,Healthy,Machine is safe. Continue regular monitoring.
URY,858,2006,0.0,55.37,65.14,27.15,Universal Analysis Mode,Healthy,Machine is safe. Continue regular monitoring.
URY,858,2007,0.0,60.12,72.39,27.15,Universal Analysis Mode,Healthy,Machine is safe. Continue regular monitoring.
URY,858,2008,0.0,77.79,97.26,27.7,Universal Analysis Mode,Healthy,Machine is safe. Continue regular monitoring.
URY,858,2009,0.0,49.5,61.67,24.67,Universal Analysis Mode,Healthy,Machine is safe. Continue regular monitoring.
URY,858,2010,0.0,62.78,79.5,25.65,Universal Analysis Mode,Healthy,Machine is safe. Continue regular monitoring.
URY,858,2011,0.0,85.17,111.26,25.17,Universal Analysis Mode,Healthy,Machine is safe. Continue regular monitoring.
URY,858,2012,0.0,83.75,111.67,23.95,Universal Analysis Mode,Healthy,Machine is safe. Continue regular monitoring.
URY,858,2013,0.0,80.32,108.66,29.43,Universal Analysis Mode,Healthy,Machine is safe. Continue regular monitoring.
URY,858,2014,0.0,71.97,98.95,31.92,Universal Analysis Mode,Warning,Maintenance inspection recommended soon.
UZB,860,1932,49800.0,10.86,0.87,30.09,Universal Analysis Mode,Warning,Maintenance inspection recommended soon.
UZB,860,1933,49800.0,8.82,0.67,30.08,Universal Analysis Mode,Warning,Maintenance inspection recommended soon.
UZB,860,1934,49800.0,12.72,1.0,30.55,Universal Analysis Mode,Warning,Maintenance inspection recommended soon.
UZB,860,1935,49800.0,12.04,0.97,30.2,Universal Analysis Mode,Warning,Maintenance inspection recommended soon.
UZB,860,1936,49800.0,13.38,1.09,30.51,Universal Analysis Mode,Warning,Maintenance inspection recommended soon.
UZB,860,1937,49800.0,13.98,1.18,30.27,Universal Analysis Mode,Warning,Maintenance inspection recommended soon.
UZB,860,1938,49800.0,13.66,1.13,30.3,Universal Analysis Mode,Warning,Maintenance inspection recommended soon.
UZB,860,1939,49800.0,12.5,1.02,30.23,Universal Analysis Mode,Warning,Maintenance inspection recommended soon.
UZB,860,1940,49800.0,12.38,1.02,30.15,Universal Analysis Mode,Warning,Maintenance inspection recommended soon.
UZB,860,1941,49800.0,13.18,1.14,30.18,Universal Analysis Mode,Warning,Maintenance inspection recommended soon.
UZB,860,1942,49800.0,12.42,1.19,29.99,Universal Analysis Mode,Healthy,Machine is safe. Continue regular monitoring.
UZB,860,1943,49800.0,11.81,1.2,29.74,Universal Analysis Mode,Healthy,Machine is safe. Continue regular monitoring.
UZB,860,1944,49800.0,11.71,1.21,29.7,Universal Analysis Mode,Healthy,Machine is safe. Continue regular monitoring.
UZB,860,1945,49800.0,9.93,1.05,29.36,Universal Analysis Mode,Healthy,Machine is safe. Continue regular monitoring.
UZB,860,1946,49800.0,9.77,1.12,29.25,Universal Analysis Mode,Healthy,Machine is safe. Continue regular monitoring.
UZB,860,1947,49800.0,14.48,1.9,30.2,Universal Analysis Mode,Warning,Maintenance inspection recommended soon.
UZB,860,1948,49800.0,14.07,1.99,30.22,Universal Analysis Mode,Warning,Maintenance inspection recommended soon.
UZB,860,1949,49800.0,12.71,1.78,29.78,Universal Analysis Mode,Healthy,Machine is safe. Continue regular monitoring.
UZB,860,1950,49800.0,12.08,1.71,29.66,Universal Analysis Mode,Healthy,Machine is safe. Continue regular monitoring.
UZB,860,1951,49800.0,11.2,1.71,29.76,Universal Analysis Mode,Healthy,Machine is safe. Continue regular monitoring.
UZB,860,1952,49800.0,10.96,1.71,29.77,Universal Analysis Mode,Healthy,Machine is safe. Continue regular monitoring.
UZB,860,1953,49800.0,12.27,1.93,30.31,Universal Analysis Mode,Warning,Maintenance inspection recommended soon.
UZB,860,1954,49800.0,12.21,1.93,30.24,Universal Analysis Mode,Warning,Maintenance inspection recommended soon.
UZB,860,1955,49800.0,12.27,1.93,29.91,Universal Analysis Mode,Healthy,Machine is safe. Continue regular monitoring.
UZB,860,1956,49800.0,12.07,1.93,29.92,Universal Analysis Mode,Healthy,Machine is safe. Continue regular monitoring.
UZB,860,1957,49800.0,11.48,1.9,29.69,Universal Analysis Mode,Healthy,Machine is safe. Continue regular monitoring.
UZB,860,1958,49800.0,12.25,2.08,30.17,Universal Analysis Mode,Warning,Maintenance inspection recommended soon.
UZB,860,1959,49800.0,12.14,2.08,30.23,Universal Analysis Mode,Warning,Maintenance inspection recommended soon.
UZB,860,1960,49800.0,10.91,1.9,30.21,Universal Analysis Mode,Warning,Maintenance inspection recommended soon.
UZB,860,1961,49800.0,10.24,1.8,30.2,Universal Analysis Mode,Warning,Maintenance inspection recommended soon.
UZB,860,1962,49800.0,10.12,1.8,31.12,Universal Analysis Mode,Warning,Maintenance inspection recommended soon.
UZB,860,1963,49800.0,9.99,1.8,30.99,Universal Analysis Mode,Warning,Maintenance inspection recommended soon.
UZB,860,1964,49800.0,9.86,1.8,30.12,Universal Analysis Mode,Warning,Maintenance inspection recommended soon.
UZB,860,1965,49800.0,9.71,1.8,30.78,Universal Analysis Mode,Warning,Maintenance inspection recommended soon.
UZB,860,1966,49800.0,9.41,1.8,30.18,Universal Analysis Mode,Warning,Maintenance inspection recommended soon.
UZB,860,1967,49800.0,9.16,1.8,30.11,Universal Analysis Mode,Warning,Maintenance inspection recommended soon.
UZB,860,1968,49800.0,8.8,1.8,29.91,Universal Analysis Mode,Healthy,Machine is safe. Continue regular monitoring.
UZB,860,1969,49800.0,8.35,1.8,30.06,Universal Analysis Mode,Warning,Maintenance inspection recommended soon.
UZB,860,1970,49800.0,7.88,1.8,29.84,Universal Analysis Mode,Healthy,Machine is safe. Continue regular monitoring.
UZB,860,1971,49800.0,9.41,2.24,30.21,Universal Analysis Mode,Warning,Maintenance inspection recommended soon.
UZB,860,1972,49800.0,10.09,2.48,30.26,Universal Analysis Mode,Warning,Maintenance inspection recommended soon.
UZB,860,1973,49800.0,12.59,3.29,30.53,Universal Analysis Mode,Warning,Maintenance inspection recommended soon.
UZB,860,1974,49800.0,39.93,11.58,32.45,Universal Analysis Mode,Warning,Maintenance inspection recommended soon.
UZB,860,1975,49800.0,36.44,11.53,32.74,Universal Analysis Mode,Warning,Maintenance inspection recommended soon.
UZB,860,1976,49800.0,38.23,12.8,34.37,Universal Analysis Mode,Warning,Maintenance inspection recommended soon.
UZB,860,1977,49800.0,39.04,13.92,35.61,Universal Analysis Mode,Warning,Maintenance inspection recommended soon.
UZB,860,1978,49800.0,36.54,14.02,35.32,Universal Analysis Mode,Warning,Maintenance inspection recommended soon.
UZB,860,1979,49800.0,74.02,31.61,37.73,Universal Analysis Mode,Warning,Maintenance inspection recommended soon.
UZB,860,1980,49800.0,75.97,36.83,39.0,Universal Analysis Mode,Warning,Maintenance inspection recommended soon.
UZB,860,1981,49800.0,67.14,35.93,39.52,Universal Analysis Mode,Warning,Maintenance inspection recommended soon.
UZB,860,1982,49800.0,58.02,32.97,39.65,Universal Analysis Mode,Warning,Maintenance inspection recommended soon.
UZB,860,1983,49800.0,50.39,29.55,39.29,Universal Analysis Mode,Warning,Maintenance inspection recommended soon.
UZB,860,1984,49800.0,45.82,28.78,38.96,Universal Analysis Mode,Warning,Maintenance inspection recommended soon.
UZB,860,1985,2310000.0,43.43,27.56,54.73,Universal Analysis Mode,Warning,Maintenance inspection recommended soon.
UZB,860,1986,2530000.0,22.22,14.43,51.99,Universal Analysis Mode,Warning,Maintenance inspection recommended soon.
UZB,860,1987,2670000.0,27.46,18.44,55.97,Universal Analysis Mode,Warning,Maintenance inspection recommended soon.
UZB,860,1988,2440000.0,21.42,14.92,54.26,Universal Analysis Mode,Warning,Maintenance inspection recommended soon.
UZB,860,1989,2700000.0,24.87,18.23,54.84,Universal Analysis Mode,Warning,Maintenance inspection recommended soon.
UZB,860,1990,2800000.0,30.88,23.73,57.06,Universal Analysis Mode,Warning,Maintenance inspection recommended soon.
UZB,860,1991,2800000.0,24.95,20.0,57.79,Universal Analysis Mode,Warning,Maintenance inspection recommended soon.
UZB,860,1992,3300000.0,23.39,19.32,58.57,Universal Analysis Mode,Warning,Maintenance inspection recommended soon.
UZB,860,1993,4000000.0,20.01,16.97,58.34,Universal Analysis Mode,Warning,Maintenance inspection recommended soon.
UZB,860,1994,5515000.0,18.26,15.82,57.97,Universal Analysis Mode,Warning,Maintenance inspection recommended soon.
UZB,860,1995,7585000.0,19.1,17.02,63.44,Universal Analysis Mode,Warning,Maintenance inspection recommended soon.
UZB,860,1996,7625000.0,22.48,20.67,64.3,Universal Analysis Mode,Warning,Maintenance inspection recommended soon.
UZB,860,1997,7890000.0,20.38,19.09,64.25,Universal Analysis Mode,Warning,Maintenance inspection recommended soon.
UZB,860,1998,8175000.0,13.62,12.72,63.04,Universal Analysis Mode,Warning,Maintenance inspection recommended soon.
UZB,860,1999,8100000.0,18.56,17.97,63.95,Universal Analysis Mode,Warning,Maintenance inspection recommended soon.
UZB,860,2000,7500000.0,28.5,28.5,61.53,Universal Analysis Mode,Warning,Maintenance inspection recommended soon.
UZB,860,2001,4233000.0,23.7,24.44,61.43,Universal Analysis Mode,Warning,Maintenance inspection recommended soon.
UZB,860,2002,3955757.42,23.72,25.02,60.88,Universal Analysis Mode,Warning,Maintenance inspection recommended soon.
UZB,860,2003,4484046.78,26.54,28.83,63.33,Universal Analysis Mode,Warning,Maintenance inspection recommended soon.
UZB,860,2004,4033800.0,34.3,38.26,63.91,Universal Analysis Mode,Warning,Maintenance inspection recommended soon.
UZB,860,2005,3362932.75,47.26,54.52,65.19,Universal Analysis Mode,Warning,Maintenance inspection recommended soon.
UZB,860,2006,2930129.91,55.37,65.14,64.37,Universal Analysis Mode,Warning,Maintenance inspection recommended soon.
UZB,860,2007,2940412.12,60.12,72.39,67.27,Universal Analysis Mode,Warning,Maintenance inspection recommended soon.
UZB,860,2008,2468832.51,77.79,97.26,68.06,Universal Analysis Mode,Warning,Maintenance inspection recommended soon.
UZB,860,2009,2163976.33,49.5,61.67,61.81,Universal Analysis Mode,Warning,Maintenance inspection recommended soon.
UZB,860,2010,2988000.0,62.78,79.5,67.41,Universal Analysis Mode,Warning,Maintenance inspection recommended soon.
UZB,860,2011,2988000.0,85.17,111.26,66.94,Universal Analysis Mode,Warning,Maintenance inspection recommended soon.
UZB,860,2012,3299862.54,83.75,111.67,59.58,Universal Analysis Mode,Warning,Maintenance inspection recommended soon.
UZB,860,2013,3486000.0,80.32,108.66,60.39,Universal Analysis Mode,Warning,Maintenance inspection recommended soon.
UZB,860,2014,3227312.9,71.97,98.95,59.14,Universal Analysis Mode,Warning,Maintenance inspection recommended soon.
VEN,862,1932,15900000.0,10.86,0.87,46.83,Universal Analysis Mode,Warning,Maintenance inspection recommended soon.
VEN,862,1933,16100000.0,8.82,0.67,46.68,Universal Analysis Mode,Warning,Maintenance inspection recommended soon.
VEN,862,1934,18600000.0,12.72,1.0,47.49,Universal Analysis Mode,Warning,Maintenance inspection recommended soon.
VEN,862,1935,20300000.0,12.04,0.97,47.17,Universal Analysis Mode,Warning,Maintenance inspection recommended soon.
VEN,862,1936,21100000.0,13.38,1.09,47.56,Universal Analysis Mode,Warning,Maintenance inspection recommended soon.
VEN,862,1937,25400000.0,13.98,1.18,47.48,Universal Analysis Mode,Warning,Maintenance inspection recommended soon.
VEN,862,1938,25700000.0,13.66,1.13,47.51,Universal Analysis Mode,Warning,Maintenance inspection recommended soon.
VEN,862,1939,28200000.0,12.5,1.02,47.44,Universal Analysis Mode,Warning,Maintenance inspection recommended soon.
VEN,862,1940,25400000.0,12.38,1.02,47.31,Universal Analysis Mode,Warning,Maintenance inspection recommended soon.
VEN,862,1941,31200000.0,13.18,1.14,47.52,Universal Analysis Mode,Warning,Maintenance inspection recommended soon.
VEN,862,1942,20200000.0,12.42,1.19,47.03,Universal Analysis Mode,Warning,Maintenance inspection recommended soon.
VEN,862,1943,24300000.0,11.81,1.2,46.88,Universal Analysis Mode,Warning,Maintenance inspection recommended soon.
VEN,862,1944,35100000.0,11.71,1.21,47.09,Universal Analysis Mode,Warning,Maintenance inspection recommended soon.
VEN,862,1945,44100000.0,9.93,1.05,46.81,Universal Analysis Mode,Warning,Maintenance inspection recommended soon.
VEN,862,1946,53100000.0,9.77,1.12,46.82,Universal Analysis Mode,Warning,Maintenance inspection recommended soon.
VEN,862,1947,59400000.0,14.48,1.9,48.1,Universal Analysis Mode,Warning,Maintenance inspection recommended soon.
VEN,862,1948,66900000.0,14.07,1.99,48.21,Universal Analysis Mode,Warning,Maintenance inspection recommended soon.
VEN,862,1949,65900000.0,12.71,1.78,47.7,Universal Analysis Mode,Warning,Maintenance inspection recommended soon.
VEN,862,1950,74700000.0,12.08,1.71,47.58,Universal Analysis Mode,Warning,Maintenance inspection recommended soon.
VEN,862,1951,85000000.0,11.2,1.71,47.45,Universal Analysis Mode,Warning,Maintenance inspection recommended soon.
VEN,862,1952,90200000.0,10.96,1.71,47.46,Universal Analysis Mode,Warning,Maintenance inspection recommended soon.
VEN,862,1953,88000000.0,12.27,1.93,48.01,Universal Analysis Mode,Warning,Maintenance inspection recommended soon.
VEN,862,1954,94500000.0,12.21,1.93,47.94,Universal Analysis Mode,Warning,Maintenance inspection recommended soon.
VEN,862,1955,108000000.0,12.27,1.93,50.72,Universal Analysis Mode,Warning,Maintenance inspection recommended soon.
VEN,862,1956,123000000.0,12.07,1.93,51.49,Universal Analysis Mode,Warning,Maintenance inspection recommended soon.
VEN,862,1957,139000000.0,11.48,1.9,51.34,Universal Analysis Mode,Warning,Maintenance inspection recommended soon.
VEN,862,1958,130000000.0,12.25,2.08,51.89,Universal Analysis Mode,Warning,Maintenance inspection recommended soon.
VEN,862,1959,138000000.0,12.14,2.08,52.01,Universal Analysis Mode,Warning,Maintenance inspection recommended soon.
VEN,862,1960,142000000.0,10.91,1.9,51.98,Universal Analysis Mode,Warning,Maintenance inspection recommended soon.
VEN,862,1961,146000000.0,10.24,1.8,51.98,Universal Analysis Mode,Warning,Maintenance inspection recommended soon.
VEN,862,1962,160000000.0,10.12,1.8,52.95,Universal Analysis Mode,Warning,Maintenance inspection recommended soon.
VEN,862,1963,162000000.0,9.99,1.8,52.82,Universal Analysis Mode,Warning,Maintenance inspection recommended soon.
VEN,862,1964,170000000.0,9.86,1.8,51.97,Universal Analysis Mode,Warning,Maintenance inspection recommended soon.
VEN,862,1965,173000000.0,9.71,1.8,52.65,Universal Analysis Mode,Warning,Maintenance inspection recommended soon.
VEN,862,1966,168000000.0,9.41,1.8,52.02,Universal Analysis Mode,Warning,Maintenance inspection recommended soon.
VEN,862,1967,177000000.0,9.16,1.8,51.98,Universal Analysis Mode,Warning,Maintenance inspection recommended soon.
VEN,862,1968,180000000.0,8.8,1.8,51.78,Universal Analysis Mode,Warning,Maintenance inspection recommended soon.
VEN,862,1969,179000000.0,8.35,1.8,51.96,Universal Analysis Mode,Warning,Maintenance inspection recommended soon.
VEN,862,1970,194000000.0,7.88,1.8,52.3,Universal Analysis Mode,Warning,Maintenance inspection recommended soon.
VEN,862,1971,185000000.0,9.41,2.24,52.72,Universal Analysis Mode,Warning,Maintenance inspection recommended soon.
VEN,862,1972,168000000.0,10.09,2.48,52.74,Universal Analysis Mode,Warning,Maintenance inspection recommended soon.
VEN,862,1973,176000000.0,12.59,3.29,53.14,Universal Analysis Mode,Warning,Maintenance inspection recommended soon.
VEN,862,1974,156000000.0,39.93,11.58,55.41,Universal Analysis Mode,Warning,Maintenance inspection recommended soon.
VEN,862,1975,122000000.0,36.44,11.53,55.58,Universal Analysis Mode,Warning,Maintenance inspection recommended soon.
VEN,862,1976,120000000.0,38.23,12.8,57.25,Universal Analysis Mode,Warning,Maintenance inspection recommended soon.
VEN,862,1977,117000000.0,39.04,13.92,58.54,Universal Analysis Mode,Warning,Maintenance inspection recommended soon.
VEN,862,1978,114000000.0,36.54,14.02,58.19,Universal Analysis Mode,Warning,Maintenance inspection recommended soon.
VEN,862,1979,124000000.0,74.02,31.61,60.9,Universal Analysis Mode,Warning,Maintenance inspection recommended soon.
VEN,862,1980,115000000.0,75.97,36.83,62.21,Universal Analysis Mode,Warning,Maintenance inspection recommended soon.
VEN,862,1981,112000000.0,67.14,35.93,62.73,Universal Analysis Mode,Warning,Maintenance inspection recommended soon.
VEN,862,1982,100000000.0,58.02,32.97,62.79,Universal Analysis Mode,Warning,Maintenance inspection recommended soon.
VEN,862,1983,94500000.0,50.39,29.55,62.35,Universal Analysis Mode,Warning,Maintenance inspection recommended soon.
VEN,862,1984,94900000.0,45.82,28.78,62.0,Universal Analysis Mode,Warning,Maintenance inspection recommended soon.
VEN,862,1985,88200000.0,43.43,27.56,61.72,Universal Analysis Mode,Warning,Maintenance inspection recommended soon.
VEN,862,1986,93900000.0,22.22,14.43,62.95,Universal Analysis Mode,Warning,Maintenance inspection recommended soon.
VEN,862,1987,98600000.0,27.46,18.44,61.85,Universal Analysis Mode,Warning,Maintenance inspection recommended soon.
VEN,862,1988,103000000.0,21.42,14.92,60.19,Universal Analysis Mode,Warning,Maintenance inspection recommended soon.
VEN,862,1989,104000000.0,24.87,18.23,60.77,Universal Analysis Mode,Warning,Maintenance inspection recommended soon.
VEN,862,1990,116000000.0,30.88,23.73,63.77,Universal Analysis Mode,Warning,Maintenance inspection recommended soon.
VEN,862,1991,129000000.0,24.95,20.0,63.76,Universal Analysis Mode,Warning,Maintenance inspection recommended soon.
VEN,862,1992,130000000.0,23.39,19.32,62.18,Universal Analysis Mode,Warning,Maintenance inspection recommended soon.
VEN,862,1993,134000000.0,20.01,16.97,61.88,Universal Analysis Mode,Warning,Maintenance inspection recommended soon.
VEN,862,1994,142000000.0,18.26,15.82,61.36,Universal Analysis Mode,Warning,Maintenance inspection recommended soon.
VEN,862,1995,152000000.0,19.1,17.02,61.38,Universal Analysis Mode,Warning,Maintenance inspection recommended soon.
VEN,862,1996,162000000.0,22.48,20.67,62.31,Universal Analysis Mode,Warning,Maintenance inspection recommended soon.
VEN,862,1997,171000000.0,20.38,19.09,62.19,Universal Analysis Mode,Warning,Maintenance inspection recommended soon.
VEN,862,1998,181000000.0,13.62,12.72,60.89,Universal Analysis Mode,Warning,Maintenance inspection recommended soon.
VEN,862,1999,167000000.0,18.56,17.97,61.73,Universal Analysis Mode,Warning,Maintenance inspection recommended soon.
VEN,862,2000,172000000.0,28.5,28.5,65.21,Universal Analysis Mode,Warning,Maintenance inspection recommended soon.
VEN,862,2001,150000000.0,23.7,24.44,65.27,Universal Analysis Mode,Warning,Maintenance inspection recommended soon.
VEN,862,2002,130000000.0,23.72,25.02,64.79,Universal Analysis Mode,Warning,Maintenance inspection recommended soon.
VEN,862,2003,116000000.0,26.54,28.83,66.97,Universal Analysis Mode,Warning,Maintenance inspection recommended soon.
VEN,862,2004,127000000.0,34.3,38.26,67.64,Universal Analysis Mode,Warning,Maintenance inspection recommended soon.
VEN,862,2005,128000000.0,47.26,54.52,69.11,Universal Analysis Mode,Warning,Maintenance inspection recommended soon.
VEN,862,2006,125000000.0,55.37,65.14,68.51,Universal Analysis Mode,Warning,Maintenance inspection recommended soon.
VEN,862,2007,121145277.78,60.12,72.39,65.66,Universal Analysis Mode,Warning,Maintenance inspection recommended soon.
VEN,862,2008,119222016.22,77.79,97.26,66.28,Universal Analysis Mode,Warning,Maintenance inspection recommended soon.
VEN,862,2009,111524712.09,49.5,61.67,62.94,Universal Analysis Mode,Warning,Maintenance inspection recommended soon.
VEN,862,2010,106858520.32,62.78,79.5,62.38,Universal Analysis Mode,Warning,Maintenance inspection recommended soon.
VEN,862,2011,111552000.0,85.17,111.26,61.92,Universal Analysis Mode,Warning,Maintenance inspection recommended soon.
VEN,862,2012,124500000.0,83.75,111.67,60.82,Universal Analysis Mode,Warning,Maintenance inspection recommended soon.
VEN,862,2013,124500000.0,80.32,108.66,57.96,Universal Analysis Mode,Warning,Maintenance inspection recommended soon.
VEN,862,2014,124500000.0,71.97,98.95,60.28,Universal Analysis Mode,Warning,Maintenance inspection recommended soon.
VNM,704,1932,0.0,10.86,0.87,25.35,Universal Analysis Mode,Healthy,Machine is safe. Continue regular monitoring.
VNM,704,1933,0.0,8.82,0.67,25.33,Universal Analysis Mode,Healthy,Machine is safe. Continue regular monitoring.
VNM,704,1934,0.0,12.72,1.0,25.81,Universal Analysis Mode,Healthy,Machine is safe. Continue regular monitoring.
VNM,704,1935,0.0,12.04,0.97,25.46,Universal Analysis Mode,Healthy,Machine is safe. Continue regular monitoring.
VNM,704,1936,0.0,13.38,1.09,25.76,Universal Analysis Mode,Healthy,Machine is safe. Continue regular monitoring.
VNM,704,1937,0.0,13.98,1.18,25.53,Universal Analysis Mode,Healthy,Machine is safe. Continue regular monitoring.
VNM,704,1938,0.0,13.66,1.13,25.56,Universal Analysis Mode,Healthy,Machine is safe. Continue regular monitoring.
VNM,704,1939,0.0,12.5,1.02,25.49,Universal Analysis Mode,Healthy,Machine is safe. Continue regular monitoring.
VNM,704,1940,0.0,12.38,1.02,25.41,Universal Analysis Mode,Healthy,Machine is safe. Continue regular monitoring.
VNM,704,1941,0.0,13.18,1.14,25.44,Universal Analysis Mode,Healthy,Machine is safe. Continue regular monitoring.
VNM,704,1942,0.0,12.42,1.19,25.25,Universal Analysis Mode,Healthy,Machine is safe. Continue regular monitoring.
VNM,704,1943,0.0,11.81,1.2,25.0,Universal Analysis Mode,Healthy,Machine is safe. Continue regular monitoring.
VNM,704,1944,0.0,11.71,1.21,24.96,Universal Analysis Mode,Healthy,Machine is safe. Continue regular monitoring.
VNM,704,1945,0.0,9.93,1.05,24.61,Universal Analysis Mode,Healthy,Machine is safe. Continue regular monitoring.
VNM,704,1946,0.0,9.77,1.12,24.51,Universal Analysis Mode,Healthy,Machine is safe. Continue regular monitoring.
VNM,704,1947,0.0,14.48,1.9,25.46,Universal Analysis Mode,Healthy,Machine is safe. Continue regular monitoring.
VNM,704,1948,0.0,14.07,1.99,25.48,Universal Analysis Mode,Healthy,Machine is safe. Continue regular monitoring.
VNM,704,1949,0.0,12.71,1.78,25.03,Universal Analysis Mode,Healthy,Machine is safe. Continue regular monitoring.
VNM,704,1950,0.0,12.08,1.71,27.37,Universal Analysis Mode,Healthy,Machine is safe. Continue regular monitoring.
VNM,704,1951,0.0,11.2,1.71,27.21,Universal Analysis Mode,Healthy,Machine is safe. Continue regular monitoring.
VNM,704,1952,0.0,10.96,1.71,27.23,Universal Analysis Mode,Healthy,Machine is safe. Continue regular monitoring.
VNM,704,1953,0.0,12.27,1.93,27.77,Universal Analysis Mode,Healthy,Machine is safe. Continue regular monitoring.
VNM,704,1954,0.0,12.21,1.93,27.71,Universal Analysis Mode,Healthy,Machine is safe. Continue regular monitoring.
VNM,704,1955,0.0,12.27,1.93,27.4,Universal Analysis Mode,Healthy,Machine is safe. Continue regular monitoring.
VNM,704,1956,0.0,12.07,1.93,27.43,Universal Analysis Mode,Healthy,Machine is safe. Continue regular monitoring.
VNM,704,1957,0.0,11.48,1.9,27.22,Universal Analysis Mode,Healthy,Machine is safe. Continue regular monitoring.
VNM,704,1958,0.0,12.25,2.08,27.72,Universal Analysis Mode,Healthy,Machine is safe. Continue regular monitoring.
VNM,704,1959,0.0,12.14,2.08,27.82,Universal Analysis Mode,Healthy,Machine is safe. Continue regular monitoring.
VNM,704,1960,0.0,10.91,1.9,27.83,Universal Analysis Mode,Healthy,Machine is safe. Continue regular monitoring.
VNM,704,1961,0.0,10.24,1.8,27.86,Universal Analysis Mode,Healthy,Machine is safe. Continue regular monitoring.
VNM,704,1962,0.0,10.12,1.8,28.78,Universal Analysis Mode,Healthy,Machine is safe. Continue regular monitoring.
VNM,704,1963,0.0,9.99,1.8,28.65,Universal Analysis Mode,Healthy,Machine is safe. Continue regular monitoring.
VNM,704,1964,0.0,9.86,1.8,27.78,Universal Analysis Mode,Healthy,Machine is safe. Continue regular monitoring.
VNM,704,1965,0.0,9.71,1.8,28.43,Universal Analysis Mode,Healthy,Machine is safe. Continue regular monitoring.
VNM,704,1966,0.0,9.41,1.8,27.83,Universal Analysis Mode,Healthy,Machine is safe. Continue regular monitoring.
VNM,704,1967,0.0,9.16,1.8,27.72,Universal Analysis Mode,Healthy,Machine is safe. Continue regular monitoring.
VNM,704,1968,0.0,8.8,1.8,27.48,Universal Analysis Mode,Healthy,Machine is safe. Continue regular monitoring.
VNM,704,1969,0.0,8.35,1.8,27.6,Universal Analysis Mode,Healthy,Machine is safe. Continue regular monitoring.
VNM,704,1970,0.0,7.88,1.8,27.35,Universal Analysis Mode,Healthy,Machine is safe. Continue regular monitoring.
VNM,704,1971,0.0,9.41,2.24,27.69,Universal Analysis Mode,Healthy,Machine is safe. Continue regular monitoring.
VNM,704,1972,0.0,10.09,2.48,27.7,Universal Analysis Mode,Healthy,Machine is safe. Continue regular monitoring.
VNM,704,1973,0.0,12.59,3.29,27.94,Universal Analysis Mode,Healthy,Machine is safe. Continue regular monitoring.
VNM,704,1974,0.0,39.93,11.58,29.82,Universal Analysis Mode,Healthy,Machine is safe. Continue regular monitoring.
VNM,704,1975,0.0,36.44,11.53,30.08,Universal Analysis Mode,Warning,Maintenance inspection recommended soon.
VNM,704,1976,0.0,38.23,12.8,32.49,Universal Analysis Mode,Warning,Maintenance inspection recommended soon.
VNM,704,1977,0.0,39.04,13.92,33.69,Universal Analysis Mode,Warning,Maintenance inspection recommended soon.
VNM,704,1978,0.0,36.54,14.02,33.36,Universal Analysis Mode,Warning,Maintenance inspection recommended soon.
VNM,704,1979,0.0,74.02,31.61,35.74,Universal Analysis Mode,Warning,Maintenance inspection recommended soon.
VNM,704,1980,0.0,75.97,36.83,36.97,Universal Analysis Mode,Warning,Maintenance inspection recommended soon.
VNM,704,1981,0.0,67.14,35.93,41.35,Universal Analysis Mode,Warning,Maintenance inspection recommended soon.
VNM,704,1982,0.0,58.02,32.97,41.44,Universal Analysis Mode,Warning,Maintenance inspection recommended soon.
VNM,704,1983,0.0,50.39,29.55,41.65,Universal Analysis Mode,Warning,Maintenance inspection recommended soon.
VNM,704,1984,0.0,45.82,28.78,41.27,Universal Analysis Mode,Warning,Maintenance inspection recommended soon.
VNM,704,1985,0.0,43.43,27.56,40.38,Universal Analysis Mode,Warning,Maintenance inspection recommended soon.
VNM,704,1986,40000.0,22.22,14.43,39.92,Universal Analysis Mode,Warning,Maintenance inspection recommended soon.
VNM,704,1987,280000.0,27.46,18.44,51.63,Universal Analysis Mode,Warning,Maintenance inspection recommended soon.
VNM,704,1988,690000.0,21.42,14.92,53.85,Universal Analysis Mode,Warning,Maintenance inspection recommended soon.
VNM,704,1989,1490000.0,24.87,18.23,56.47,Universal Analysis Mode,Warning,Maintenance inspection recommended soon.
VNM,704,1990,2700000.0,30.88,23.73,58.16,Universal Analysis Mode,Warning,Maintenance inspection recommended soon.
VNM,704,1991,3960000.0,24.95,20.0,61.14,Universal Analysis Mode,Warning,Maintenance inspection recommended soon.
VNM,704,1992,5490000.0,23.39,19.32,59.82,Universal Analysis Mode,Warning,Maintenance inspection recommended soon.
VNM,704,1993,6300000.0,20.01,16.97,59.25,Universal Analysis Mode,Warning,Maintenance inspection recommended soon.
VNM,704,1994,7100000.0,18.26,15.82,58.71,Universal Analysis Mode,Warning,Maintenance inspection recommended soon.
VNM,704,1995,7650000.0,19.1,17.02,58.91,Universal Analysis Mode,Warning,Maintenance inspection recommended soon.
VNM,704,1996,8850000.0,22.48,20.67,59.9,Universal Analysis Mode,Warning,Maintenance inspection recommended soon.
VNM,704,1997,10100000.0,20.38,19.09,59.56,Universal Analysis Mode,Warning,Maintenance inspection recommended soon.
VNM,704,1998,12100000.0,13.62,12.72,58.52,Universal Analysis Mode,Warning,Maintenance inspection recommended soon.
VNM,704,1999,14600000.0,18.56,17.97,59.63,Universal Analysis Mode,Warning,Maintenance inspection recommended soon.
VNM,704,2000,16200000.0,28.5,28.5,63.43,Universal Analysis Mode,Warning,Maintenance inspection recommended soon.
VNM,704,2001,17800000.0,23.7,24.44,63.4,Universal Analysis Mode,Warning,Maintenance inspection recommended soon.
VNM,704,2002,16900000.0,23.72,25.02,63.05,Universal Analysis Mode,Warning,Maintenance inspection recommended soon.
VNM,704,2003,17600000.0,26.54,28.83,65.46,Universal Analysis Mode,Warning,Maintenance inspection recommended soon.
VNM,704,2004,20100000.0,34.3,38.26,66.25,Universal Analysis Mode,Warning,Maintenance inspection recommended soon.
VNM,704,2005,18600000.0,47.26,54.52,67.83,Universal Analysis Mode,Warning,Maintenance inspection recommended soon.
VNM,704,2006,17200000.0,55.37,65.14,67.29,Universal Analysis Mode,Warning,Maintenance inspection recommended soon.
VNM,704,2007,15883198.06,60.12,72.39,67.21,Universal Analysis Mode,Warning,Maintenance inspection recommended soon.
VNM,704,2008,14922433.55,77.79,97.26,68.07,Universal Analysis Mode,Warning,Maintenance inspection recommended soon.
VNM,704,2009,14901524.52,49.5,61.67,64.52,Universal Analysis Mode,Warning,Maintenance inspection recommended soon.
VNM,704,2010,15845268.38,62.78,79.5,63.6,Universal Analysis Mode,Warning,Maintenance inspection recommended soon.
VNM,704,2011,15394339.84,85.17,111.26,63.16,Universal Analysis Mode,Warning,Maintenance inspection recommended soon.
VNM,704,2012,17283729.43,83.75,111.67,62.12,Universal Analysis Mode,Warning,Maintenance inspection recommended soon.
VNM,704,2013,16791604.84,80.32,108.66,57.99,Universal Analysis Mode,Warning,Maintenance inspection recommended soon.
VNM,704,2014,14858273.22,71.97,98.95,58.97,Universal Analysis Mode,Warning,Maintenance inspection recommended soon.
,886,1932,49800.0,10.86,0.87,30.13,Universal Analysis Mode,Warning,Maintenance inspection recommended soon.
,886,1933,49800.0,8.82,0.67,30.11,Universal Analysis Mode,Warning,Maintenance inspection recommended soon.
,886,1934,49800.0,12.72,1.0,30.59,Universal Analysis Mode,Warning,Maintenance inspection recommended soon.
,886,1935,49800.0,12.04,0.97,30.24,Universal Analysis Mode,Warning,Maintenance inspection recommended soon.
,886,1936,49800.0,13.38,1.09,30.54,Universal Analysis Mode,Warning,Maintenance inspection recommended soon.
,886,1937,49800.0,13.98,1.18,30.31,Universal Analysis Mode,Warning,Maintenance inspection recommended soon.
,886,1938,49800.0,13.66,1.13,30.34,Universal Analysis Mode,Warning,Maintenance inspection recommended soon.
,886,1939,49800.0,12.5,1.02,30.26,Universal Analysis Mode,Warning,Maintenance inspection recommended soon.
,886,1940,49800.0,12.38,1.02,30.19,Universal Analysis Mode,Warning,Maintenance inspection recommended soon.
,886,1941,49800.0,13.18,1.14,30.22,Universal Analysis Mode,Warning,Maintenance inspection recommended soon.
,886,1942,49800.0,12.42,1.19,30.03,Universal Analysis Mode,Warning,Maintenance inspection recommended soon.
,886,1943,49800.0,11.81,1.2,29.78,Universal Analysis Mode,Healthy,Machine is safe. Continue regular monitoring.
,886,1944,49800.0,11.71,1.21,29.73,Universal Analysis Mode,Healthy,Machine is safe. Continue regular monitoring.
,886,1945,49800.0,9.93,1.05,29.39,Universal Analysis Mode,Healthy,Machine is safe. Continue regular monitoring.
,886,1946,49800.0,9.77,1.12,29.28,Universal Analysis Mode,Healthy,Machine is safe. Continue regular monitoring.
,886,1947,49800.0,14.48,1.9,30.23,Universal Analysis Mode,Warning,Maintenance inspection recommended soon.
,886,1948,49800.0,14.07,1.99,30.26,Universal Analysis Mode,Warning,Maintenance inspection recommended soon.
,886,1949,49800.0,12.71,1.78,29.81,Universal Analysis Mode,Healthy,Machine is safe. Continue regular monitoring.
,886,1950,49800.0,12.08,1.71,29.24,Universal Analysis Mode,Healthy,Machine is safe. Continue regular monitoring.
,886,1951,49800.0,11.2,1.71,29.06,Universal Analysis Mode,Healthy,Machine is safe. Continue regular monitoring.
,886,1952,49800.0,10.96,1.71,29.04,Universal Analysis Mode,Healthy,Machine is safe. Continue regular monitoring.
,886,1953,49800.0,12.27,1.93,29.55,Universal Analysis Mode,Healthy,Machine is safe. Continue regular monitoring.
,886,1954,49800.0,12.21,1.93,29.45,Universal Analysis Mode,Healthy,Machine is safe. Continue regular monitoring.
,886,1955,49800.0,12.27,1.93,29.1,Universal Analysis Mode,Healthy,Machine is safe. Continue regular monitoring.
,886,1956,49800.0,12.07,1.93,29.09,Universal Analysis Mode,Healthy,Machine is safe. Continue regular monitoring.
,886,1957,49800.0,11.48,1.9,28.82,Universal Analysis Mode,Healthy,Machine is safe. Continue regular monitoring.
,886,1958,49800.0,12.25,2.08,29.26,Universal Analysis Mode,Healthy,Machine is safe. Continue regular monitoring.
,886,1959,49800.0,12.14,2.08,29.28,Universal Analysis Mode,Healthy,Machine is safe. Continue regular monitoring.
,886,1960,0.0,10.91,1.9,24.87,Universal Analysis Mode,Healthy,Machine is safe. Continue regular monitoring.
,886,1961,0.0,10.24,1.8,24.81,Universal Analysis Mode,Healthy,Machine is safe. Continue regular monitoring.
,886,1962,0.0,10.12,1.8,25.67,Universal Analysis Mode,Healthy,Machine is safe. Continue regular monitoring.
,886,1963,0.0,9.99,1.8,25.89,Universal Analysis Mode,Healthy,Machine is safe. Continue regular monitoring.
,886,1964,0.0,9.86,1.8,24.98,Universal Analysis Mode,Healthy,Machine is safe. Continue regular monitoring.
,886,1965,0.0,9.71,1.8,25.87,Universal Analysis Mode,Healthy,Machine is safe. Continue regular monitoring.
,886,1966,0.0,9.41,1.8,25.24,Universal Analysis Mode,Healthy,Machine is safe. Continue regular monitoring.
,886,1967,0.0,9.16,1.8,25.14,Universal Analysis Mode,Healthy,Machine is safe. Continue regular monitoring.
,886,1968,0.0,8.8,1.8,25.72,Universal Analysis Mode,Healthy,Machine is safe. Continue regular monitoring.
,886,1969,0.0,8.35,1.8,25.85,Universal Analysis Mode,Healthy,Machine is safe. Continue regular monitoring.
,886,1970,0.0,7.88,1.8,25.62,Universal Analysis Mode,Healthy,Machine is safe. Continue regular monitoring.
,886,1971,0.0,9.41,2.24,25.97,Universal Analysis Mode,Healthy,Machine is safe. Continue regular monitoring.
,886,1972,0.0,10.09,2.48,26.01,Universal Analysis Mode,Healthy,Machine is safe. Continue regular monitoring.
,886,1973,0.0,12.59,3.29,26.26,Universal Analysis Mode,Healthy,Machine is safe. Continue regular monitoring.
,886,1974,0.0,39.93,11.58,28.16,Universal Analysis Mode,Healthy,Machine is safe. Continue regular monitoring.
,886,1975,0.0,36.44,11.53,28.44,Universal Analysis Mode,Healthy,Machine is safe. Continue regular monitoring.
,886,1976,0.0,38.23,12.8,30.06,Universal Analysis Mode,Warning,Maintenance inspection recommended soon.
,886,1977,0.0,39.04,13.92,31.3,Universal Analysis Mode,Warning,Maintenance inspection recommended soon.
,886,1978,0.0,36.54,14.02,30.99,Universal Analysis Mode,Warning,Maintenance inspection recommended soon.
,886,1979,0.0,74.02,31.61,33.4,Universal Analysis Mode,Warning,Maintenance inspection recommended soon.
,886,1980,0.0,75.97,36.83,34.67,Universal Analysis Mode,Warning,Maintenance inspection recommended soon.
,886,1981,0.0,67.14,35.93,35.19,Universal Analysis Mode,Warning,Maintenance inspection recommended soon.
,886,1982,0.0,58.02,32.97,35.31,Universal Analysis Mode,Warning,Maintenance inspection recommended soon.
,886,1983,0.0,50.39,29.55,34.96,Universal Analysis Mode,Warning,Maintenance inspection recommended soon.
,886,1984,0.0,45.82,28.78,34.63,Universal Analysis Mode,Warning,Maintenance inspection recommended soon.
,886,1985,0.0,43.43,27.56,34.4,Universal Analysis Mode,Warning,Maintenance inspection recommended soon.
,886,1986,480000.0,22.22,14.43,49.55,Universal Analysis Mode,Warning,Maintenance inspection recommended soon.
,886,1987,1245000.0,27.46,18.44,50.82,Universal Analysis Mode,Warning,Maintenance inspection recommended soon.
,886,1988,8155000.0,21.42,14.92,50.5,Universal Analysis Mode,Warning,Maintenance inspection recommended soon.
,886,1989,8515000.0,24.87,18.23,51.14,Universal Analysis Mode,Warning,Maintenance inspection recommended soon.
,886,1990,49800.0,30.88,23.73,34.42,Universal Analysis Mode,Warning,Maintenance inspection recommended soon.
,886,1991,49800.0,24.95,20.0,34.29,Universal Analysis Mode,Warning,Maintenance inspection recommended soon.
,886,1992,49800.0,23.39,19.32,32.75,Universal Analysis Mode,Warning,Maintenance inspection recommended soon.
,886,1993,49800.0,20.01,16.97,32.34,Universal Analysis Mode,Warning,Maintenance inspection recommended soon.
,886,1994,49800.0,18.26,15.82,31.77,Universal Analysis Mode,Warning,Maintenance inspection recommended soon.
,886,1995,49800.0,19.1,17.02,31.7,Universal Analysis Mode,Warning,Maintenance inspection recommended soon.
,886,1996,49800.0,22.48,20.67,32.46,Universal Analysis Mode,Warning,Maintenance inspection recommended soon.
,886,1997,49800.0,20.38,19.09,32.27,Universal Analysis Mode,Warning,Maintenance inspection recommended soon.
,886,1998,49800.0,13.62,12.72,31.24,Universal Analysis Mode,Warning,Maintenance inspection recommended soon.
,886,1999,49800.0,18.56,17.97,31.98,Universal Analysis Mode,Warning,Maintenance inspection recommended soon.
,886,2000,49800.0,28.5,28.5,35.14,Universal Analysis Mode,Warning,Maintenance inspection recommended soon.
,886,2001,49800.0,23.7,24.44,35.07,Universal Analysis Mode,Warning,Maintenance inspection recommended soon.
,886,2002,49800.0,23.72,25.02,34.65,Universal Analysis Mode,Warning,Maintenance inspection recommended soon.
,886,2003,49800.0,26.54,28.83,36.75,Universal Analysis Mode,Warning,Maintenance inspection recommended soon.
,886,2004,49800.0,34.3,38.26,37.24,Universal Analysis Mode,Warning,Maintenance inspection recommended soon.
,886,2005,49800.0,47.26,54.52,38.49,Universal Analysis Mode,Warning,Maintenance inspection recommended soon.
,886,2006,49800.0,55.37,65.14,37.91,Universal Analysis Mode,Warning,Maintenance inspection recommended soon.
,886,2007,49800.0,60.12,72.39,37.86,Universal Analysis Mode,Warning,Maintenance inspection recommended soon.
,886,2008,49800.0,77.79,97.26,38.51,Universal Analysis Mode,Warning,Maintenance inspection recommended soon.
,886,2009,49800.0,49.5,61.67,35.39,Universal Analysis Mode,Warning,Maintenance inspection recommended soon.
,886,2010,49800.0,62.78,79.5,36.15,Universal Analysis Mode,Warning,Maintenance inspection recommended soon.
,886,2011,49800.0,85.17,111.26,35.61,Universal Analysis Mode,Warning,Maintenance inspection recommended soon.
,886,2012,49800.0,83.75,111.67,34.48,Universal Analysis Mode,Warning,Maintenance inspection recommended soon.
,886,2013,49800.0,80.32,108.66,34.71,Universal Analysis Mode,Warning,Maintenance inspection recommended soon.
,886,2014,49800.0,71.97,98.95,35.75,Universal Analysis Mode,Warning,Maintenance inspection recommended soon.
YMD,720,1932,49800.0,10.86,0.87,29.76,Universal Analysis Mode,Healthy,Machine is safe. Continue regular monitoring.
YMD,720,1933,49800.0,8.82,0.67,29.74,Universal Analysis Mode,Healthy,Machine is safe. Continue regular monitoring.
YMD,720,1934,49800.0,12.72,1.0,30.22,Universal Analysis Mode,Warning,Maintenance inspection recommended soon.
YMD,720,1935,49800.0,12.04,0.97,29.87,Universal Analysis Mode,Healthy,Machine is safe. Continue regular monitoring.
YMD,720,1936,49800.0,13.38,1.09,30.18,Universal Analysis Mode,Warning,Maintenance inspection recommended soon.
YMD,720,1937,49800.0,13.98,1.18,29.94,Universal Analysis Mode,Healthy,Machine is safe. Continue regular monitoring.
YMD,720,1938,49800.0,13.66,1.13,29.97,Universal Analysis Mode,Healthy,Machine is safe. Continue regular monitoring.
YMD,720,1939,49800.0,12.5,1.02,29.9,Universal Analysis Mode,Healthy,Machine is safe. Continue regular monitoring.
YMD,720,1940,49800.0,12.38,1.02,29.82,Universal Analysis Mode,Healthy,Machine is safe. Continue regular monitoring.
YMD,720,1941,49800.0,13.18,1.14,29.85,Universal Analysis Mode,Healthy,Machine is safe. Continue regular monitoring.
YMD,720,1942,49800.0,12.42,1.19,29.66,Universal Analysis Mode,Healthy,Machine is safe. Continue regular monitoring.
YMD,720,1943,49800.0,11.81,1.2,29.41,Universal Analysis Mode,Healthy,Machine is safe. Continue regular monitoring.
YMD,720,1944,49800.0,11.71,1.21,29.37,Universal Analysis Mode,Healthy,Machine is safe. Continue regular monitoring.
YMD,720,1945,49800.0,9.93,1.05,29.02,Universal Analysis Mode,Healthy,Machine is safe. Continue regular monitoring.
YMD,720,1946,49800.0,9.77,1.12,28.92,Universal Analysis Mode,Healthy,Machine is safe. Continue regular monitoring.
YMD,720,1947,49800.0,14.48,1.9,29.87,Universal Analysis Mode,Healthy,Machine is safe. Continue regular monitoring.
YMD,720,1948,49800.0,14.07,1.99,29.89,Universal Analysis Mode,Healthy,Machine is safe. Continue regular monitoring.
YMD,720,1949,49800.0,12.71,1.78,29.44,Universal Analysis Mode,Healthy,Machine is safe. Continue regular monitoring.
YMD,720,1950,49800.0,12.08,1.71,29.27,Universal Analysis Mode,Healthy,Machine is safe. Continue regular monitoring.
YMD,720,1951,49800.0,11.2,1.71,29.07,Universal Analysis Mode,Healthy,Machine is safe. Continue regular monitoring.
YMD,720,1952,49800.0,10.96,1.71,29.05,Universal Analysis Mode,Healthy,Machine is safe. Continue regular monitoring.
YMD,720,1953,49800.0,12.27,1.93,29.55,Universal Analysis Mode,Healthy,Machine is safe. Continue regular monitoring.
YMD,720,1954,49800.0,12.21,1.93,29.45,Universal Analysis Mode,Healthy,Machine is safe. Continue regular monitoring.
YMD,720,1955,49800.0,12.27,1.93,29.1,Universal Analysis Mode,Healthy,Machine is safe. Continue regular monitoring.
YMD,720,1956,49800.0,12.07,1.93,29.07,Universal Analysis Mode,Healthy,Machine is safe. Continue regular monitoring.
YMD,720,1957,49800.0,11.48,1.9,28.8,Universal Analysis Mode,Healthy,Machine is safe. Continue regular monitoring.
YMD,720,1958,49800.0,12.25,2.08,29.24,Universal Analysis Mode,Healthy,Machine is safe. Continue regular monitoring.
YMD,720,1959,49800.0,12.14,2.08,29.26,Universal Analysis Mode,Healthy,Machine is safe. Continue regular monitoring.
YMD,720,1960,0.0,10.91,1.9,24.84,Universal Analysis Mode,Healthy,Machine is safe. Continue regular monitoring.
YMD,720,1961,0.0,10.24,1.8,24.78,Universal Analysis Mode,Healthy,Machine is safe. Continue regular monitoring.
YMD,720,1962,0.0,10.12,1.8,25.64,Universal Analysis Mode,Healthy,Machine is safe. Continue regular monitoring.
YMD,720,1963,0.0,9.99,1.8,25.46,Universal Analysis Mode,Healthy,Machine is safe. Continue regular monitoring.
YMD,720,1964,0.0,9.86,1.8,24.54,Universal Analysis Mode,Healthy,Machine is safe. Continue regular monitoring.
YMD,720,1965,0.0,9.71,1.8,25.14,Universal Analysis Mode,Healthy,Machine is safe. Continue regular monitoring.
YMD,720,1966,0.0,9.41,1.8,24.49,Universal Analysis Mode,Healthy,Machine is safe. Continue regular monitoring.
YMD,720,1967,0.0,9.16,1.8,24.37,Universal Analysis Mode,Healthy,Machine is safe. Continue regular monitoring.
YMD,720,1968,0.0,8.8,1.8,24.93,Universal Analysis Mode,Healthy,Machine is safe. Continue regular monitoring.
YMD,720,1969,0.0,8.35,1.8,25.04,Universal Analysis Mode,Healthy,Machine is safe. Continue regular monitoring.
YMD,720,1970,0.0,7.88,1.8,24.79,Universal Analysis Mode,Healthy,Machine is safe. Continue regular monitoring.
YMD,720,1971,0.0,9.41,2.24,25.12,Universal Analysis Mode,Healthy,Machine is safe. Continue regular monitoring.
YMD,720,1972,0.0,10.09,2.48,25.13,Universal Analysis Mode,Healthy,Machine is safe. Continue regular monitoring.
YMD,720,1973,0.0,12.59,3.29,25.35,Universal Analysis Mode,Healthy,Machine is safe. Continue regular monitoring.
YMD,720,1974,0.0,39.93,11.58,27.22,Universal Analysis Mode,Healthy,Machine is safe. Continue regular monitoring.
YMD,720,1975,0.0,36.44,11.53,27.48,Universal Analysis Mode,Healthy,Machine is safe. Continue regular monitoring.
YMD,720,1976,0.0,38.23,12.8,29.06,Universal Analysis Mode,Healthy,Machine is safe. Continue regular monitoring.
YMD,720,1977,0.0,39.04,13.92,30.26,Universal Analysis Mode,Warning,Maintenance inspection recommended soon.
YMD,720,1978,0.0,36.54,14.02,29.92,Universal Analysis Mode,Healthy,Machine is safe. Continue regular monitoring.
YMD,720,1979,0.0,74.02,31.61,32.29,Universal Analysis Mode,Warning,Maintenance inspection recommended soon.
YMD,720,1980,0.0,75.97,36.83,33.51,Universal Analysis Mode,Warning,Maintenance inspection recommended soon.
YMD,720,1981,0.0,67.14,35.93,33.99,Universal Analysis Mode,Warning,Maintenance inspection recommended soon.
YMD,720,1982,0.0,58.02,32.97,34.08,Universal Analysis Mode,Warning,Maintenance inspection recommended soon.
YMD,720,1983,0.0,50.39,29.55,33.68,Universal Analysis Mode,Warning,Maintenance inspection recommended soon.
YMD,720,1984,0.0,45.82,28.78,33.3,Universal Analysis Mode,Warning,Maintenance inspection recommended soon.
YMD,720,1985,0.0,43.43,27.56,33.02,Universal Analysis Mode,Warning,Maintenance inspection recommended soon.
YMD,720,1986,0.0,22.22,14.43,30.62,Universal Analysis Mode,Warning,Maintenance inspection recommended soon.
YMD,720,1987,0.0,27.46,18.44,29.68,Universal Analysis Mode,Healthy,Machine is safe. Continue regular monitoring.
YMD,720,1988,0.0,21.42,14.92,28.09,Universal Analysis Mode,Healthy,Machine is safe. Continue regular monitoring.
YMD,720,1989,0.0,24.87,18.23,28.55,Universal Analysis Mode,Healthy,Machine is safe. Continue regular monitoring.
YMD,720,1990,49800.0,30.88,23.73,34.05,Universal Analysis Mode,Warning,Maintenance inspection recommended soon.
YMD,720,1991,49800.0,24.95,20.0,33.92,Universal Analysis Mode,Warning,Maintenance inspection recommended soon.
YMD,720,1992,49800.0,23.39,19.32,32.38,Universal Analysis Mode,Warning,Maintenance inspection recommended soon.
YMD,720,1993,49800.0,20.01,16.97,31.97,Universal Analysis Mode,Warning,Maintenance inspection recommended soon.
YMD,720,1994,49800.0,18.26,15.82,31.41,Universal Analysis Mode,Warning,Maintenance inspection recommended soon.
YMD,720,1995,49800.0,19.1,17.02,31.33,Universal Analysis Mode,Warning,Maintenance inspection recommended soon.
YMD,720,1996,49800.0,22.48,20.67,32.09,Universal Analysis Mode,Warning,Maintenance inspection recommended soon.
YMD,720,1997,49800.0,20.38,19.09,31.91,Universal Analysis Mode,Warning,Maintenance inspection recommended soon.
YMD,720,1998,49800.0,13.62,12.72,30.87,Universal Analysis Mode,Warning,Maintenance inspection recommended soon.
YMD,720,1999,49800.0,18.56,17.97,31.61,Universal Analysis Mode,Warning,Maintenance inspection recommended soon.
YMD,720,2000,49800.0,28.5,28.5,34.77,Universal Analysis Mode,Warning,Maintenance inspection recommended soon.
YMD,720,2001,49800.0,23.7,24.44,34.7,Universal Analysis Mode,Warning,Maintenance inspection recommended soon.
YMD,720,2002,49800.0,23.72,25.02,34.28,Universal Analysis Mode,Warning,Maintenance inspection recommended soon.
YMD,720,2003,49800.0,26.54,28.83,36.38,Universal Analysis Mode,Warning,Maintenance inspection recommended soon.
YMD,720,2004,49800.0,34.3,38.26,36.88,Universal Analysis Mode,Warning,Maintenance inspection recommended soon.
YMD,720,2005,49800.0,47.26,54.52,38.12,Universal Analysis Mode,Warning,Maintenance inspection recommended soon.
YMD,720,2006,49800.0,55.37,65.14,37.54,Universal Analysis Mode,Warning,Maintenance inspection recommended soon.
YMD,720,2007,49800.0,60.12,72.39,37.49,Universal Analysis Mode,Warning,Maintenance inspection recommended soon.
YMD,720,2008,49800.0,77.79,97.26,38.14,Universal Analysis Mode,Warning,Maintenance inspection recommended soon.
YMD,720,2009,49800.0,49.5,61.67,35.03,Universal Analysis Mode,Warning,Maintenance inspection recommended soon.
YMD,720,2010,49800.0,62.78,79.5,35.78,Universal Analysis Mode,Warning,Maintenance inspection recommended soon.
YMD,720,2011,49800.0,85.17,111.26,35.24,Universal Analysis Mode,Warning,Maintenance inspection recommended soon.
YMD,720,2012,49800.0,83.75,111.67,34.11,Universal Analysis Mode,Warning,Maintenance inspection recommended soon.
YMD,720,2013,49800.0,80.32,108.66,34.34,Universal Analysis Mode,Warning,Maintenance inspection recommended soon.
YMD,720,2014,49800.0,71.97,98.95,35.38,Universal Analysis Mode,Warning,Maintenance inspection recommended soon.
YEM,887,1932,49800.0,10.86,0.87,30.14,Universal Analysis Mode,Warning,Maintenance inspection recommended soon.
YEM,887,1933,49800.0,8.82,0.67,30.12,Universal Analysis Mode,Warning,Maintenance inspection recommended soon.
YEM,887,1934,49800.0,12.72,1.0,30.6,Universal Analysis Mode,Warning,Maintenance inspection recommended soon.
YEM,887,1935,49800.0,12.04,0.97,30.25,Universal Analysis Mode,Warning,Maintenance inspection recommended soon.
YEM,887,1936,49800.0,13.38,1.09,30.55,Universal Analysis Mode,Warning,Maintenance inspection recommended soon.
YEM,887,1937,49800.0,13.98,1.18,30.32,Universal Analysis Mode,Warning,Maintenance inspection recommended soon.
YEM,887,1938,49800.0,13.66,1.13,30.35,Universal Analysis Mode,Warning,Maintenance inspection recommended soon.
YEM,887,1939,49800.0,12.5,1.02,30.27,Universal Analysis Mode,Warning,Maintenance inspection recommended soon.
YEM,887,1940,49800.0,12.38,1.02,30.2,Universal Analysis Mode,Warning,Maintenance inspection recommended soon.
YEM,887,1941,49800.0,13.18,1.14,30.22,Universal Analysis Mode,Warning,Maintenance inspection recommended soon.
YEM,887,1942,49800.0,12.42,1.19,30.04,Universal Analysis Mode,Warning,Maintenance inspection recommended soon.
YEM,887,1943,49800.0,11.81,1.2,29.79,Universal Analysis Mode,Healthy,Machine is safe. Continue regular monitoring.
YEM,887,1944,49800.0,11.71,1.21,29.74,Universal Analysis Mode,Healthy,Machine is safe. Continue regular monitoring.
YEM,887,1945,49800.0,9.93,1.05,29.4,Universal Analysis Mode,Healthy,Machine is safe. Continue regular monitoring.
YEM,887,1946,49800.0,9.77,1.12,29.29,Universal Analysis Mode,Healthy,Machine is safe. Continue regular monitoring.
YEM,887,1947,49800.0,14.48,1.9,30.24,Universal Analysis Mode,Warning,Maintenance inspection recommended soon.
YEM,887,1948,49800.0,14.07,1.99,30.27,Universal Analysis Mode,Warning,Maintenance inspection recommended soon.
YEM,887,1949,49800.0,12.71,1.78,29.82,Universal Analysis Mode,Healthy,Machine is safe. Continue regular monitoring.
YEM,887,1950,49800.0,12.08,1.71,29.25,Universal Analysis Mode,Healthy,Machine is safe. Continue regular monitoring.
YEM,887,1951,49800.0,11.2,1.71,29.06,Universal Analysis Mode,Healthy,Machine is safe. Continue regular monitoring.
YEM,887,1952,49800.0,10.96,1.71,29.05,Universal Analysis Mode,Healthy,Machine is safe. Continue regular monitoring.
YEM,887,1953,49800.0,12.27,1.93,29.56,Universal Analysis Mode,Healthy,Machine is safe. Continue regular monitoring.
YEM,887,1954,49800.0,12.21,1.93,29.46,Universal Analysis Mode,Healthy,Machine is safe. Continue regular monitoring.
YEM,887,1955,49800.0,12.27,1.93,29.11,Universal Analysis Mode,Healthy,Machine is safe. Continue regular monitoring.
YEM,887,1956,49800.0,12.07,1.93,29.1,Universal Analysis Mode,Healthy,Machine is safe. Continue regular monitoring.
YEM,887,1957,49800.0,11.48,1.9,28.83,Universal Analysis Mode,Healthy,Machine is safe. Continue regular monitoring.
YEM,887,1958,49800.0,12.25,2.08,29.27,Universal Analysis Mode,Healthy,Machine is safe. Continue regular monitoring.
YEM,887,1959,49800.0,12.14,2.08,29.29,Universal Analysis Mode,Healthy,Machine is safe. Continue regular monitoring.
YEM,887,1960,0.0,10.91,1.9,24.88,Universal Analysis Mode,Healthy,Machine is safe. Continue regular monitoring.
YEM,887,1961,0.0,10.24,1.8,24.81,Universal Analysis Mode,Healthy,Machine is safe. Continue regular monitoring.
YEM,887,1962,0.0,10.12,1.8,25.68,Universal Analysis Mode,Healthy,Machine is safe. Continue regular monitoring.
YEM,887,1963,0.0,9.99,1.8,25.9,Universal Analysis Mode,Healthy,Machine is safe. Continue regular monitoring.
YEM,887,1964,0.0,9.86,1.8,24.99,Universal Analysis Mode,Healthy,Machine is safe. Continue regular monitoring.
YEM,887,1965,0.0,9.71,1.8,25.88,Universal Analysis Mode,Healthy,Machine is safe. Continue regular monitoring.
YEM,887,1966,0.0,9.41,1.8,25.25,Universal Analysis Mode,Healthy,Machine is safe. Continue regular monitoring.
YEM,887,1967,0.0,9.16,1.8,25.15,Universal Analysis Mode,Healthy,Machine is safe. Continue regular monitoring.
YEM,887,1968,0.0,8.8,1.8,24.92,Universal Analysis Mode,Healthy,Machine is safe. Continue regular monitoring.
YEM,887,1969,0.0,8.35,1.8,25.05,Universal Analysis Mode,Healthy,Machine is safe. Continue regular monitoring.
YEM,887,1970,0.0,7.88,1.8,24.81,Universal Analysis Mode,Healthy,Machine is safe. Continue regular monitoring.
YEM,887,1971,0.0,9.41,2.24,25.17,Universal Analysis Mode,Healthy,Machine is safe. Continue regular monitoring.
YEM,887,1972,0.0,10.09,2.48,25.2,Universal Analysis Mode,Healthy,Machine is safe. Continue regular monitoring.
YEM,887,1973,0.0,12.59,3.29,25.46,Universal Analysis Mode,Healthy,Machine is safe. Continue regular monitoring.
YEM,887,1974,0.0,39.93,11.58,27.36,Universal Analysis Mode,Healthy,Machine is safe. Continue regular monitoring.
YEM,887,1975,0.0,36.44,11.53,27.64,Universal Analysis Mode,Healthy,Machine is safe. Continue regular monitoring.
YEM,887,1976,0.0,38.23,12.8,29.26,Universal Analysis Mode,Healthy,Machine is safe. Continue regular monitoring.
YEM,887,1977,0.0,39.04,13.92,30.49,Universal Analysis Mode,Warning,Maintenance inspection recommended soon.
YEM,887,1978,0.0,36.54,14.02,30.19,Universal Analysis Mode,Warning,Maintenance inspection recommended soon.
YEM,887,1979,0.0,74.02,31.61,32.6,Universal Analysis Mode,Warning,Maintenance inspection recommended soon.
YEM,887,1980,0.0,75.97,36.83,33.87,Universal Analysis Mode,Warning,Maintenance inspection recommended soon.
YEM,887,1981,0.0,67.14,35.93,34.39,Universal Analysis Mode,Warning,Maintenance inspection recommended soon.
YEM,887,1982,0.0,58.02,32.97,34.51,Universal Analysis Mode,Warning,Maintenance inspection recommended soon.
YEM,887,1983,0.0,50.39,29.55,34.16,Universal Analysis Mode,Warning,Maintenance inspection recommended soon.
YEM,887,1984,0.0,45.82,28.78,33.83,Universal Analysis Mode,Warning,Maintenance inspection recommended soon.
YEM,887,1985,0.0,43.43,27.56,33.6,Universal Analysis Mode,Warning,Maintenance inspection recommended soon.
YEM,887,1986,480000.0,22.22,14.43,45.84,Universal Analysis Mode,Warning,Maintenance inspection recommended soon.
YEM,887,1987,1245000.0,27.46,18.44,47.86,Universal Analysis Mode,Warning,Maintenance inspection recommended soon.
YEM,887,1988,8155000.0,21.42,14.92,53.27,Universal Analysis Mode,Warning,Maintenance inspection recommended soon.
YEM,887,1989,8515000.0,24.87,18.23,53.92,Universal Analysis Mode,Warning,Maintenance inspection recommended soon.
YEM,887,1990,8705000.0,30.88,23.73,61.6,Universal Analysis Mode,Warning,Maintenance inspection recommended soon.
YEM,887,1991,9425000.0,24.95,20.0,61.96,Universal Analysis Mode,Warning,Maintenance inspection recommended soon.
YEM,887,1992,8725000.0,23.39,19.32,60.52,Universal Analysis Mode,Warning,Maintenance inspection recommended soon.
YEM,887,1993,9895000.0,20.01,16.97,60.32,Universal Analysis Mode,Warning,Maintenance inspection recommended soon.
YEM,887,1994,16400000.0,18.26,15.82,59.99,Universal Analysis Mode,Warning,Maintenance inspection recommended soon.
YEM,887,1995,16700000.0,19.1,17.02,59.97,Universal Analysis Mode,Warning,Maintenance inspection recommended soon.
YEM,887,1996,16900000.0,22.48,20.67,60.84,Universal Analysis Mode,Warning,Maintenance inspection recommended soon.
YEM,887,1997,17700000.0,20.38,19.09,60.7,Universal Analysis Mode,Warning,Maintenance inspection recommended soon.
YEM,887,1998,18100000.0,13.62,12.72,59.55,Universal Analysis Mode,Warning,Maintenance inspection recommended soon.
YEM,887,1999,18700000.0,18.56,17.97,59.66,Universal Analysis Mode,Warning,Maintenance inspection recommended soon.
YEM,887,2000,20800000.0,28.5,28.5,63.4,Universal Analysis Mode,Warning,Maintenance inspection recommended soon.
YEM,887,2001,22000000.0,23.7,24.44,63.38,Universal Analysis Mode,Warning,Maintenance inspection recommended soon.
YEM,887,2002,21900000.0,23.72,25.02,63.0,Universal Analysis Mode,Warning,Maintenance inspection recommended soon.
YEM,887,2003,21400000.0,26.54,28.83,65.39,Universal Analysis Mode,Warning,Maintenance inspection recommended soon.
YEM,887,2004,20100000.0,34.3,38.26,66.01,Universal Analysis Mode,Warning,Maintenance inspection recommended soon.
YEM,887,2005,19900000.0,47.26,54.52,67.57,Universal Analysis Mode,Warning,Maintenance inspection recommended soon.
YEM,887,2006,18700000.0,55.37,65.14,66.88,Universal Analysis Mode,Warning,Maintenance inspection recommended soon.
YEM,887,2007,15870868.07,60.12,72.39,66.84,Universal Analysis Mode,Warning,Maintenance inspection recommended soon.
YEM,887,2008,14856801.13,77.79,97.26,67.66,Universal Analysis Mode,Warning,Maintenance inspection recommended soon.
YEM,887,2009,14200799.68,49.5,61.67,63.98,Universal Analysis Mode,Warning,Maintenance inspection recommended soon.
YEM,887,2010,12818843.7,62.78,79.5,67.76,Universal Analysis Mode,Warning,Maintenance inspection recommended soon.
YEM,887,2011,8071420.16,85.17,111.26,67.1,Universal Analysis Mode,Warning,Maintenance inspection recommended soon.
YEM,887,2012,8402593.64,83.75,111.67,65.74,Universal Analysis Mode,Warning,Maintenance inspection recommended soon.
YEM,887,2013,6508791.77,80.32,108.66,60.2,Universal Analysis Mode,Warning,Maintenance inspection recommended soon.
YEM,887,2014,6229638.87,71.97,98.95,58.48,Universal Analysis Mode,Warning,Maintenance inspection recommended soon.
YUG,890,1932,49800.0,10.86,0.87,30.15,Universal Analysis Mode,Warning,Maintenance inspection recommended soon.
YUG,890,1933,49800.0,8.82,0.67,30.13,Universal Analysis Mode,Warning,Maintenance inspection recommended soon.
YUG,890,1934,49800.0,12.72,1.0,30.61,Universal Analysis Mode,Warning,Maintenance inspection recommended soon.
YUG,890,1935,49800.0,12.04,0.97,30.26,Universal Analysis Mode,Warning,Maintenance inspection recommended soon.
YUG,890,1936,49800.0,13.38,1.09,30.56,Universal Analysis Mode,Warning,Maintenance inspection recommended soon.
YUG,890,1937,49800.0,13.98,1.18,30.33,Universal Analysis Mode,Warning,Maintenance inspection recommended soon.
YUG,890,1938,49800.0,13.66,1.13,30.36,Universal Analysis Mode,Warning,Maintenance inspection recommended soon.
YUG,890,1939,49800.0,12.5,1.02,30.28,Universal Analysis Mode,Warning,Maintenance inspection recommended soon.
YUG,890,1940,49800.0,12.38,1.02,30.21,Universal Analysis Mode,Warning,Maintenance inspection recommended soon.
YUG,890,1941,49800.0,13.18,1.14,30.24,Universal Analysis Mode,Warning,Maintenance inspection recommended soon.
YUG,890,1942,49800.0,12.42,1.19,30.05,Universal Analysis Mode,Warning,Maintenance inspection recommended soon.
YUG,890,1943,49800.0,11.81,1.2,30.61,Universal Analysis Mode,Warning,Maintenance inspection recommended soon.
YUG,890,1944,49800.0,11.71,1.21,30.56,Universal Analysis Mode,Warning,Maintenance inspection recommended soon.
YUG,890,1945,49800.0,9.93,1.05,30.22,Universal Analysis Mode,Warning,Maintenance inspection recommended soon.
YUG,890,1946,49800.0,9.77,1.12,30.12,Universal Analysis Mode,Warning,Maintenance inspection recommended soon.
YUG,890,1947,49800.0,14.48,1.9,31.06,Universal Analysis Mode,Warning,Maintenance inspection recommended soon.
YUG,890,1948,49800.0,14.07,1.99,31.09,Universal Analysis Mode,Warning,Maintenance inspection recommended soon.
YUG,890,1949,49800.0,12.71,1.78,30.64,Universal Analysis Mode,Warning,Maintenance inspection recommended soon.
YUG,890,1950,49800.0,12.08,1.71,32.11,Universal Analysis Mode,Warning,Maintenance inspection recommended soon.
YUG,890,1951,49800.0,11.2,1.71,31.94,Universal Analysis Mode,Warning,Maintenance inspection recommended soon.
YUG,890,1952,49800.0,10.96,1.71,31.94,Universal Analysis Mode,Warning,Maintenance inspection recommended soon.
YUG,890,1953,49800.0,12.27,1.93,32.46,Universal Analysis Mode,Warning,Maintenance inspection recommended soon.
YUG,890,1954,49800.0,12.21,1.93,32.38,Universal Analysis Mode,Warning,Maintenance inspection recommended soon.
YUG,890,1955,49800.0,12.27,1.93,32.05,Universal Analysis Mode,Warning,Maintenance inspection recommended soon.
YUG,890,1956,49800.0,12.07,1.93,32.04,Universal Analysis Mode,Warning,Maintenance inspection recommended soon.
YUG,890,1957,49800.0,11.48,1.9,31.78,Universal Analysis Mode,Warning,Maintenance inspection recommended soon.
YUG,890,1958,49800.0,12.25,2.08,32.24,Universal Analysis Mode,Warning,Maintenance inspection recommended soon.
YUG,890,1959,49800.0,12.14,2.08,32.27,Universal Analysis Mode,Warning,Maintenance inspection recommended soon.
YUG,890,1960,896316.4,10.91,1.9,46.05,Universal Analysis Mode,Warning,Maintenance inspection recommended soon.
YUG,890,1961,1115416.0,10.24,1.8,46.8,Universal Analysis Mode,Warning,Maintenance inspection recommended soon.
YUG,890,1962,1334516.0,10.12,1.8,48.53,Universal Analysis Mode,Warning,Maintenance inspection recommended soon.
YUG,890,1963,1553615.0,9.99,1.8,49.25,Universal Analysis Mode,Warning,Maintenance inspection recommended soon.
YUG,890,1964,1772715.0,9.86,1.8,48.59,Universal Analysis Mode,Warning,Maintenance inspection recommended soon.
YUG,890,1965,1991814.0,9.71,1.8,49.46,Universal Analysis Mode,Warning,Maintenance inspection recommended soon.
YUG,890,1966,2240791.0,9.41,1.8,49.05,Universal Analysis Mode,Warning,Maintenance inspection recommended soon.
YUG,890,1967,2489768.0,9.16,1.8,49.11,Universal Analysis Mode,Warning,Maintenance inspection recommended soon.
YUG,890,1968,2489768.0,8.8,1.8,48.92,Universal Analysis Mode,Warning,Maintenance inspection recommended soon.
YUG,890,1969,2738745.0,8.35,1.8,49.15,Universal Analysis Mode,Warning,Maintenance inspection recommended soon.
YUG,890,1970,2987722.0,7.88,1.8,49.01,Universal Analysis Mode,Warning,Maintenance inspection recommended soon.
YUG,890,1971,2991524.8,9.41,2.24,49.91,Universal Analysis Mode,Warning,Maintenance inspection recommended soon.
YUG,890,1972,3232952.8,10.09,2.48,50.04,Universal Analysis Mode,Warning,Maintenance inspection recommended soon.
YUG,890,1973,3366352.0,12.59,3.29,50.45,Universal Analysis Mode,Warning,Maintenance inspection recommended soon.
YUG,890,1974,3493613.2,39.93,11.58,53.1,Universal Analysis Mode,Warning,Maintenance inspection recommended soon.
YUG,890,1975,3742406.8,36.44,11.53,53.41,Universal Analysis Mode,Warning,Maintenance inspection recommended soon.
YUG,890,1976,3919999.6,38.23,12.8,55.15,Universal Analysis Mode,Warning,Maintenance inspection recommended soon.
YUG,890,1977,3991746.0,39.04,13.92,56.48,Universal Analysis Mode,Warning,Maintenance inspection recommended soon.
YUG,890,1978,4117916.0,36.54,14.02,56.14,Universal Analysis Mode,Warning,Maintenance inspection recommended soon.
YUG,890,1979,4185706.8,74.02,31.61,58.97,Universal Analysis Mode,Warning,Maintenance inspection recommended soon.
YUG,890,1980,4272593.6,75.97,36.83,60.33,Universal Analysis Mode,Warning,Maintenance inspection recommended soon.
YUG,890,1981,4420042.0,67.14,35.93,60.9,Universal Analysis Mode,Warning,Maintenance inspection recommended soon.
YUG,890,1982,4384714.4,58.02,32.97,60.95,Universal Analysis Mode,Warning,Maintenance inspection recommended soon.
YUG,890,1983,4163610.0,50.39,29.55,60.39,Universal Analysis Mode,Warning,Maintenance inspection recommended soon.
YUG,890,1984,4085725.6,45.82,28.78,59.95,Universal Analysis Mode,Warning,Maintenance inspection recommended soon.
YUG,890,1985,4191708.4,43.43,27.56,59.72,Universal Analysis Mode,Warning,Maintenance inspection recommended soon.
YUG,890,1986,4182706.0,22.22,14.43,56.94,Universal Analysis Mode,Warning,Maintenance inspection recommended soon.
YUG,890,1987,3912634.0,27.46,18.44,56.03,Universal Analysis Mode,Warning,Maintenance inspection recommended soon.
YUG,890,1988,3724402.0,21.42,14.92,54.28,Universal Analysis Mode,Warning,Maintenance inspection recommended soon.
YUG,890,1989,3436052.4,24.87,18.23,54.77,Universal Analysis Mode,Warning,Maintenance inspection recommended soon.
YUG,890,1990,3182212.0,30.88,23.73,56.88,Universal Analysis Mode,Warning,Maintenance inspection recommended soon.
YUG,890,1991,1956000.0,24.95,20.0,55.74,Universal Analysis Mode,Warning,Maintenance inspection recommended soon.
YUG,890,1992,49800.0,23.39,19.32,32.77,Universal Analysis Mode,Warning,Maintenance inspection recommended soon.
YUG,890,1993,49800.0,20.01,16.97,32.36,Universal Analysis Mode,Warning,Maintenance inspection recommended soon.
YUG,890,1994,49800.0,18.26,15.82,31.79,Universal Analysis Mode,Warning,Maintenance inspection recommended soon.
YUG,890,1995,49800.0,19.1,17.02,31.72,Universal Analysis Mode,Warning,Maintenance inspection recommended soon.
YUG,890,1996,49800.0,22.48,20.67,32.48,Universal Analysis Mode,Warning,Maintenance inspection recommended soon.
YUG,890,1997,49800.0,20.38,19.09,32.29,Universal Analysis Mode,Warning,Maintenance inspection recommended soon.
YUG,890,1998,49800.0,13.62,12.72,31.26,Universal Analysis Mode,Warning,Maintenance inspection recommended soon.
YUG,890,1999,49800.0,18.56,17.97,32.0,Universal Analysis Mode,Warning,Maintenance inspection recommended soon.
YUG,890,2000,49800.0,28.5,28.5,35.16,Universal Analysis Mode,Warning,Maintenance inspection recommended soon.
YUG,890,2001,49800.0,23.7,24.44,35.09,Universal Analysis Mode,Warning,Maintenance inspection recommended soon.
YUG,890,2002,49800.0,23.72,25.02,34.67,Universal Analysis Mode,Warning,Maintenance inspection recommended soon.
YUG,890,2003,49800.0,26.54,28.83,36.77,Universal Analysis Mode,Warning,Maintenance inspection recommended soon.
YUG,890,2004,49800.0,34.3,38.26,37.26,Universal Analysis Mode,Warning,Maintenance inspection recommended soon.
YUG,890,2005,49800.0,47.26,54.52,38.51,Universal Analysis Mode,Warning,Maintenance inspection recommended soon.
YUG,890,2006,49800.0,55.37,65.14,37.92,Universal Analysis Mode,Warning,Maintenance inspection recommended soon.
YUG,890,2007,49800.0,60.12,72.39,37.87,Universal Analysis Mode,Warning,Maintenance inspection recommended soon.
YUG,890,2008,49800.0,77.79,97.26,38.53,Universal Analysis Mode,Warning,Maintenance inspection recommended soon.
YUG,890,2009,49800.0,49.5,61.67,35.41,Universal Analysis Mode,Warning,Maintenance inspection recommended soon.
YUG,890,2010,49800.0,62.78,79.5,36.17,Universal Analysis Mode,Warning,Maintenance inspection recommended soon.
YUG,890,2011,49800.0,85.17,111.26,35.63,Universal Analysis Mode,Warning,Maintenance inspection recommended soon.
YUG,890,2012,49800.0,83.75,111.67,34.5,Universal Analysis Mode,Warning,Maintenance inspection recommended soon.
YUG,890,2013,49800.0,80.32,108.66,34.73,Universal Analysis Mode,Warning,Maintenance inspection recommended soon.
YUG,890,2014,49800.0,71.97,98.95,35.77,Universal Analysis Mode,Warning,Maintenance inspection recommended soon.
ZMB,894,1932,49800.0,10.86,0.87,30.17,Universal Analysis Mode,Warning,Maintenance inspection recommended soon.
ZMB,894,1933,49800.0,8.82,0.67,30.15,Universal Analysis Mode,Warning,Maintenance inspection recommended soon.
ZMB,894,1934,49800.0,12.72,1.0,30.63,Universal Analysis Mode,Warning,Maintenance inspection recommended soon.
ZMB,894,1935,49800.0,12.04,0.97,30.28,Universal Analysis Mode,Warning,Maintenance inspection recommended soon.
ZMB,894,1936,49800.0,13.38,1.09,30.58,Universal Analysis Mode,Warning,Maintenance inspection recommended soon.
ZMB,894,1937,49800.0,13.98,1.18,30.35,Universal Analysis Mode,Warning,Maintenance inspection recommended soon.
ZMB,894,1938,49800.0,13.66,1.13,30.38,Universal Analysis Mode,Warning,Maintenance inspection recommended soon.
ZMB,894,1939,49800.0,12.5,1.02,30.3,Universal Analysis Mode,Warning,Maintenance inspection recommended soon.
ZMB,894,1940,49800.0,12.38,1.02,30.23,Universal Analysis Mode,Warning,Maintenance inspection recommended soon.
ZMB,894,1941,49800.0,13.18,1.14,30.26,Universal Analysis Mode,Warning,Maintenance inspection recommended soon.
ZMB,894,1942,49800.0,12.42,1.19,30.07,Universal Analysis Mode,Warning,Maintenance inspection recommended soon.
ZMB,894,1943,49800.0,11.81,1.2,29.82,Universal Analysis Mode,Healthy,Machine is safe. Continue regular monitoring.
ZMB,894,1944,49800.0,11.71,1.21,29.77,Universal Analysis Mode,Healthy,Machine is safe. Continue regular monitoring.
ZMB,894,1945,49800.0,9.93,1.05,29.43,Universal Analysis Mode,Healthy,Machine is safe. Continue regular monitoring.
ZMB,894,1946,49800.0,9.77,1.12,29.32,Universal Analysis Mode,Healthy,Machine is safe. Continue regular monitoring.
ZMB,894,1947,49800.0,14.48,1.9,30.27,Universal Analysis Mode,Warning,Maintenance inspection recommended soon.
ZMB,894,1948,49800.0,14.07,1.99,30.3,Universal Analysis Mode,Warning,Maintenance inspection recommended soon.
ZMB,894,1949,49800.0,12.71,1.78,29.85,Universal Analysis Mode,Healthy,Machine is safe. Continue regular monitoring.
ZMB,894,1950,49800.0,12.08,1.71,29.04,Universal Analysis Mode,Healthy,Machine is safe. Continue regular monitoring.
ZMB,894,1951,49800.0,11.2,1.71,28.85,Universal Analysis Mode,Healthy,Machine is safe. Continue regular monitoring.
ZMB,894,1952,49800.0,10.96,1.71,28.84,Universal Analysis Mode,Healthy,Machine is safe. Continue regular monitoring.
ZMB,894,1953,49800.0,12.27,1.93,29.35,Universal Analysis Mode,Healthy,Machine is safe. Continue regular monitoring.
ZMB,894,1954,49800.0,12.21,1.93,29.25,Universal Analysis Mode,Healthy,Machine is safe. Continue regular monitoring.
ZMB,894,1955,49800.0,12.27,1.93,28.91,Universal Analysis Mode,Healthy,Machine is safe. Continue regular monitoring.
ZMB,894,1956,49800.0,12.07,1.93,28.9,Universal Analysis Mode,Healthy,Machine is safe. Continue regular monitoring.
ZMB,894,1957,49800.0,11.48,1.9,28.64,Universal Analysis Mode,Healthy,Machine is safe. Continue regular monitoring.
ZMB,894,1958,49800.0,12.25,2.08,29.09,Universal Analysis Mode,Healthy,Machine is safe. Continue regular monitoring.
ZMB,894,1959,49800.0,12.14,2.08,29.12,Universal Analysis Mode,Healthy,Machine is safe. Continue regular monitoring.
ZMB,894,1960,49800.0,10.91,1.9,29.06,Universal Analysis Mode,Healthy,Machine is safe. Continue regular monitoring.
ZMB,894,1961,49800.0,10.24,1.8,29.0,Universal Analysis Mode,Healthy,Machine is safe. Continue regular monitoring.
ZMB,894,1962,49800.0,10.12,1.8,29.87,Universal Analysis Mode,Healthy,Machine is safe. Continue regular monitoring.
ZMB,894,1963,49800.0,9.99,1.8,29.7,Universal Analysis Mode,Healthy,Machine is safe. Continue regular monitoring.
ZMB,894,1964,0.0,9.86,1.8,25.26,Universal Analysis Mode,Healthy,Machine is safe. Continue regular monitoring.
ZMB,894,1965,0.0,9.71,1.8,25.87,Universal Analysis Mode,Healthy,Machine is safe. Continue regular monitoring.
ZMB,894,1966,0.0,9.41,1.8,25.23,Universal Analysis Mode,Healthy,Machine is safe. Continue regular monitoring.
ZMB,894,1967,0.0,9.16,1.8,25.11,Universal Analysis Mode,Healthy,Machine is safe. Continue regular monitoring.
ZMB,894,1968,0.0,8.8,1.8,24.88,Universal Analysis Mode,Healthy,Machine is safe. Continue regular monitoring.
ZMB,894,1969,0.0,8.35,1.8,25.0,Universal Analysis Mode,Healthy,Machine is safe. Continue regular monitoring.
ZMB,894,1970,0.0,7.88,1.8,24.75,Universal Analysis Mode,Healthy,Machine is safe. Continue regular monitoring.
ZMB,894,1971,0.0,9.41,2.24,25.1,Universal Analysis Mode,Healthy,Machine is safe. Continue regular monitoring.
ZMB,894,1972,0.0,10.09,2.48,25.12,Universal Analysis Mode,Healthy,Machine is safe. Continue regular monitoring.
ZMB,894,1973,0.0,12.59,3.29,25.36,Universal Analysis Mode,Healthy,Machine is safe. Continue regular monitoring.
ZMB,894,1974,0.0,39.93,11.58,27.24,Universal Analysis Mode,Healthy,Machine is safe. Continue regular monitoring.
ZMB,894,1975,0.0,36.44,11.53,27.5,Universal Analysis Mode,Healthy,Machine is safe. Continue regular monitoring.
ZMB,894,1976,0.0,38.23,12.8,29.1,Universal Analysis Mode,Healthy,Machine is safe. Continue regular monitoring.
ZMB,894,1977,0.0,39.04,13.92,30.3,Universal Analysis Mode,Warning,Maintenance inspection recommended soon.
ZMB,894,1978,0.0,36.54,14.02,29.97,Universal Analysis Mode,Healthy,Machine is safe. Continue regular monitoring.
ZMB,894,1979,0.0,74.02,31.61,32.35,Universal Analysis Mode,Warning,Maintenance inspection recommended soon.
ZMB,894,1980,0.0,75.97,36.83,33.58,Universal Analysis Mode,Warning,Maintenance inspection recommended soon.
ZMB,894,1981,0.0,67.14,35.93,34.06,Universal Analysis Mode,Warning,Maintenance inspection recommended soon.
ZMB,894,1982,0.0,58.02,32.97,34.15,Universal Analysis Mode,Warning,Maintenance inspection recommended soon.
ZMB,894,1983,0.0,50.39,29.55,34.15,Universal Analysis Mode,Warning,Maintenance inspection recommended soon.
ZMB,894,1984,0.0,45.82,28.78,34.08,Universal Analysis Mode,Warning,Maintenance inspection recommended soon.
ZMB,894,1985,0.0,43.43,27.56,33.84,Universal Analysis Mode,Warning,Maintenance inspection recommended soon.
ZMB,894,1986,0.0,22.22,14.43,28.77,Universal Analysis Mode,Healthy,Machine is safe. Continue regular monitoring.
ZMB,894,1987,0.0,27.46,18.44,27.85,Universal Analysis Mode,Healthy,Machine is safe. Continue regular monitoring.
ZMB,894,1988,0.0,21.42,14.92,26.32,Universal Analysis Mode,Healthy,Machine is safe. Continue regular monitoring.
ZMB,894,1989,0.0,24.87,18.23,26.79,Universal Analysis Mode,Healthy,Machine is safe. Continue regular monitoring.
ZMB,894,1990,0.0,30.88,23.73,28.09,Universal Analysis Mode,Healthy,Machine is safe. Continue regular monitoring.
ZMB,894,1991,0.0,24.95,20.0,28.04,Universal Analysis Mode,Healthy,Machine is safe. Continue regular monitoring.
ZMB,894,1992,0.0,23.39,19.32,26.52,Universal Analysis Mode,Healthy,Machine is safe. Continue regular monitoring.
ZMB,894,1993,0.0,20.01,16.97,26.19,Universal Analysis Mode,Healthy,Machine is safe. Continue regular monitoring.
ZMB,894,1994,0.0,18.26,15.82,25.67,Universal Analysis Mode,Healthy,Machine is safe. Continue regular monitoring.
ZMB,894,1995,0.0,19.1,17.02,25.62,Universal Analysis Mode,Healthy,Machine is safe. Continue regular monitoring.
ZMB,894,1996,0.0,22.48,20.67,26.4,Universal Analysis Mode,Healthy,Machine is safe. Continue regular monitoring.
ZMB,894,1997,0.0,20.38,19.09,26.25,Universal Analysis Mode,Healthy,Machine is safe. Continue regular monitoring.
ZMB,894,1998,0.0,13.62,12.72,25.27,Universal Analysis Mode,Healthy,Machine is safe. Continue regular monitoring.
ZMB,894,1999,0.0,18.56,17.97,26.09,Universal Analysis Mode,Healthy,Machine is safe. Continue regular monitoring.
ZMB,894,2000,0.0,28.5,28.5,29.34,Universal Analysis Mode,Healthy,Machine is safe. Continue regular monitoring.
ZMB,894,2001,0.0,23.7,24.44,29.22,Universal Analysis Mode,Healthy,Machine is safe. Continue regular monitoring.
ZMB,894,2002,0.0,23.72,25.02,28.83,Universal Analysis Mode,Healthy,Machine is safe. Continue regular monitoring.
ZMB,894,2003,0.0,26.54,28.83,30.93,Universal Analysis Mode,Warning,Maintenance inspection recommended soon.
ZMB,894,2004,0.0,34.3,38.26,31.43,Universal Analysis Mode,Warning,Maintenance inspection recommended soon.
ZMB,894,2005,0.0,47.26,54.52,32.66,Universal Analysis Mode,Warning,Maintenance inspection recommended soon.
ZMB,894,2006,0.0,55.37,65.14,32.08,Universal Analysis Mode,Warning,Maintenance inspection recommended soon.
ZMB,894,2007,0.0,60.12,72.39,32.05,Universal Analysis Mode,Warning,Maintenance inspection recommended soon.
ZMB,894,2008,0.0,77.79,97.26,32.73,Universal Analysis Mode,Warning,Maintenance inspection recommended soon.
ZMB,894,2009,0.0,49.5,61.67,29.71,Universal Analysis Mode,Healthy,Machine is safe. Continue regular monitoring.
ZMB,894,2010,0.0,62.78,79.5,29.8,Universal Analysis Mode,Healthy,Machine is safe. Continue regular monitoring.
ZMB,894,2011,0.0,85.17,111.26,29.24,Universal Analysis Mode,Healthy,Machine is safe. Continue regular monitoring.
ZMB,894,2012,0.0,83.75,111.67,28.13,Universal Analysis Mode,Healthy,Machine is safe. Continue regular monitoring.
ZMB,894,2013,0.0,80.32,108.66,31.89,Universal Analysis Mode,Warning,Maintenance inspection recommended soon.
ZMB,894,2014,0.0,71.97,98.95,32.95,Universal Analysis Mode,Warning,Maintenance inspection recommended soon.
ZWE,716,1932,49800.0,10.86,0.87,29.75,Universal Analysis Mode,Healthy,Machine is safe. Continue regular monitoring.
ZWE,716,1933,49800.0,8.82,0.67,29.73,Universal Analysis Mode,Healthy,Machine is safe. Continue regular monitoring.
ZWE,716,1934,49800.0,12.72,1.0,30.21,Universal Analysis Mode,Warning,Maintenance inspection recommended soon.
ZWE,716,1935,49800.0,12.04,0.97,29.86,Universal Analysis Mode,Healthy,Machine is safe. Continue regular monitoring.
ZWE,716,1936,49800.0,13.38,1.09,30.16,Universal Analysis Mode,Warning,Maintenance inspection recommended soon.
ZWE,716,1937,49800.0,13.98,1.18,29.93,Universal Analysis Mode,Healthy,Machine is safe. Continue regular monitoring.
ZWE,716,1938,49800.0,13.66,1.13,29.96,Universal Analysis Mode,Healthy,Machine is safe. Continue regular monitoring.
ZWE,716,1939,49800.0,12.5,1.02,29.89,Universal Analysis Mode,Healthy,Machine is safe. Continue regular monitoring.
ZWE,716,1940,49800.0,12.38,1.02,29.81,Universal Analysis Mode,Healthy,Machine is safe. Continue regular monitoring.
ZWE,716,1941,49800.0,13.18,1.14,29.84,Universal Analysis Mode,Healthy,Machine is safe. Continue regular monitoring.
ZWE,716,1942,49800.0,12.42,1.19,29.65,Universal Analysis Mode,Healthy,Machine is safe. Continue regular monitoring.
ZWE,716,1943,49800.0,11.81,1.2,29.4,Universal Analysis Mode,Healthy,Machine is safe. Continue regular monitoring.
ZWE,716,1944,49800.0,11.71,1.21,29.36,Universal Analysis Mode,Healthy,Machine is safe. Continue regular monitoring.
ZWE,716,1945,49800.0,9.93,1.05,29.01,Universal Analysis Mode,Healthy,Machine is safe. Continue regular monitoring.
ZWE,716,1946,49800.0,9.77,1.12,28.91,Universal Analysis Mode,Healthy,Machine is safe. Continue regular monitoring.
ZWE,716,1947,49800.0,14.48,1.9,29.86,Universal Analysis Mode,Healthy,Machine is safe. Continue regular monitoring.
ZWE,716,1948,49800.0,14.07,1.99,29.88,Universal Analysis Mode,Healthy,Machine is safe. Continue regular monitoring.
ZWE,716,1949,49800.0,12.71,1.78,29.43,Universal Analysis Mode,Healthy,Machine is safe. Continue regular monitoring.
ZWE,716,1950,49800.0,12.08,1.71,28.66,Universal Analysis Mode,Healthy,Machine is safe. Continue regular monitoring.
ZWE,716,1951,49800.0,11.2,1.71,28.48,Universal Analysis Mode,Healthy,Machine is safe. Continue regular monitoring.
ZWE,716,1952,49800.0,10.96,1.71,28.48,Universal Analysis Mode,Healthy,Machine is safe. Continue regular monitoring.
ZWE,716,1953,49800.0,12.27,1.93,29.0,Universal Analysis Mode,Healthy,Machine is safe. Continue regular monitoring.
ZWE,716,1954,49800.0,12.21,1.93,28.9,Universal Analysis Mode,Healthy,Machine is safe. Continue regular monitoring.
ZWE,716,1955,49800.0,12.27,1.93,28.56,Universal Analysis Mode,Healthy,Machine is safe. Continue regular monitoring.
ZWE,716,1956,49800.0,12.07,1.93,28.55,Universal Analysis Mode,Healthy,Machine is safe. Continue regular monitoring.
ZWE,716,1957,49800.0,11.48,1.9,28.29,Universal Analysis Mode,Healthy,Machine is safe. Continue regular monitoring.
ZWE,716,1958,49800.0,12.25,2.08,28.74,Universal Analysis Mode,Healthy,Machine is safe. Continue regular monitoring.
ZWE,716,1959,49800.0,12.14,2.08,28.77,Universal Analysis Mode,Healthy,Machine is safe. Continue regular monitoring.
ZWE,716,1960,49800.0,10.91,1.9,28.71,Universal Analysis Mode,Healthy,Machine is safe. Continue regular monitoring.
ZWE,716,1961,49800.0,10.24,1.8,28.66,Universal Analysis Mode,Healthy,Machine is safe. Continue regular monitoring.
ZWE,716,1962,49800.0,10.12,1.8,29.54,Universal Analysis Mode,Healthy,Machine is safe. Continue regular monitoring.
ZWE,716,1963,49800.0,9.99,1.8,29.37,Universal Analysis Mode,Healthy,Machine is safe. Continue regular monitoring.
ZWE,716,1964,49800.0,9.86,1.8,28.47,Universal Analysis Mode,Healthy,Machine is safe. Continue regular monitoring.
ZWE,716,1965,0.0,9.71,1.8,25.55,Universal Analysis Mode,Healthy,Machine is safe. Continue regular monitoring.
ZWE,716,1966,0.0,9.41,1.8,24.9,Universal Analysis Mode,Healthy,Machine is safe. Continue regular monitoring.
ZWE,716,1967,0.0,9.16,1.8,24.79,Universal Analysis Mode,Healthy,Machine is safe. Continue regular monitoring.
ZWE,716,1968,0.0,8.8,1.8,24.56,Universal Analysis Mode,Healthy,Machine is safe. Continue regular monitoring.
ZWE,716,1969,0.0,8.35,1.8,24.68,Universal Analysis Mode,Healthy,Machine is safe. Continue regular monitoring.
ZWE,716,1970,0.0,7.88,1.8,24.43,Universal Analysis Mode,Healthy,Machine is safe. Continue regular monitoring.
ZWE,716,1971,0.0,9.41,2.24,24.76,Universal Analysis Mode,Healthy,Machine is safe. Continue regular monitoring.
ZWE,716,1972,0.0,10.09,2.48,24.78,Universal Analysis Mode,Healthy,Machine is safe. Continue regular monitoring.
ZWE,716,1973,0.0,12.59,3.29,25.0,Universal Analysis Mode,Healthy,Machine is safe. Continue regular monitoring.
ZWE,716,1974,0.0,39.93,11.58,26.88,Universal Analysis Mode,Healthy,Machine is safe. Continue regular monitoring.
ZWE,716,1975,0.0,36.44,11.53,27.53,Universal Analysis Mode,Healthy,Machine is safe. Continue regular monitoring.
ZWE,716,1976,0.0,38.23,12.8,29.41,Universal Analysis Mode,Healthy,Machine is safe. Continue regular monitoring.
ZWE,716,1977,0.0,39.04,13.92,30.63,Universal Analysis Mode,Warning,Maintenance inspection recommended soon.
ZWE,716,1978,0.0,36.54,14.02,30.31,Universal Analysis Mode,Warning,Maintenance inspection recommended soon.
ZWE,716,1979,0.0,74.02,31.61,32.7,Universal Analysis Mode,Warning,Maintenance inspection recommended soon.
ZWE,716,1980,0.0,75.97,36.83,33.98,Universal Analysis Mode,Warning,Maintenance inspection recommended soon.
ZWE,716,1981,0.0,67.14,35.93,34.5,Universal Analysis Mode,Warning,Maintenance inspection recommended soon.
ZWE,716,1982,0.0,58.02,32.97,34.62,Universal Analysis Mode,Warning,Maintenance inspection recommended soon.
ZWE,716,1983,0.0,50.39,29.55,34.26,Universal Analysis Mode,Warning,Maintenance inspection recommended soon.
ZWE,716,1984,0.0,45.82,28.78,33.93,Universal Analysis Mode,Warning,Maintenance inspection recommended soon.
ZWE,716,1985,0.0,43.43,27.56,33.71,Universal Analysis Mode,Warning,Maintenance inspection recommended soon.
ZWE,716,1986,0.0,22.22,14.43,31.35,Universal Analysis Mode,Warning,Maintenance inspection recommended soon.
ZWE,716,1987,0.0,27.46,18.44,30.47,Universal Analysis Mode,Warning,Maintenance inspection recommended soon.
ZWE,716,1988,0.0,21.42,14.92,28.93,Universal Analysis Mode,Healthy,Machine is safe. Continue regular monitoring.
ZWE,716,1989,0.0,24.87,18.23,29.43,Universal Analysis Mode,Healthy,Machine is safe. Continue regular monitoring.
ZWE,716,1990,0.0,30.88,23.73,31.45,Universal Analysis Mode,Warning,Maintenance inspection recommended soon.
ZWE,716,1991,0.0,24.95,20.0,31.37,Universal Analysis Mode,Warning,Maintenance inspection recommended soon.
ZWE,716,1992,0.0,23.39,19.32,29.88,Universal Analysis Mode,Healthy,Machine is safe. Continue regular monitoring.
ZWE,716,1993,0.0,20.01,16.97,29.49,Universal Analysis Mode,Healthy,Machine is safe. Continue regular monitoring.
ZWE,716,1994,0.0,18.26,15.82,28.94,Universal Analysis Mode,Healthy,Machine is safe. Continue regular monitoring.
ZWE,716,1995,0.0,19.1,17.02,28.87,Universal Analysis Mode,Healthy,Machine is safe. Continue regular monitoring.
ZWE,716,1996,0.0,22.48,20.67,29.66,Universal Analysis Mode,Healthy,Machine is safe. Continue regular monitoring.
ZWE,716,1997,0.0,20.38,19.09,29.49,Universal Analysis Mode,Healthy,Machine is safe. Continue regular monitoring.
ZWE,716,1998,0.0,13.62,12.72,28.47,Universal Analysis Mode,Healthy,Machine is safe. Continue regular monitoring.
ZWE,716,1999,0.0,18.56,17.97,29.22,Universal Analysis Mode,Healthy,Machine is safe. Continue regular monitoring.
ZWE,716,2000,0.0,28.5,28.5,32.39,Universal Analysis Mode,Warning,Maintenance inspection recommended soon.
ZWE,716,2001,0.0,23.7,24.44,32.33,Universal Analysis Mode,Warning,Maintenance inspection recommended soon.
ZWE,716,2002,0.0,23.72,25.02,31.91,Universal Analysis Mode,Warning,Maintenance inspection recommended soon.
ZWE,716,2003,0.0,26.54,28.83,34.0,Universal Analysis Mode,Warning,Maintenance inspection recommended soon.
ZWE,716,2004,0.0,34.3,38.26,34.49,Universal Analysis Mode,Warning,Maintenance inspection recommended soon.
ZWE,716,2005,0.0,47.26,54.52,35.72,Universal Analysis Mode,Warning,Maintenance inspection recommended soon.
ZWE,716,2006,0.0,55.37,65.14,35.13,Universal Analysis Mode,Warning,Maintenance inspection recommended soon.
ZWE,716,2007,0.0,60.12,72.39,35.07,Universal Analysis Mode,Warning,Maintenance inspection recommended soon.
ZWE,716,2008,0.0,77.79,97.26,35.71,Universal Analysis Mode,Warning,Maintenance inspection recommended soon.
ZWE,716,2009,0.0,49.5,61.67,32.65,Universal Analysis Mode,Warning,Maintenance inspection recommended soon.
ZWE,716,2010,0.0,62.78,79.5,32.81,Universal Analysis Mode,Warning,Maintenance inspection recommended soon.
ZWE,716,2011,0.0,85.17,111.26,32.28,Universal Analysis Mode,Warning,Maintenance inspection recommended soon.
ZWE,716,2012,0.0,83.75,111.67,31.19,Universal Analysis Mode,Warning,Maintenance inspection recommended soon.
ZWE,716,2013,0.0,80.32,108.66,31.45,Universal Analysis Mode,Warning,Maintenance inspection recommended soon.
ZWE,716,2014,0.0,71.97,98.95,32.51,Universal Analysis Mode,Warning,Maintenance inspection recommended soon.
